PCA_1,PCA_2,PCA_3,effort_D
0.18551014430769017,0.3315956191742616,0.47161437399654915,0.76169467
0.20318202612575942,0.26312766658045633,0.5151548648023966,0.8256383
0.025204116625925366,0.37909508802831493,0.474994803978116,0.82726103
0.20799181893479995,0.4430242672324988,0.490777004298495,0.6013036
0.2711362767522323,0.6214370268416277,0.5531901476663399,0.50291765
0.03992524418213797,0.4607104685772032,0.5262274021962333,0.7157494
1.0,0.0,0.8109130001466978,0.71364737
0.04261990077233313,0.3845713587490596,0.4816501054684483,0.81171644
0.051401579531598046,0.3586419448021827,0.46196304962564133,0.8417398
0.3303972733697782,0.6188961963619135,0.6014348340392484,0.4159125
0.11709896078870707,0.34460792922144773,0.4920203412866742,0.75300467
0.22113489909189932,0.4859247530364404,0.4794944774690615,0.614655
0.042097695477267244,0.3656720840526069,0.4814300955841044,0.8245248
0.06792454828525532,0.4902454658368997,0.47843849112389886,0.7091522
0.34989161497013177,0.2998716086455924,0.5675282471117169,0.5823534
0.03290610776649175,0.4269527621083107,0.5227214380246049,0.7661723
0.2550882945356364,0.6610939653300024,0.688942039018974,0.5443641
0.3328413231128685,0.5236507756153985,0.2964219930231711,0.66176605
0.07329736002649384,0.504588073948858,0.5383550908447635,0.6812769
0.664482560716696,0.09243107749161383,0.7286144364293118,0.75407404
0.09163620180203755,0.4223888279039717,0.5151818015178592,0.7076705
0.4391788471101453,0.24264967142539945,0.42752495024097203,0.847995
0.1647882042726559,0.4233714638057222,0.46564190655898646,0.71437407
0.21453158517504523,0.31011815586296815,0.4315308999208227,0.7983986
0.19726006960941342,0.6197651840241933,0.6410264180687757,0.5145545
0.029489940415260624,0.43164389799885877,0.4961115827776074,0.760275
0.12317405798116415,0.38358335813698907,0.4538364686930466,0.7610699
0.32006668510276404,0.24473163764893874,0.6976864346202903,0.6445136
0.13299780403041506,0.4681833918949931,0.6716017195493594,0.76089525
0.5151350558822034,0.6297651411258889,0.36407841058897683,0.41755557
0.07915302873524924,0.3332552022681588,0.44511336575035093,0.86171824
0.2721782082580116,0.23758316057325474,0.550510538733274,0.81001145
0.15147646663158143,0.43682283992199245,0.4449965881874034,0.7066766
0.004092033741458778,0.4362063151652654,0.5504648686813952,0.69881815
0.3179152181540069,0.41326426289516915,0.3923227921580809,0.70141757
0.17757415602364104,0.4690059414214333,0.3871049280831944,0.7473067
0.0910246904464025,0.5364214272584075,0.5732112394404876,0.6851231
0.0838496502954858,0.35374323649772726,0.4854322811229119,0.81051713
0.03674513522646328,0.37832276336582393,0.49340962959811085,0.80528134
0.1495129655636869,0.5482330564454404,0.5096476333561087,0.6170269
0.20031538129586446,0.25810172779931995,0.5796015531952864,0.78888875
0.10443233760904244,0.3385542328228222,0.5285011252701083,0.7820798
0.23604199765109038,0.46529023707783523,0.44013409640117984,0.6746701
0.08197896743219546,0.39687912849504714,0.49174426692640705,0.7497767
0.05958864774808639,0.40904306335412544,0.43432204940785624,0.8522853
0.032912325981084456,0.37588428471007074,0.48541919494334385,0.8231596
0.2510620407412851,0.4218535649008755,0.2610058231182972,0.82053494
0.2524043250527095,0.4801140683903504,0.46408786036560995,0.60769784
0.053261174782460174,0.3623403001263679,0.5132835508823843,0.79607195
0.015356655485024545,0.38963891678110735,0.46947455816933686,0.82105494
0.6630638685884582,0.40465402583255083,0.188267765685937,0.6804586
0.019236374152198393,0.42615309677538793,0.49228321115691587,0.76973504
0.47069021607800315,0.17746644570266001,0.5840430985045896,0.79565156
0.031203406256074123,0.3920033237238308,0.4686924125033162,0.81233954
0.23192124509571269,0.5319345496603795,0.5542988387307751,0.51344323
0.06964568426644963,0.4216655256602071,0.4702076503230257,0.74157315
0.34626770771308635,0.4686788690373901,0.32696263301414047,0.61780906
0.16823630447381152,0.4465081831087777,0.47137878380704085,0.62856543
0.341803630353232,0.7302080420885573,0.7292958313922502,0.43191987
0.16281917502436466,0.4421152634045127,0.33866009738112957,0.76632255
0.23816266111981343,0.4646212581569694,0.414351270414952,0.64114153
0.597330254753233,0.4784438453272037,0.1472992243564627,0.68386054
0.26528616035361186,0.5635612461974056,0.6683862033563452,0.42510217
0.2527214133488227,0.5859017859324352,0.5354163553035391,0.5078545
0.3536857598163775,0.19414583289316342,0.6044649159928338,0.79477763
0.7114169476313553,0.13323491185976966,0.7023973088480904,0.602366
0.17334346258710664,0.41568149714209524,0.43985957994671443,0.726049
0.04082557549365998,0.3880313143395625,0.47708027642292794,0.814111
0.22157956322710867,0.6215509679280302,0.5942552760793578,0.5185219
0.04899798891530946,0.3662055470859975,0.5074845366918924,0.81107986
0.7008820888698489,0.11377220540977767,0.6547064059180762,0.73770213
0.05223096748610623,0.35689449955809394,0.48491870068560294,0.8261283
0.03394930236918345,0.34667095735055287,0.5523481964367293,0.81749713
0.10427968149960841,0.44213945538598,0.4535154455121124,0.7302607
0.11515451970995108,0.5233912762177817,0.5313157588331556,0.6177648
0.057635163796840916,0.399103274290297,0.48696999830878585,0.7686872
0.1261257340684686,0.5154265350055476,0.4954588508824047,0.644694
0.22224040110924723,0.4377360766734642,0.33607359604268505,0.73806137
0.09797085098571871,0.34355226920541243,0.5117734885198367,0.742079
0.2910559540394425,0.23207020524824218,0.6935460843179434,0.7477125
0.08289223111927815,0.5268739250194541,0.5341551453271347,0.66988707
0.2052372684656233,0.5580163915567597,0.5489912375156312,0.5393591
0.04465124053141015,0.4469337949103246,0.5149524653141994,0.70872974
0.33189476622729835,0.4141162365447513,0.36477154222318275,0.6811479
0.014452963311292283,0.46616472235080464,0.5367738236812494,0.7363986
0.5236231292578634,0.23766124198913358,0.4644631512081301,0.7598215
0.12213754003000134,0.5369497335579799,0.5307658083626883,0.621352
0.26260174762972055,0.43009825426881465,0.41248284587346606,0.71592563
0.1035861769511816,0.39818364945537327,0.5116148076277374,0.68101054
0.17658558620943568,0.5544432810746736,0.5468010959078482,0.5616753
0.2589732457924353,0.38658736987145187,0.4140848513708739,0.75864667
0.16701076399718723,0.43222611844163145,0.3667635078968751,0.7633072
0.26607367992802533,0.24334810422028472,0.6440189876417457,0.7621703
0.07417533555690581,0.5040108013248747,0.5395915353863124,0.6576376
0.07774822190693839,0.46463347047915754,0.5448435303026615,0.68826425
0.2780101396386428,0.31846461254043806,0.4199550426017514,0.81411946
0.06685708107679006,0.3773562458777117,0.5083202969397372,0.80483687
0.07003297323342916,0.39436766686477664,0.4223183587574965,0.81476045
0.23057121984056103,0.5774340504489428,0.5359239103214262,0.5402333
0.0706066461875248,0.3740915346393234,0.47232629050309916,0.8116058
0.03275355059853288,0.36546736086831644,0.4826538687520947,0.8395712
0.09504998411452197,0.36730506896681353,0.3725250625080272,0.8906847
0.06491180555555959,0.472875874734544,0.465217760733846,0.73097205
0.030697619227924577,0.4645393560544549,0.5119286221817807,0.71506685
0.1275790732985055,0.33145453190192786,0.4816999393409837,0.78203577
0.2578046915759513,0.23133927996516307,0.5652628056187172,0.8154986
0.030318982315993226,0.4000544597492254,0.49482384419425574,0.806544
0.5810192384861431,0.28219047485209275,0.3811780443666794,0.76869214
0.05746098387526896,0.41674905744972107,0.4904403146390782,0.7833673
0.20459791714547312,0.32355398291876025,0.4772061833957332,0.7639415
0.15241640923345562,0.49016154618355323,0.4564655007828358,0.6625091
0.07751655082195374,0.3322865854350237,0.4903027973573321,0.8405476
0.2519025561844818,0.5482689730129578,0.4693387914470446,0.59002304
0.18463562252652405,0.5111013031311594,0.48948864372045703,0.598701
0.17368775428982458,0.3245275691255012,0.4557744203483703,0.7878604
0.21594758462538285,0.25123541758441703,0.6218445980472136,0.78939986
0.20389976592227282,0.6323905295846393,0.6427294682461451,0.56540924
0.4457048897466005,0.3092093841484236,0.41452485965044117,0.73920476
0.387246622204954,0.3108372922925475,0.4635748753970925,0.7167772
0.29844717680386956,0.4783416083092939,0.35581629633105155,0.6842599
0.20961848019078289,0.27275798514816224,0.5311591829713433,0.81171644
0.3925938466062965,0.21481927418091923,0.5149836458979672,0.8197783
0.1404704636275922,0.5875490530858527,0.5869981990961687,0.6151978
0.3083783227534155,0.30029909275050143,0.42657156302687127,0.78399044
0.12259147674867396,0.4840352111311852,0.5348102568273352,0.6139116
0.07762639875982205,0.3982454989362952,0.4726974830034971,0.7889204
0.063495515346604,0.4302062840547799,0.6001612317397633,0.7265051
0.19554597052638387,0.2818617078631536,0.43300099709202455,0.9095185
0.09810697590063994,0.3873071393419951,0.5305405394652166,0.79405844
0.012761129932329779,0.39528382361575226,0.5035677725198224,0.799413
0.1667958686847808,0.27315977374726086,0.4907687215380389,0.83355343
0.23158071793225132,0.23371167114746866,0.6708235605866736,0.7736657
0.11206297453232049,0.312771069519572,0.5549043097172938,0.79119086
0.03607778250989199,0.34225497071556865,0.5774508118738134,0.77832043
0.013814823299816925,0.4074491548664153,0.4887408787266812,0.79668653
0.1521165476761276,0.32101656706385195,0.48290190728242155,0.7889544
0.06681470073443538,0.33558908792562037,0.5095356914984794,0.8365344
0.20358579427138074,0.5727351489695771,0.556125249637687,0.5856214
0.09552426113045094,0.40056013450744676,0.4840033007809151,0.73984987
0.046781052121983496,0.35062400355733514,0.48033368330214893,0.8266969
0.10675673105601957,0.446226674507836,0.5105146747863095,0.6714227
0.06623274980935356,0.5242742871172223,0.5339725801330667,0.68760264
0.1651958212180195,0.4113358307673781,0.5003541688639213,0.6733711
0.13013847943624524,0.3530811314692575,0.4095003060445003,0.84105456
0.10697967096381243,0.30550334321270534,0.4918571258118977,0.8413258
0.18244172060033537,0.4032752651085157,0.2885954761189713,0.8365139
0.2287161176281745,0.2421638808650235,0.5167694052554573,0.85351515
0.3698333368299954,0.5489450782884979,0.42758374424413703,0.47588748
0.157194523793957,0.5047095632501134,0.510657981361261,0.6243943
0.10918533440707591,0.40756441282684003,0.45002411485747434,0.7417208
0.06015533897966463,0.40362423065549385,0.47987414435018866,0.7654132
0.23030473861267878,0.45261226538896143,0.3394534796880174,0.7342423
0.35511152692100856,0.304132604327413,0.48259682146566407,0.7337082
0.07254023287712805,0.41566605602305,0.42536084464502727,0.78260106
0.13486386214397572,0.43806685273912194,0.5126166669691014,0.6574268
0.3118586290505292,0.5420357283224586,0.42997706689298665,0.5501815
0.10835738973040845,0.4621563258571095,0.5220055215259422,0.6464675
0.5019842871261435,0.4815227074992294,0.3403628251738156,0.56044495
0.06926966475649107,0.5339483422473361,0.5508265980374142,0.6635048
0.19540951968535358,0.5125197087401201,0.5742342698466594,0.6446055
0.01804058747324086,0.4466313450018351,0.5126178403008126,0.7493235
0.09947733359422287,0.3457972827943385,0.509306115755605,0.7857982
0.9491001951054998,0.11739527284234214,0.5872382888345378,0.6526519
0.47535205162064903,0.17076407041349823,0.699207518844433,0.7393748
0.3252914486333019,0.5405164379750773,0.3962973309011619,0.5948757
0.027803234283741235,0.4469686566268742,0.5424065410272908,0.753821
0.2968120755963018,0.21053323008617272,0.6400638079851023,0.75235975
0.2365226647362916,0.2740922955375507,0.6240317083162625,0.75262564
0.014708578586455828,0.39294034654157084,0.47880570697217445,0.8141165
0.11034855965526175,0.4740070611812608,0.46730699392209646,0.698051
0.11550680818360448,0.41478498094750604,0.44780015898655223,0.73593575
0.0433498478207861,0.3874967579859696,0.48312901650729384,0.80044115
0.30562468903087897,0.2560302601762328,0.5489787520173897,0.7110872
0.09877915447853733,0.33279293491387335,0.4865901649695989,0.8111261
0.17489492215923663,0.42715630600879356,0.37509267007934155,0.76286244
0.09212738550478812,0.48059900801913935,0.5271198349359852,0.65457743
0.2694277669675635,0.23354212779883154,0.529689632957098,0.8162967
0.20458543267618604,0.37453306441696493,0.5370071566658872,0.6084802
0.2479430985124514,0.2658347605332968,0.5132002544824247,0.792971
0.09648086756399195,0.432149702133027,0.5250758092859013,0.67128474
0.1611201741799782,0.36699745666125655,0.4021088581853849,0.7920397
0.2690804166135472,0.2965070394551821,0.5439465136471989,0.66436696
0.22533140396062182,0.6139053578648234,0.5704742597055652,0.5471768
0.24289106182840337,0.5853535561967722,0.5890662461841822,0.4996947
0.0536042753959525,0.32607144237532637,0.5792382706680222,0.8143802
0.20595872449573535,0.2613099855150307,0.5458849151942093,0.8187129
0.11529875252418417,0.3076225410427841,0.4883817826268538,0.8293905
0.2124565323495458,0.46871078274103595,0.4635385270526756,0.6206087
0.11039672658109419,0.36022162965885496,0.5409534551507383,0.734391
0.307111871422429,0.5091502656917082,0.3517150047703296,0.66910535
0.059643160296636966,0.3996552373139317,0.5316548310603659,0.77080667
0.017626984559310693,0.38598285111537783,0.46549560675719187,0.8261056
0.7107296541618389,0.0731300692819069,0.7974221675086155,0.6867135
0.22751131161261418,0.36686435478756374,0.4929794504734989,0.72383314
0.032047717040649404,0.3612534141078785,0.5107852859008498,0.818749
0.12446349598491857,0.4829626675946944,0.5055096483966403,0.65046966
0.053158242820162044,0.3127162353304118,0.5604878518669238,0.83019644
0.05485404178945952,0.4134586316710744,0.46929807278138747,0.785097
0.013043253597720794,0.39612524451379355,0.47546917535065475,0.814659
0.05286697042043198,0.39373778382101005,0.4734223307712859,0.7795381
0.393610738393246,0.43868964528512583,0.3516964007638003,0.6626179
0.11533221992802307,0.564618749919894,0.5474940407734085,0.6406143
0.1432920253749545,0.4929876143715847,0.5400721136005069,0.5853319
0.17054155113624025,0.5481007422966049,0.5163330192663852,0.59943646
0.2048103598231903,0.5545836442003984,0.42809842207898263,0.6113947
0.11018754950622164,0.3342748218716231,0.4765010293102679,0.80373305
0.24069236206982283,0.34618088937631636,0.4595037534695263,0.73628384
0.3603429430301142,0.18216993340429335,0.6031906164982304,0.81733316
0.4272756434820041,0.23308514424843538,0.4290535599518389,0.8868416
0.17559114001687376,0.33239052004054936,0.519738753531656,0.7836784
0.12016349294831172,0.3018967763086282,0.5168666254357386,0.81920695
0.10287971323519812,0.568221875865202,0.5759579000473464,0.6385672
0.19778939572530774,0.2432330706665135,0.5802277259106743,0.8057392
0.16245124182933313,0.46235730180340756,0.49877762783177,0.60322845
0.22440673320955154,0.35692216067570287,0.45413808071043077,0.74241996
0.12029979131304433,0.33110022475883094,0.5925788207734668,0.7820275
0.03274054328276549,0.426165677098001,0.4909904236256971,0.76398355
0.05941948844842185,0.3550248574946606,0.49081471409766747,0.82412136
0.05915994572452796,0.35444498608825054,0.4943458593455518,0.82785726
0.14974604574064085,0.427794304267419,0.5495927780927957,0.6334901
0.21889899369403454,0.26606800144845055,0.5234070862254343,0.7812364
0.023411015177225103,0.38175846255856544,0.44461554469989084,0.8415126
0.12863271543235755,0.5983274539799305,0.6238941072023731,0.62065053
0.06951090769551965,0.3682422022022014,0.4624095969782057,0.8176446
0.07464293756194113,0.3479379823263454,0.4861820588551081,0.82780516
0.362129522746045,0.21457554741735516,0.4954516360141613,0.85742426
0.3564274879574614,0.5838578662774566,0.5209277471011463,0.4641204
0.05422544925813605,0.4723987486776617,0.551413447348874,0.65409005
0.7978381916223533,0.6929291945819094,0.10908224063326927,0.3740521
0.0802122318017314,0.44196872847138485,0.48681852394933783,0.7389418
0.3982266947485998,0.2162999135739477,0.5583994601719842,0.76904744
0.020258224245621653,0.3958098360954929,0.47490189211962075,0.8098621
0.2276783521181895,0.6041784304345059,0.5846283567494722,0.4999412
0.150789892100873,0.37253003318809413,0.3790133884982796,0.782624
0.6204901805013396,0.7547464365396557,0.5995213854398201,0.22073519
0.22006412172289835,0.36813559024446774,0.4095314966280952,0.7663448
0.522400242220652,0.4923220089795088,0.16658126922390631,0.6819921
0.20061947763476567,0.2924754884073578,0.45374024668173923,0.8574998
0.3698975816788518,0.7339185865387681,0.7458659737485802,0.4297729
0.01050990788987105,0.4382173983201442,0.4974388974363657,0.773728
0.07455098540748403,0.34048683937136515,0.48585801451919597,0.8300318
0.12215703246518206,0.3612078373621921,0.370938516326548,0.89667666
0.1203379478528702,0.29504568783179097,0.5073141645877572,0.8556746
0.08796736882661428,0.41975869589839476,0.6515822841393606,0.67224437
0.3861679754584704,0.5940085607482406,0.4099878068179514,0.48109776
0.16843950626783633,0.5621926091783782,0.5918680042865576,0.5338791
0.17242894213579668,0.37249010659494247,0.4982053198908779,0.69443506
0.154659293599847,0.39800334222099676,0.2980561710327175,0.86997855
0.04529002656142167,0.35579110725569363,0.487381949902321,0.8294095
0.1254161299532247,0.419473784584955,0.6483978587044696,0.6586107
0.10155697751523608,0.49631292114974834,0.536148086242648,0.6401521
0.018782824122233283,0.4951362036374857,0.5250856644727285,0.71653676
0.24948029869882501,0.5284869138049434,0.5688305604993682,0.48452026
0.048840207006309894,0.4965110757251184,0.5235276250925854,0.6973573
0.013551953313942544,0.4019449425260328,0.486905827117198,0.8046195
0.0451411549724402,0.38221321846427975,0.48906708928470066,0.7919603
0.18876247336613475,0.2957696394503554,0.5511819820749195,0.7930706
0.028015487082202917,0.42807459954742866,0.510695306563696,0.76345587
0.07228629278099918,0.43084585027715844,0.46556692760003093,0.7406591
0.2785569625023191,0.4193296574976326,0.4617744641005526,0.7474874
0.06787698343219148,0.4067694103886959,0.4820585762888096,0.7472095
0.4952944760166218,0.8042523592862486,0.825971273935354,0.380004
0.08397665796801268,0.42422371097980616,0.48999382559616034,0.74040926
0.07946068594464313,0.367849441962388,0.49352753366874597,0.78519267
0.10316813591797855,0.4737818437553864,0.5295625835974446,0.63716316
0.3361840027482478,0.21016753422406262,0.5869330249585945,0.7993704
0.30462129692296,0.23050380401724688,0.5600347691469459,0.75802845
0.012525982624910642,0.4558020246972758,0.5059700034016411,0.7589208
0.18840413629540778,0.37222134690759995,0.5718896730070655,0.5969243
0.20117020778655714,0.296052174533498,0.5195674717587113,0.76106346
0.19017176652991835,0.5231336615513934,0.5136979927207665,0.6158165
0.3733190414044926,0.46186528110267944,0.3955032524200194,0.628176
0.09798987882933825,0.365043500185727,0.4653730169435625,0.8104528
0.012343257103676508,0.45269350329553726,0.5098281525855503,0.7539692
0.09316414256743276,0.34580654714752757,0.4868026679799182,0.8165582
0.23139530915076412,0.5805822722074878,0.52118794138668,0.5472864
0.3121551359067965,0.5092637488864734,0.4274561813316635,0.58558196
0.6023177971709892,0.09776547878758607,0.7797823519736268,0.7411506
0.4690303578635717,0.5129526982408693,0.34573888420791,0.5739374
0.19382366244036564,0.2551359788213668,0.5335372017245054,0.827262
0.08678952803940031,0.31750704485035663,0.4892542329693882,0.8258872
0.0460586701512406,0.3624989326725559,0.49316192612937204,0.8233621
0.132322965349106,0.3590306391250865,0.45224866897586397,0.7695332
0.41920746050424207,0.3402354524541066,0.2670731550629142,0.8299199
0.03365378162667146,0.42440686309418996,0.4886568931636163,0.78697205
0.35587082171240825,0.2813965709005164,0.3885291565126302,0.8507939
0.17541000314013283,0.2836603748058004,0.5313248571611245,0.80144453
0.15626973701663208,0.5940670329365637,0.6168112578448118,0.588801
0.03627080269149613,0.43591635361909575,0.48424198481735603,0.74509406
0.48312709629376066,0.21142630361225637,0.47357575638119076,0.87831885
0.2521480249433633,0.3863642612541358,0.4031671029894467,0.71890485
0.08208837149858243,0.33333460657878305,0.4500109423269125,0.8573077
0.02662133612414841,0.3741118891483026,0.46866518618986,0.8332273
0.13022777716320466,0.571637897896116,0.5948466755974336,0.57289153
0.18464526308927473,0.48402957012003345,0.46732355294560424,0.6438427
0.3356875883599591,0.35228403099993133,0.4887545604702977,0.627148
0.5074678199875553,0.6631985222253841,0.5300033167968848,0.2809137
0.024309423791583434,0.48106206722807743,0.5656270023362512,0.6941593
0.29643976818943163,0.4082638837192739,0.3002946802113835,0.76579064
0.22488262183112426,0.2527410322156399,0.5258920222813412,0.8277673
0.028090312472752482,0.3747216936448027,0.4818675023004805,0.82562715
0.08810632421905697,0.39821304874969443,0.4697055224740297,0.76990235
0.5563763764957079,0.13287604164465994,0.6214773755651468,0.81381273
0.08224856607839329,0.4257032902510734,0.45417577606737974,0.7494642
0.10367366518328373,0.46434628572659215,0.4850361724844529,0.68309164
0.2472490534641478,0.40204913998170816,0.7756701687015128,0.5041903
0.07382980869141612,0.3265715907001363,0.5096224741290547,0.819268
0.066097798096352,0.4081972272412151,0.4767481724815469,0.7399559
0.052918103161215035,0.3548314937295996,0.4721142225397051,0.82272387
0.05957356568698427,0.3956566343657405,0.4957613195761575,0.7695129
0.2845740735656539,0.6623438309371992,0.6584999488132954,0.5020127
0.46273694390420805,0.8086978361706935,0.9515409763461005,0.28265005
0.03431142009009014,0.3999242722008689,0.4673406776888976,0.8020425
0.04366453710229917,0.4407401162258381,0.5445811495387524,0.670632
0.009100832094685457,0.4177783590455136,0.48613121245916935,0.7854967
0.8563521590742618,0.9335178064917573,0.6383626980605777,0.0
0.0990910006613084,0.43152628239089635,0.4483135765117941,0.7295581
0.11782576131412016,0.5696203822383905,0.56775574199524,0.62589556
0.03167053937671965,0.47320457611429867,0.5514092952896421,0.72408915
0.07435397687923573,0.3306876382160231,0.48443115810980547,0.81763035
0.05927948678884215,0.3683132947810207,0.552385643255053,0.7715366
0.07224686056435142,0.5031539190529758,0.5266811841627774,0.6597308
0.10781108968071969,0.419570535306791,0.5315166945184034,0.74259853
0.29761601514520525,0.4906074855558142,0.26571726693204123,0.681177
0.09529212907121362,0.31668142596220195,0.5032426250253839,0.82291603
0.15357814049368723,0.27326717771355347,0.5295233215013819,0.836511
0.18760518129541326,0.4061609504427916,0.44333668463233555,0.6955334
0.03569231222841826,0.3687519260767573,0.47370282674261144,0.8289293
0.16106339525210078,0.3053719306490341,0.521238606457766,0.78312814
0.5373373818202369,0.8423083318785272,0.8386538150514976,0.2336787
0.08288533526367624,0.5311050517012978,0.5438776588847694,0.64989907
0.10221014870491513,0.31750464629357283,0.5185690742347007,0.8279737
0.5398316815160078,0.38086658248330724,0.3438935523077008,0.67824924
0.06557241080129303,0.4062096094188237,0.5559830469815626,0.66983724
0.010210545735736959,0.378824133001141,0.5315534198806975,0.7783205
0.06177486423992168,0.37999663585750476,0.5900709060210816,0.746621
0.12753125780739058,0.5929567977188939,0.6182703728973272,0.6233594
0.04948804299282694,0.3571417769184005,0.4840295100421493,0.8257792
0.4474429673900105,0.1951107559662495,0.5529748007637595,0.80994403
0.08915592920901724,0.3957831484966649,0.4992941512485985,0.72223663
0.18891278038496984,0.4627342205642015,0.5057342630315812,0.5735733
0.1693428423674925,0.3318408931354341,0.5157233446380567,0.7080262
0.37390548741944535,0.20574494390966774,0.6154033170218557,0.7406148
0.24023096500917887,0.5745368625907236,0.5211547167920738,0.50320834
0.027208118839093604,0.38338574046448387,0.4571538375025569,0.83551455
0.011664841788160685,0.41758750881350587,0.5557871325911417,0.75378966
0.23505747730484108,0.583441693970435,0.5152711760642312,0.54567885
0.18228394933832265,0.4289566707116171,0.3936643146789963,0.7425528
0.21963146720166016,0.24577354528849238,0.5918033756636012,0.8062325
0.47364059473971143,0.40067262925941394,0.22021101344788785,0.76313543
0.33510367420414733,0.2968006581330991,0.47033090664670013,0.7293545
0.2657086044451156,0.2747548852698397,0.532261103353733,0.76575375
0.0744069409952198,0.41834099152006604,0.4080391311213445,0.7886491
0.4914998422564169,0.4430552149486811,0.21524774590014856,0.7358527
0.06066225452590032,0.3917768075203407,0.497395845077749,0.7791636
0.07586720538704375,0.40917507548770354,0.36677789221964274,0.8578856
0.23023231355525042,0.24576387247249631,0.5481420231467794,0.830094
0.13127059198104452,0.36632876383553326,0.5472367430067916,0.709455
0.10469181457192316,0.4157349223744741,0.45480146301053737,0.7411785
0.09629649799649694,0.5507462577450111,0.5776419299290987,0.6424308
0.11480657894788596,0.357875240299185,0.4378945873930612,0.805216
0.08249009585594684,0.46979517497365003,0.5153565759587816,0.665642
0.09558669416728058,0.3404308085531035,0.5569390424481095,0.7902136
0.18133876856861744,0.432996870935821,0.49345886988719395,0.639096
0.0392075572213548,0.4220910697623333,0.48626909905052934,0.7682003
0.20777118913973858,0.4359746233660236,0.3667837943117297,0.7467273
0.027935304895290836,0.37966952312770336,0.47283615524002787,0.8320956
0.07428755203904591,0.3320869829515426,0.5056516619791904,0.8374509
0.2641146265506887,0.6124918797160763,0.5905375904765421,0.4840271
0.09615971102717864,0.3093658298878419,0.4833799537870527,0.8309353
0.4986017258596089,0.15175475807546213,0.6229977488135707,0.80589074
0.08935681584230484,0.4245347827949371,0.4817259679925708,0.7618515
0.6102206215834038,0.15616417124937637,0.62529124760116,0.7279434
0.1943163919065415,0.4999010956061938,0.4339558527761144,0.653182
0.10109258757577091,0.46517890961170094,0.48284685593674054,0.6933895
0.21523815577724434,0.2343606163644814,0.5952708921175159,0.7801487
0.10964571997718531,0.49631140487192665,0.5274836328015232,0.6322956
0.10523009591413991,0.30576659598151607,0.4758003923206943,0.84074026
0.0832329036285967,0.4139203877955394,0.46790850050204214,0.75908446
0.1101137635334427,0.31088817609043073,0.49279938441985977,0.82880664
0.16908814757980145,0.27127084319161865,0.5125308066831503,0.83280975
0.5672160708079026,0.4752273031592154,0.12774326714529793,0.66303235
0.08675914582018136,0.31078900307333296,0.5410056447439615,0.81410104
0.4142882483550514,0.6101532337380108,0.3132706443108892,0.516488
0.05647594205665357,0.35826508121334977,0.5194050802261838,0.8125928
0.0350471086231984,0.37022527661232146,0.4733804561688176,0.8227905
0.38850003080547457,0.4304396001691992,0.4231728346151797,0.6259266
0.20082558955814084,0.5813815873976315,0.5508098459646681,0.5457494
0.21393960503565754,0.3335852776687497,0.4964886298657589,0.716649
0.13047681165981698,0.43210531810291414,0.5290025263269156,0.6483649
0.05739086573891125,0.42203278491279855,0.4819509385253085,0.76229227
0.14061516688759207,0.38702208940171023,0.3442174485102003,0.84816074
0.06479914887221344,0.3841550058616699,0.502522608886842,0.8130506
0.5794014664747091,0.6367886018310314,0.2589751632982889,0.44481623
0.18967721833489917,0.33009654167203206,0.5013281594459154,0.70753205
0.10338740731076282,0.31693927983586256,0.49119209225650096,0.83957434
0.051191597726510746,0.4593328782651766,0.4815998789162756,0.7363578
0.4208132836813633,0.7017287630028446,0.5613686452020379,0.3975395
0.25322273993601674,0.380549595877869,0.44454652200595873,0.6685852
0.18517991695728825,0.2605932413905373,0.5521577930174062,0.79297227
0.06994981836544326,0.30454200738807313,0.525902964934037,0.82603794
0.04478906570318775,0.3708234585405043,0.5077442264219421,0.8111285
0.4059665750561105,0.2599925066809202,0.4725473674810166,0.77234995
0.12624959066955133,0.3503056478245752,0.46902745019099124,0.77271444
0.23719779369083313,0.23294950096953063,0.5745517359004233,0.8125993
0.049317116492026775,0.38043099285438703,0.5708619423798272,0.778055
0.3831431049116253,0.43103310007602214,0.2713779711347285,0.6823758
0.629493994840993,0.45181972802145487,0.0,0.85364074
0.041299969822254035,0.3685521072973548,0.4887726584233948,0.8193727
0.3815729609468278,0.655141685717598,0.5484003066822023,0.40781683
0.2871212117335933,0.22216806866904457,0.5956627382681139,0.8011721
0.3367290392117416,0.4725711130728197,0.35739169445185304,0.6858064
0.21554077147884915,0.49650732756298277,0.4436555385989082,0.6274582
0.5039463363860952,0.39680055518132135,0.2940480700883503,0.6863265
0.48374101259978386,0.5905886075669278,0.2997183602761512,0.46514332
0.3529507322850527,0.19419405066104453,0.638155227437976,0.75271183
0.1588430998865154,0.5768629971512759,0.5939170761287152,0.54726374
0.12130300075795576,0.3188094353525204,0.5074910850453807,0.80939454
0.11491337300475592,0.30256639771381144,0.48677272305381175,0.8362798
0.027746752455081014,0.4064820322187057,0.46789826585846134,0.81328404
0.05462730122736412,0.34635431361745783,0.49135862454032025,0.85255194
0.22646202638228174,0.4826786814515105,0.2770668741575926,0.76783204
0.37371142886327446,0.7486037779479138,0.7745811909654061,0.43846995
0.07379459067383196,0.35325841942532304,0.44162240589132373,0.84138364
0.2019817818371587,0.3320500188169241,0.3805593201942717,0.82923436
0.4276337675884575,0.6861066324500764,0.5386785751858135,0.33156097
0.2777894845458644,0.6780904610936009,0.6544659548848286,0.48589528
0.13476719465158554,0.4218963403469457,0.41843868300889814,0.7412211
0.07055749701093797,0.35760659422929153,0.47513349471763366,0.80493236
0.10478477204751831,0.3582069255118511,0.5169302238490509,0.77875894
0.39503611191227717,0.5552161819327255,0.385213032864661,0.4970048
0.337909762453132,0.22022790918698723,0.5874512676950377,0.7893979
0.12859821179094477,0.35137995109269776,0.5151073669719259,0.7198169
0.4135397410216347,0.16691597392790408,0.6266650273684649,0.8095112
0.13433084483982718,0.42312354723243123,0.46306508115283407,0.70287895
0.13698727127454366,0.3880463771619967,0.5267463137305473,0.70811987
0.1851419949817707,0.33822987163124346,0.545624890321364,0.71018934
0.10743909975936405,0.41977670931381866,0.4674568979204518,0.72547126
0.41196821606748474,0.37688646566211526,0.3997259741967237,0.67902905
0.03915841781324278,0.3797211348075355,0.5073007299850423,0.8045499
0.21840051477291672,0.5858111573313056,0.5400143206315717,0.55609393
0.09188094405799158,0.3124298857411221,0.4873072160624408,0.8301694
0.7873866118118603,0.17940803639139957,0.5733576075425301,0.63947326
0.7813167887558587,0.3453735118909139,0.15178480487456708,0.79400885
0.014996921041563527,0.391651789261339,0.4685628129384397,0.81832147
0.05156990121104396,0.3449425798396073,0.5168087421029838,0.82550585
0.09036808215940513,0.42854653130946785,0.5004823044530741,0.7014837
0.06486187686180037,0.3981211872857367,0.47278471866425503,0.77740586
0.4201725001931172,0.41674021982059656,0.2375584554431075,0.72864246
0.13747295212645855,0.28693335952124943,0.49565289037508803,0.8246789
0.14191797363606934,0.4336400262719509,0.3685036816750239,0.75894535
0.12718797244701843,0.545378044522841,0.5514482702253453,0.5874745
0.05920465123183394,0.4149684807436064,0.4590940198358534,0.76519597
0.039400479837809366,0.36137102824070017,0.47618074977233094,0.8332445
0.016179727241870778,0.4109744666744743,0.49161009978603193,0.79066527
0.26445650239616836,0.22081187937316732,0.6158795041191868,0.790984
0.1971375058312765,0.6308546934718915,0.678188712821697,0.49339598
0.07459367347047738,0.4668934278549543,0.5303045248963792,0.66526604
0.40342910689834494,0.22285760672194893,0.5124745209736637,0.7977537
0.2583631790620205,0.5006369761681136,0.5549774496456812,0.5007092
0.3309071507190781,0.1925588975970206,0.6298901296918819,0.8106907
0.3294456610570142,0.3722366805224153,0.4076539627548004,0.7243053
0.01951462328280365,0.4018795367887131,0.4753862886195781,0.8034508
0.44634102966060635,0.16748658740394615,0.6522445946324189,0.7970546
0.45186804890512494,0.5863636854354359,0.450369820658997,0.37344635
0.08244567902850425,0.31751773600010846,0.48490902589484625,0.8286182
0.18323890367267662,0.5302994115934054,0.4981563365224783,0.57661223
0.18895229792210794,0.4530417211878061,0.4313700248789635,0.67445123
0.07163673369530199,0.32382585627118654,0.5072761388113209,0.8324549
0.33421684622442327,0.561364180449878,0.5206960827394763,0.4333912
0.41874440103298427,0.6534090527954125,0.39037913660110396,0.46689993
0.1906944859053204,0.6277577671170264,0.6667076051422611,0.53528297
0.3916841995456509,0.5217108612580478,0.3831442968367106,0.55523366
0.25674546791431085,0.6391585613386733,0.6101304832205119,0.48462957
0.07528821518920334,0.3309408390352202,0.46807314940810824,0.84208566
0.07206861671082235,0.4563205161189571,0.46505297058684597,0.7378601
0.06385335136416506,0.3897329449734036,0.47346623664530035,0.79211307
0.029447281978710826,0.37633218766658216,0.4194937593217515,0.8694831
0.1388955030306748,0.381836561124855,0.41672136550039374,0.7819151
0.7105721135556379,0.11539850586729666,0.6798695135468877,0.70533824
0.26889626946041084,0.5884743559861318,0.46951802142693705,0.5373429
0.26715742432655765,0.5554553667827874,0.4580694925739022,0.5757645
0.3842970658583436,0.2597794392741579,0.522964019174909,0.73749626
0.8573254847569604,0.04289936948047246,0.761765528159114,0.67471707
0.11238717274621433,0.421739734308445,0.4862314896523753,0.69733024
0.05250172749744522,0.3528632919836769,0.4873127265034948,0.8195768
0.04553330007130815,0.42421026073888657,0.48078299808282793,0.7490717
0.1937081905617555,0.4231713503653115,0.4675633864718333,0.6714088
0.30328912121578555,0.667682139759965,0.6991445849501463,0.44854975
0.21899195964232498,0.605222767413262,0.5532066818001511,0.5402999
0.06602354381473924,0.3450377448713003,0.4837796567093802,0.84058535
0.4069086763139376,0.5154167292908377,0.3456012526222402,0.55003214
0.49364744500074986,0.6101292589183526,0.4046363437097036,0.45379335
0.36713300056100706,0.4522558938909354,0.17475939216940117,0.76620066
0.26930261023735846,0.4831329757864773,0.515813974767423,0.50661075
0.1269835080776004,0.44685471300290835,0.4739741082543346,0.69360566
0.035459897904770415,0.37049307619199107,0.4854972766689853,0.8204104
0.16496047820465376,0.4402025077237135,0.4497222099714458,0.7020618
0.3617916822086129,0.36394158766975226,0.46431212227864166,0.63188756
0.15755786343787762,0.3274677230262617,0.4911824767787303,0.79480094
0.022748485943114377,0.4112173090190304,0.48397869856222303,0.7829281
0.0820894180894804,0.42438477166120087,0.6686737848219029,0.6094322
0.462145432561616,0.1636184889105216,0.592635903128536,0.79568756
0.09833436794073787,0.3623345129063577,0.4867855254776674,0.7686287
0.12260351754377179,0.37150777535047635,0.5156836989473195,0.76978505
0.24820044486275655,0.27216667438307296,0.5345798554521021,0.72576535
0.3586327143703686,0.18730453732282443,0.6616487191275535,0.7862736
0.6400898040921419,0.1037695258115861,0.6615009386101651,0.77175033
0.03215820917929105,0.4166822828515945,0.48287802791320006,0.778526
0.053795161372121425,0.4085745345342253,0.49137849867441924,0.73398453
0.03488490522529333,0.3818148795021872,0.4862455114923129,0.81554306
0.09034740847177793,0.5510438264407373,0.5635652102184904,0.6408235
0.11509034099786246,0.5383564777361397,0.5636269644364303,0.6085618
0.6064557005440554,0.3203931798092054,0.4254288973289362,0.6076591
0.6524404235822093,0.09349632070553981,0.7518137918255927,0.7493911
0.1150871193213941,0.31718787037077223,0.5291356952876359,0.8107488
0.1831934024404286,0.257075001348684,0.5275796769610727,0.82368964
0.35312266644765405,0.2126105851373563,0.5797073484897886,0.77379245
0.25179532130490506,0.42750709619391936,0.4436885192558552,0.68216294
0.2307163741074307,0.6180483297913766,0.6032360034526674,0.52623206
0.32972330670304195,0.6369320207843375,0.5188856646159032,0.50545657
0.041809208729853276,0.3583147059340092,0.468385706152802,0.8344899
0.050725194339979185,0.46486995178354507,0.5859723333130135,0.7091818
0.5529657485562458,0.27897191068078186,0.4310276999174362,0.7237793
0.10198278667257327,0.4737561898174873,0.530859813171653,0.6683609
0.4782681694257285,0.19450734399437353,0.614765479018083,0.7389926
0.1014798224462162,0.364216559154162,0.4829627567138757,0.770476
0.21169286379669827,0.2514454493623125,0.5687020581165007,0.80243427
0.2234720845142562,0.5645173615856507,0.5948863197569398,0.49934405
0.10070972547706669,0.3708626766631664,0.4822376950706709,0.75870323
0.2719220940017422,0.2211082442195743,0.5518212346364252,0.82692486
0.09103183269410846,0.40673739450205726,0.4755215400537101,0.73020136
0.0889314267199756,0.5049458185177699,0.5533614797797896,0.6276175
0.19877963510546723,0.5897320497744557,0.6318011460080128,0.50739753
0.2303740557755355,0.26235052384354435,0.63794549629332,0.7131634
0.11204762727264353,0.31353837096925086,0.5049010743662321,0.82314545
0.18822875980882747,0.5607349872485152,0.5834362686219949,0.5433773
0.44078876051087834,0.5825955015440993,0.4056821601145961,0.5506818
0.3587705910554794,0.21981317533317032,0.5403284681767672,0.82890135
0.040797930166374896,0.35403740851649845,0.6304807787778417,0.73682004
0.03203838100622042,0.47863460129010105,0.5241000230604157,0.7121401
0.5191494118342671,0.1357391113620685,0.6907972770091331,0.78172696
0.23755096588561042,0.638238946280322,0.6386109958015407,0.48280993
0.11207365536081045,0.3852073395467738,0.4299982403603027,0.7980554
0.2390724511154058,0.632824074714188,0.634411358767315,0.48710304
0.4281707599932864,0.20227190897939293,0.6075600409693515,0.74281824
0.2106433344778922,0.5953716566175417,0.5517144395064252,0.57249725
0.028940973643083845,0.3823875595028112,0.47933314702930907,0.8183718
0.18953692242156078,0.5688623996798221,0.5458966160964999,0.5595101
0.25106011238053494,0.24057761023394875,0.539343693886105,0.82336104
0.21563041167838048,0.517021419949326,0.47826371583685906,0.60948896
0.07317732846717767,0.31945213874537404,0.6066903986508297,0.79520214
0.37836952112779265,0.17917028578822444,0.6487877736472598,0.7775564
0.6669437877322743,0.7713138334453622,0.5542036212112595,0.15985662
0.3191631143533537,0.5254246197174197,0.4561224964984712,0.5360671
0.07648979739504685,0.32382067670867787,0.4897679428736754,0.8190712
0.023734074517396786,0.38068812180303346,0.47236409066139573,0.826946
0.08635160738557805,0.4276399923902266,0.5622380327859354,0.65564287
0.115229071799541,0.4801247052567281,0.4944768322604095,0.6532854
0.09911400200125768,0.38331479086828063,0.5022795031468021,0.73263335
0.07486026852819602,0.3267260119492932,0.5052577994983231,0.8281375
0.5210808693548618,0.1461077570686169,0.6550983430108503,0.80130255
0.0776784335174456,0.3387586778940739,0.4880017219430321,0.83463895
0.06915931725527935,0.4022433740226542,0.4860051969967927,0.7699798
0.04460852033351187,0.4262311590615859,0.46776700255799714,0.77321064
0.20232296938015124,0.4211379680234683,0.3411047638230097,0.7768035
0.5902016521868925,0.13249527708618536,0.6944135928314277,0.7412525
0.7689434234211144,0.6467663113525223,0.19320807019696734,0.35603637
0.08541550107420194,0.5315049335094651,0.5304074300706093,0.6781046
0.1960204474183811,0.3354044155015995,0.46567174726714533,0.76217365
0.20610621180400576,0.5102945224791978,0.4906869881672353,0.5907662
0.24922900282037336,0.22194885363761765,0.6967789668738967,0.78789866
0.22903369857922146,0.4924168446347239,0.4826232204956947,0.5557276
0.1792851012673599,0.6157882372099458,0.6265093748081901,0.59318113
0.05279246726293288,0.35199285810870456,0.48630400382848676,0.8297171
0.1850445451890981,0.257471556523557,0.5399293829080312,0.8092609
0.29848610874184267,0.5912150619200973,0.5422997698436938,0.4355319
0.36953696651180373,0.43848399194394383,0.46796990197417926,0.57974863
0.04630962803238364,0.3447277439390385,0.503691542710355,0.82729435
0.23121584933376788,0.32753329688292343,0.4909497704090302,0.74060583
0.08398411703862652,0.5401888154874398,0.6081335003400975,0.6218842
0.0910408643887512,0.40252296891937855,0.4565545581252657,0.76039517
0.16653838264335596,0.35322740572214584,0.41847207435006295,0.77831006
0.07014785157305498,0.36404356483901007,0.486247622504805,0.79181564
0.28094206783878695,0.6317691381613568,0.7122679255557038,0.37896973
0.050080800235725864,0.37757920989687144,0.4323042293684689,0.84673256
0.39050581751687446,0.6062249978032317,0.4125329045119304,0.45540035
0.3213864200841625,0.28609629739112097,0.5877592634613474,0.7780651
0.032354000969638974,0.4112432879306368,0.4904020102893999,0.7738006
0.03241763043090329,0.45937755681886255,0.5258278383881656,0.7065954
0.024606169322293314,0.39221951206898936,0.48517269864666507,0.8192362
0.18655797493374873,0.325702057798879,0.47448920490745,0.76989424
0.12454067601625807,0.4285826628428581,0.4894453380580097,0.6986208
0.0844028298249174,0.4606803355355649,0.4935756398015524,0.7409586
0.4435124372437893,0.5548091342829161,0.4187159380282961,0.39349264
0.04840104062181064,0.4675326929600344,0.514588363253922,0.73180383
0.12833152644722848,0.3241722991771194,0.41920278005995143,0.86895823
0.16599320375198415,0.38941113029754637,0.38720563824539983,0.7791549
0.15392440851482458,0.4466001889583089,0.4595233156900282,0.6922861
0.0737942589131863,0.3095481845032496,0.5335194836462265,0.82141733
0.295936157830669,0.6321772836465597,0.5916524671661536,0.46028
0.38206628360338846,0.2590998720155358,0.5128435907906842,0.74575144
0.11536349976912728,0.29329658524593893,0.5177145759627306,0.8544138
0.23998353261244798,0.23850237341540334,0.5630841322317321,0.8112222
0.167665827956549,0.4296737446225631,0.4053129233942864,0.72762203
0.17386805044015372,0.25189105231861386,0.5524238101213148,0.8158854
0.2222749901670073,0.5685159815061764,0.4929398330852679,0.5675984
0.8247794140909739,0.1602195178387843,0.4965226007879346,0.77298
0.0587731766815108,0.5160924306801358,0.5447611891209532,0.6572206
0.574421743685634,0.15046644814188836,0.614311342601733,0.78032076
0.6452079848803893,0.7595995376888649,0.5138271059569939,0.23892719
0.5565764817231726,0.2904844302216364,0.28310587256290654,0.8622148
0.18875526159702274,0.5399292200803322,0.5723423998280641,0.54465383
0.11780659863402174,0.556048003821163,0.5802671370691023,0.5880028
0.3592474273881463,0.5286848664275069,0.4040859476665169,0.5554398
0.841144136711879,1.0,0.8303607169882296,0.011532962
0.11990622412837008,0.302057039894363,0.4942573618026648,0.8338386
0.13013651963776673,0.3375803264948781,0.41758836627645896,0.8460462
0.035003161500932994,0.41853138343576834,0.5107365491919351,0.776477
0.22300033832815486,0.25122025305756535,0.5386703705099481,0.79554313
0.2260039174978763,0.5530668917735971,0.5451175955148275,0.54108894
0.08680608675035176,0.34348935302627154,0.49978688695431867,0.7628799
0.7783250236071313,0.9952491845628281,1.0,0.017487645
0.026196397327204995,0.38204366984584553,0.4713515972988919,0.82754266
0.07362513106737117,0.32535470461144356,0.4945910276394446,0.8272428
0.14653454810377084,0.5400276884768125,0.5403264221865686,0.57945555
0.051151663171093764,0.4062297366556154,0.4812267570617181,0.7655053
0.04136002103650549,0.4040564282921248,0.47957314401906415,0.77603036
0.06288593568725487,0.34113059311502036,0.4933850248822576,0.8284909
0.05845132896024216,0.3891714533811158,0.47547104648296507,0.8171467
0.39877432476440444,0.5749419999559581,0.32174767349652367,0.59063184
0.264183857569046,0.6738323599480758,0.664566114180539,0.47978407
0.06020084399132247,0.4105067195576967,0.48623112908236954,0.76525927
0.04336081931449967,0.4430796931502118,0.49055343129419104,0.7349367
0.14070902173911332,0.32409536129508676,0.5237195648672508,0.7840415
0.1341991723052521,0.2978447830674152,0.5060053254537403,0.8171222
0.10475076883449218,0.4407909714871295,0.4921062493458091,0.7157003
0.34988749701939637,0.6127949592244424,0.40933658360328573,0.4915945
0.16567647419977724,0.4783200610592543,0.4701888103702451,0.67110306
0.08192081017814162,0.5340056689505362,0.6876146491585429,0.58586276
0.09062297035651515,0.30042951362718684,0.5496350593352123,0.80797565
0.12037081569017462,0.4011332743116595,0.4311621485976032,0.7614094
0.12214298773129108,0.5079844480019614,0.577569361779514,0.6108981
0.09325754752871841,0.48358383931705046,0.48847888529075467,0.6790699
0.032731903536612844,0.4085070888084867,0.4759923836859133,0.7993658
0.1872879752272761,0.6192695610964305,0.5873657999090318,0.5684625
0.29423406759593174,0.4586539813973348,0.2930206697430573,0.71053994
0.04663281976049241,0.39987707363410785,0.4583103085478956,0.78958046
0.19545971116697258,0.26338022137263717,0.49338815153308496,0.83417124
0.05573567337505525,0.35341340726780285,0.4846143448741686,0.8372424
0.03109228488778329,0.4266565038170449,0.5042082545740673,0.7410327
0.2547464363383478,0.43541353758113893,0.2892979857217176,0.7659397
0.07673057375414533,0.3815499831867979,0.488883535735861,0.7854612
0.0392671507957045,0.5040270631869284,0.5623437399651595,0.6904785
0.27594870235071606,0.5403533796669346,0.4785211492299265,0.5712768
0.07558303528310542,0.42063060733899177,0.6178942305925764,0.64713
0.057996954759889946,0.36963679386721326,0.55543150321646,0.76677746
0.31098922455970224,0.507505831237982,0.35994793102856015,0.64007926
0.4087919865099231,0.40571502146406174,0.40070225965383416,0.6272341
0.6133551587064732,0.8247076674103496,0.6372644282159176,0.20972526
0.13792273119291937,0.36171678997491175,0.323557669810635,0.93836844
0.08830018937297743,0.3435873716147394,0.48593161745934327,0.81542015
0.04969002858094451,0.40550624370707644,0.48674106389364913,0.76580536
0.13793276069198343,0.40606302056217675,0.618868582936909,0.6308874
0.5028095332311138,0.14954619110238165,0.6708154848914158,0.7646981
0.23927850488865893,0.22614575967155592,0.5657895228432478,0.82897735
0.1230071165112349,0.4262079798306833,0.4444386315377811,0.72149396
0.04730047567682996,0.4461508944974967,0.5042052342390607,0.73382294
0.43393592729547575,0.6656596514866673,0.4368011450235363,0.41784084
0.13270516344166378,0.3812882842865588,0.4632937285898715,0.72648656
0.10138074893579484,0.5730796038934898,0.5872093091285016,0.6349652
0.21691531044504617,0.22286844217683635,0.6011632996744968,0.7966841
0.08651157932612084,0.5304175554162592,0.53038616275416,0.6570792
0.22989342339736668,0.6412467903662018,0.6428826054757084,0.5204979
0.31926678906188843,0.6346695836113048,0.583382458475874,0.4149338
0.4491656370821938,0.2183693195191475,0.54717100557354,0.7640369
0.11076763200459411,0.4985388375246426,0.4930296247373563,0.66152287
0.20807760478566223,0.5829199431809178,0.5616602230176129,0.5176503
0.12661111075199233,0.329658840851076,0.5011608157277814,0.81572443
0.03343971471268886,0.48686036501128027,0.5658432713984897,0.71721804
0.13636869170825747,0.4825996563181065,0.5408999760887486,0.6046457
0.04929463795267447,0.42686250213017474,0.49296230715549927,0.7368837
0.12962036971710067,0.2731139188315227,0.5426045660950226,0.8134684
0.32790236001489625,0.22446850481971947,0.5948822743256309,0.7228332
0.07183695691971281,0.4033311629252209,0.4754180688652965,0.7748287
0.007647957315581322,0.4222560663168606,0.48845642826111324,0.78511477
0.07644590344364541,0.5548462143943685,0.5741298298106752,0.6574238
0.04657998131741661,0.42444316280558175,0.49334217292149163,0.738353
0.05149621879985852,0.5321568365071394,0.5474912400466877,0.6921298
0.40809715566182536,0.2530477146476221,0.5223128725414887,0.7492544
0.1283734051982248,0.4526644189153545,0.47217523595697763,0.6895772
0.6382443904444821,0.21946941561242322,0.47529225954567256,0.75230616
0.1466673992286043,0.26931405159517485,0.5745370202684646,0.79252243
0.6648023795512833,0.6278848204993093,0.2790581196324313,0.49358815
0.08284542482302738,0.4873170575789769,0.5311413357693359,0.64777136
0.12331828311279451,0.4934521832907359,0.5394622869683068,0.6087321
0.06495234380272669,0.4003237514590346,0.46654904705219197,0.77611774
0.08613090514647812,0.32820081442165,0.4887934105936956,0.81824714
0.3202655050269658,0.5691565565587013,0.4404509118016934,0.5385994
0.36403738288308024,0.2441729558634333,0.509461567329775,0.7812664
0.27250725972193013,0.6015680183357358,0.6272284716169865,0.44248742
0.5825987321780955,0.1079264545149698,0.7756570415601962,0.74138916
0.36054096633375765,0.44622391402503225,0.2053963184183114,0.72785246
0.30267813708749697,0.6644839442956509,0.6728009802439837,0.4046086
0.10077574562394831,0.5510240905307249,0.5823078458143904,0.6104368
0.042113661746835174,0.5109056089421071,0.5425399242778988,0.69965863
0.2073383858409189,0.4600605714954107,0.3935587680189218,0.69531125
0.28336951263466825,0.387167755777166,0.40241869860572316,0.71768653
0.7005280326755507,0.27357178586897724,0.17333173507370014,0.99999994
0.048325847518864457,0.3524743508843912,0.48567607539516205,0.8164262
0.3029196312930349,0.6864706637446516,0.691153291348493,0.41794038
0.3999289291885312,0.5617780775518277,0.5146926802649329,0.3987229
0.16113670619215098,0.4080749656869619,0.6633834508944476,0.633863
0.257318145321779,0.5612187297934563,0.5159328138542406,0.5884702
0.03754215840520078,0.401345898189849,0.5052492020790927,0.78612375
0.2865784947475543,0.6470977599660372,0.5605409293662876,0.5056642
0.13651566807949106,0.5789410828017343,0.5918286629974288,0.6237266
0.07354072088427882,0.42988118135095504,0.4890853722229144,0.7423485
0.17550847961252924,0.569254841287858,0.5239347394743263,0.60278654
0.03466667336640225,0.3797664840989467,0.4737013953887242,0.83064544
0.10240712875936425,0.4828556387248236,0.4888574668788095,0.68528247
0.019456815839793362,0.40941804117029057,0.49607825257344507,0.8038307
0.10261159335236554,0.4727946536111654,0.5154894589478771,0.68315244
0.33944589701236116,0.6489801891395769,0.7141269129109415,0.31642127
0.10664123834619951,0.45847195210105535,0.5064771678041523,0.66021967
0.024452115967600746,0.43952549353945486,0.4999147624764181,0.74314755
0.31575636162231013,0.31138123066788226,0.429931031387033,0.7781658
0.04010841003173499,0.4002808917056277,0.46589250509393976,0.80025095
0.36067443495764995,0.48429642677454243,0.21640347800551124,0.70137846
0.5544193036454211,0.8184979464982112,0.6628803627409295,0.3129719
0.3141133945551247,0.24294001289300532,0.5044197074205634,0.8125468
0.35408391691903857,0.705928844000931,0.6861991336624322,0.3937446
0.10494609431529163,0.32006992427131004,0.4916758183794743,0.80570537
0.07357202178427785,0.5022106484234937,0.5274776447044904,0.6492607
0.45245496683753156,0.15908961171576674,0.6992258408496552,0.75853527
0.13163461954215394,0.48372546971095753,0.5342347857089251,0.6098847
0.47967518560865435,0.17407785412822147,0.6284027168763723,0.77527875
0.7547144236307197,0.06956013477197359,0.7682833534210443,0.75297034
0.2047991083310157,0.5505726764317166,0.5172414851656657,0.52858555
0.030795975655557528,0.42291699714727166,0.485396158390037,0.77043647
0.0,0.42000499732355895,0.5655172702191433,0.73684764
0.5200249224537725,0.36182262468723936,0.3056946293133342,0.7341385
0.06167236716750549,0.4628126535512117,0.5105891556879848,0.695001
0.28380081031115295,0.6561437981490632,0.6726983238283976,0.41641223
0.41832191278260594,0.19379430190264563,0.5813654062230249,0.8570247
0.22593942374865697,0.4836035505148177,0.37393965217885794,0.6877545
0.11596843777513934,0.5518984709108977,0.5787384545027535,0.6191853
0.1263690439485332,0.5394652330094611,0.56169879547868,0.5919783
0.0179472891899006,0.39431526434056924,0.4770422698123214,0.8114189
0.695149822601561,0.07077616133986508,0.784152466595556,0.7438384
0.4693325122190212,0.17323064134024876,0.6069630211186325,0.81560487
0.28286064312080644,0.46254522831410516,0.4962984038164239,0.57350767
0.2884697228760709,0.2086628965350142,0.5847480936314451,0.84115154
0.036391401109991006,0.4010291519855864,0.5378393334207515,0.7371743
0.15471000184698536,0.5064892868320342,0.48010983651817374,0.65192354
0.24894179939745123,0.407409064336054,0.44116647969052114,0.63882387
0.5351248600520594,0.2873514235636805,0.4541740144328821,0.6841191
0.3750907304097073,0.48017998696504716,0.41943485961160604,0.5726921
0.7220069761854985,0.7359578679131207,0.3605366946703402,0.33374053
0.19142559849976987,0.6197151940038514,0.6277812629586409,0.53891945
0.2419230175441337,0.5571571344082669,0.5252570358592471,0.5312722
0.09091934997334465,0.4990231524710902,0.4898557727070557,0.6827262
0.1175997582005941,0.2987524178948202,0.5204262569481833,0.8263546
0.055685284891951015,0.31268672938984315,0.5265280306377087,0.84331214
0.11181997753455594,0.315457109634682,0.44757577491891887,0.8525215
0.04228124317165877,0.39002578304075536,0.4808918220262504,0.80146
0.18694085888052753,0.5447624781342792,0.5490338740516916,0.5420537
0.14859552036828494,0.35490606390438173,0.5325740167746669,0.77194333
0.30243155610541544,0.2282550362276335,0.5548669411511068,0.7817142
0.0981634441339533,0.3621575899108193,0.40353285710216114,0.8418883
0.40612094801563237,0.5776590628605685,0.3981791692611352,0.48815894
0.08974901271232562,0.4349354901128245,0.511412451565546,0.68728197
0.04934319620170077,0.37469162217831464,0.5277692838578761,0.7933625
0.07939082069690467,0.3430905254862275,0.4989235276254748,0.81856924
0.19261492709559566,0.37939266158710483,0.34217405742824925,0.81394964
0.1132064602870645,0.3541728128924583,0.4801613347906362,0.7742336
0.14949814568336076,0.5664079484380754,0.5507275710111044,0.5974233
0.12295068722097913,0.3544238529014415,0.4918667935455383,0.7801835
0.20793941874832456,0.5480254935888444,0.5221245591474475,0.5514374
0.2905742352382554,0.654216159589047,0.6559745935252105,0.44113106
0.1651673011657872,0.49703084604979114,0.4598648189016268,0.6478025
0.09868667974083249,0.5345405976768846,0.576479883807442,0.6162068
0.2669863636190551,0.6401997193363229,0.6441108209605355,0.45210242
0.03481084926956879,0.39688887221181823,0.48899653286947,0.8075582
0.03507658102505784,0.38649332753314264,0.4545547822283354,0.82125187
0.03520198205730701,0.4164010073690926,0.4697019581803641,0.7760703
0.2316888178923499,0.3398857762884192,0.433971327712313,0.75275373
0.04275115547184555,0.4489332668863291,0.501471257192122,0.7342231
0.1321335931659711,0.3168821210199897,0.5172195726232498,0.7938995
0.3232592616818969,0.20531912795017854,0.5796673847276458,0.8181172
0.020391147700632883,0.4084322774226845,0.5320857792734127,0.75754184
0.10680415532159926,0.47200492920240744,0.4711101297570367,0.6979693
0.09633437781034808,0.3305527145495,0.5311748320680831,0.7878599
0.08496002381532607,0.32540410411957277,0.50486793553562,0.8149065
0.3731874364540923,0.604719423970043,0.439912590174027,0.43566185
0.634472233960856,0.18481843240399623,0.4603666057617558,0.9035313
0.08859854120245726,0.45590202194810403,0.47321119854571375,0.70224446
0.23782638941429124,0.27706433082803966,0.5086643125213297,0.7872016
0.3133884787021086,0.21144054312406477,0.6188414405551936,0.80459046
0.06623627127992379,0.5265500218940269,0.538113180110946,0.67218786
0.24115013999342982,0.4253125545251902,0.3626074475085126,0.73954517
0.04378823886618716,0.48582484230495815,0.5309409322760706,0.69274116
0.042057158238707315,0.4828400368618958,0.5893097429664971,0.6946132
0.4507014699138824,0.1425441959430661,0.734588490883742,0.75697994
0.4672526714028403,0.21516025387529156,0.5891871004075141,0.7193821
0.014949746635561256,0.40909191906111153,0.4825193974994092,0.7981592
0.246629074218379,0.5204838060133079,0.37059128679678555,0.62375546
0.035093210349113696,0.3692671351559861,0.47137131952781725,0.82005584
0.09944181037460552,0.41259773815223993,0.40737122177201557,0.8677086
0.13550971941900058,0.31243572424175436,0.5153836772444332,0.81247663
0.5403069726826424,0.17954179220952804,0.4897947852655789,0.8830757
0.11266220032603497,0.45794794009671097,0.5529763219386223,0.62585413
0.24928265355592166,0.47964624619468305,0.3496161216119733,0.67035437
0.3412824061252776,0.5720682229104918,0.5426755530688389,0.3940727
0.46983174181822995,0.13939730252419213,0.8988760788046187,0.6771482
0.12234413354680981,0.5320907897697573,0.5576780651142086,0.60102165
0.3619398231357671,0.6122664458525263,0.5071175657641115,0.41321272
0.18051254661716207,0.4635801259126894,0.5176796209644399,0.60518014
0.21772102951505637,0.37803674987238317,0.45843720063275556,0.7302494
0.041579783831259154,0.36535072196596996,0.4940215316200974,0.81898236
0.09973070486156325,0.29315522486328655,0.5283205054982851,0.8264656
0.22700714747402065,0.424586222369507,0.4335003821258128,0.68291676
0.014867603539620605,0.3897739605576382,0.47085785944941194,0.820388
0.22138823345656944,0.6284783090993125,0.6124284034837677,0.5164796
0.10988206830766688,0.5359154482545705,0.5310390664413303,0.6219131
0.7728517346168123,0.09985570707764962,0.6102492787577315,0.7936397
0.15908497388610326,0.3573140957110187,0.4428044821229603,0.7658437
0.03931496438237936,0.3893211096483251,0.47419043215024215,0.80697596
0.044471292185283506,0.3977227424379124,0.48562872795956974,0.7949965
0.07309155084917776,0.3150989948421238,0.5096753706658611,0.82254255
0.03827529487445855,0.5027188078932863,0.5428251649995899,0.7063557
0.08163598648511998,0.32965222862914806,0.44448311145456215,0.8548887
0.3917647571042581,0.18837205592933445,0.634907997923456,0.78021526
0.04494169829149888,0.3534559417756105,0.4697355292222541,0.8229588
0.5948819295699384,0.5295891891705187,0.3038686466560142,0.47278666
0.013814263366409701,0.47242577971750205,0.5269054029003873,0.73258525
0.02527852112834819,0.38838050984397793,0.4820466780514321,0.81205976
0.5150098133788839,0.5661481953775809,0.17838623437382056,0.53869706
0.25315992751520705,0.24557859899871623,0.5569354955068287,0.78638804
0.29539459400421975,0.23346949365892947,0.5162978150956279,0.8331599
0.07805494970133445,0.3580585789813276,0.7346944245058812,0.71342194
0.044614927026685375,0.3741941445142578,0.4944119525880447,0.8002426
0.3034434091736598,0.19780950516712642,0.6148623877084491,0.8277011
0.06119004048826185,0.49138271966646657,0.6498723867234721,0.6727014
0.2557270076716167,0.2724441245354694,0.4887230819264591,0.80070555
0.1829708426695651,0.43779338210118673,0.41456164169845894,0.6999044
0.12605415065725273,0.3329810775538111,0.5114884119485301,0.7594266
0.1672981525360893,0.5130416350273066,0.5598056396693608,0.5682549
0.15372911105741494,0.3411193643427688,0.45703669640230093,0.77849126
0.07857020702317602,0.42243867833951954,0.4694902262210366,0.7767406
0.2044038379975886,0.3635234985138728,0.44490865245229927,0.7352013
0.12241838654310082,0.5261821553765726,0.5317902178740239,0.6250515
0.08745957514861055,0.5462946385706134,0.6232728969419441,0.5843578
0.1519440098037942,0.5502584683122882,0.5765904205087242,0.5643095
0.02822394644055773,0.4765931589323521,0.5062660701285945,0.7323036
0.32176707523664194,0.5856625631181813,0.4517938509932564,0.5302651
0.07585291966742336,0.4296291222182058,0.4998202288839196,0.7080014
0.030186772729612205,0.42922587999473444,0.5018049110749453,0.7697879
0.132645808386501,0.5751242381375545,0.5789681910247899,0.6266421
0.08800481965297895,0.4343322461566779,0.46712304991946163,0.7316994
0.1061494250227019,0.4279477295778953,0.4795296932328144,0.70587903
0.20546694963448506,0.49691288680587675,0.5603717162708224,0.5568695
0.15373066764944432,0.4747172111024404,0.42004531791201444,0.7105261
0.13918397670160298,0.4901269035070432,0.541469041107967,0.6118924
0.042244348236536944,0.36225082100032346,0.48098602253137934,0.83158773
0.172984957672428,0.34645844971858314,0.5220144563535208,0.76613945
0.06799695359528402,0.37374090844089064,0.47694542603691065,0.8054946
0.026081257947972503,0.3781574354016149,0.47030079561744675,0.83347714
0.26901196285746554,0.5664857928846341,0.4784742673004195,0.5466049
0.045584655694273696,0.35267331230422955,0.47718225058154035,0.8268324
0.09634184145055134,0.38276557977164744,0.4862077352925172,0.7703804
0.13153846099218575,0.29149631951261956,0.4951149075448237,0.83619654
0.23624340696706242,0.4723073633199931,0.4141759810116746,0.6131209
0.5592977423248178,0.8426748640009034,0.8450534764736314,0.20024633
0.2743962727920579,0.3832791490802883,0.38281492887417073,0.73007727
0.12199103733132392,0.3086705810470171,0.5011366893038058,0.82513905
0.5633095672134951,0.1305083785180819,0.6344409326478273,0.8095715
0.0447685521705396,0.40451131937169493,0.4876188316644955,0.7791341
0.09653863681252528,0.48764565929365566,0.49484679466219256,0.6744536
0.2826234836440389,0.21183374636086766,0.5543198992848777,0.8333122
0.35765362900502184,0.5764399527737558,0.4860648113850882,0.44628143
0.31203548137680787,0.256167583008154,0.576977223912089,0.7446627
0.9184067039137024,0.2893784315201444,0.3866349641162433,0.56660175
0.1284561717054808,0.5934587979267358,0.6116270225696181,0.6209638
0.13196197237042653,0.3927444059946943,0.5521301088833741,0.63000584
0.2468238075279933,0.5116100266687885,0.43466062852058346,0.5788777
0.12581183792115386,0.44140784095180746,0.4178451628264921,0.72712636
0.17549986887530405,0.4213652938391595,0.3957047824561942,0.7572681
0.22296199585183687,0.5424502106697612,0.5128533258125866,0.53324735
0.070862549407149,0.3429097757730254,0.48508079944940885,0.8050313
0.5244544805309213,0.4348001748273347,0.13105169024207236,0.77024686
0.34874485723043913,0.6836979373890131,0.5870336274575739,0.45060396
0.16127832948664916,0.29498134168126755,0.5044012087366265,0.82993805
0.11404859388729731,0.5453102515881538,0.5546446682486317,0.61992884
0.7188143015223324,0.09931385221733807,0.7015216185609794,0.76776457
0.0758992864550328,0.4148361636109362,0.47040015802423807,0.7672581
0.613189676952482,0.6609378692676704,0.29664397159342215,0.40747714
0.7225014833807096,0.6698006927241056,0.21156618079322004,0.37191015
0.26010258609086095,0.6501130403440895,0.5848726635091284,0.5314862
0.22878506931093168,0.2449389135141,0.5394222863518028,0.81873715
0.13653308297168087,0.4631350906980004,0.45515736048654193,0.68583477
0.10959561337674556,0.5402655110478571,0.5668424318370984,0.5956148
0.1025232780628517,0.43574237676201716,0.5098917801615422,0.67808414
0.011583270399477708,0.4271828303337627,0.49214756346989064,0.7817098
0.8841934321726319,0.5062516988325795,0.09135486642020618,0.49240714
0.2665412598572481,0.266664426057269,0.5748656085870655,0.7575614
0.01628815026186725,0.415666782226827,0.4908329538045297,0.7976852
0.025304583637879213,0.38023930490770536,0.4722299230899017,0.8276078
0.23650443387557563,0.5323410745408743,0.5625454329642151,0.5367793
0.023281126681533454,0.4099681455773819,0.4934707332465579,0.7931758
0.056518676534652784,0.4899007184750335,0.5264913098318861,0.69264954
0.08091554182559538,0.32796643690513216,0.45029621218763544,0.8667686
0.013577807322357721,0.43994529077812117,0.49895097703330077,0.7655624
0.068196726284803,0.5154885099081301,0.5692057117601556,0.6602932
0.3281036778164773,0.20255195088933664,0.6286472207130294,0.7728715
0.18378181652935477,0.4790875403630982,0.43187556267767213,0.662997
0.41812804149479177,0.2836163519359389,0.4634365682293438,0.75460607
0.03642473936714735,0.3881739583385494,0.48889142899279775,0.8008336
0.09145087545692526,0.4011247398139165,0.4395168780473779,0.804587
0.48646843910992044,0.49909430913959113,0.3100565676729879,0.56691307
0.19534794817881984,0.5266865246948131,0.4993690299066138,0.6396171
0.2126561265396159,0.37077176756967634,0.4657506913800474,0.7002937
0.014811513386043196,0.45494404856225273,0.5095447590075816,0.7656965
0.1772479207578831,0.42174446156633316,0.4134453089906227,0.7129291
0.17628165949700209,0.3231366589710953,0.47050863001697485,0.79761857
0.22218087974513917,0.319142097007582,0.4492382184653444,0.786938
0.04968657014967259,0.39245344320984626,0.4712398488134602,0.79952514
0.2174018444366161,0.44169697337800734,0.37531545381957654,0.69431317
0.23543003157703835,0.2378000035617209,0.5292742512175409,0.8318844
0.3487728085825399,0.6017285464917698,0.5378020243752257,0.41316336
0.6420970272581252,0.12123085867278804,0.6314319112252135,0.7979402
0.4926397805958927,0.4787927810297499,0.17360094112731683,0.6328635
0.19975990825540593,0.5763045209283717,0.5427275576225941,0.54926676
0.4977113942993569,0.6934256294584692,0.5611031560974655,0.3266179
0.06828275143906043,0.5324096067487974,0.5451096022151058,0.6625289
0.15892107392881039,0.3708640712538403,0.6194727062642187,0.6989262
0.5607558736035165,0.5853344718033611,0.13757954730229704,0.541687
0.12629835471405026,0.48110479046888477,0.5320664132272521,0.61297286
0.18738214700081599,0.42009380283422454,0.4518832396883324,0.7047577
0.2012300114955845,0.3330803526913377,0.5175522698043651,0.7544496
0.31065761673794023,0.43583290913298567,0.31444752435368206,0.7108685
0.11264513164546744,0.4899848955905382,0.5045023568472926,0.64720356
0.06258490148363055,0.42218503838129573,0.5698938497377106,0.7031138
0.14209925483905606,0.29439107717437085,0.49553961271802316,0.8244208
0.3709723185305078,0.36185072704363863,0.28958396522544777,0.8031453
0.08480715842282545,0.5256541557485035,0.5507582933843987,0.62842715
0.08386839987370816,0.36676665726599594,0.5075953902849817,0.7976403
0.06917671685664331,0.3544769004279169,0.4759096466801015,0.8149624
0.05074699338170127,0.399195475921634,0.4687061470478694,0.79112005
0.4124849494709845,0.6828278302636652,0.5539449172947253,0.41747707
0.2532610713758241,0.30467221287942503,0.3860113541152651,0.8381914
0.508360295921539,0.35029230657654453,0.4242042195620554,0.62538177
0.4020954345217742,0.3813675222296718,0.36585423515078785,0.6942716
0.18227239195976577,0.4596689312015538,0.354993737021022,0.73324686
0.2519216236157086,0.40289472213827243,0.41148221805164853,0.69753325
0.12443695053958756,0.527330728080483,0.5476633447861404,0.60997224
0.08168536682400548,0.33902970703291463,0.45087834230312135,0.8507378
0.028143094615500797,0.3821737632522017,0.47259298035388536,0.82345235
0.02426494034167298,0.38301505022485277,0.4509406964044348,0.8436777
0.03282251917556561,0.3726668016514669,0.4564977538538526,0.83789575
0.007572071334014552,0.41669833415492086,0.487693068082511,0.7883487
0.10643968735978618,0.5115795867752353,0.5398974714507386,0.6262276
0.13877124006775587,0.27972215547949053,0.524504346471323,0.82131183
0.3445913666319139,0.389997507506711,0.34075276815482775,0.7204671
0.09746735900560825,0.40912125838245444,0.43336083166758343,0.7585285
0.09842878512555911,0.4594559865898774,0.49197367084338883,0.6899992
0.1380226198631112,0.2707958488714079,0.5384470930813255,0.82935
0.3623393801119227,0.19546626505215672,0.6099539586275466,0.7879789
0.039138378609543584,0.3773789685840779,0.4757741249408997,0.8174381
0.052948964597651416,0.35035497362280854,0.48226263036813416,0.82602423
0.03680711713617904,0.4211509728262471,0.5036299807045326,0.73990834
0.10477547624278338,0.3091707751004846,0.5835297292192685,0.79289025
0.14810630971054561,0.44968151829889885,0.49750471291131737,0.6396973
0.10849855558633945,0.2969771809826584,0.5349045957353397,0.7981951
0.4050796648085995,0.31377591742478617,0.379939786616398,0.7673554
0.45899364924857894,0.6269910013885425,0.4971213526036105,0.33031148
0.014982301999974357,0.4567535473998694,0.5060845919977407,0.74701095
0.1460111958024367,0.2999606102455844,0.5054108459918019,0.80816454
0.34015251605174596,0.34850752001284946,0.4817223057361229,0.6539134
0.04675017334238732,0.4352721200614982,0.5015509512726073,0.72517437
0.2472063695847127,0.6093429217415088,0.5073206787472082,0.54265654
0.09771267823420181,0.42787369407265174,0.500074582654613,0.69788367
0.39475076323509833,0.26253169388872155,0.5315752158059145,0.7117444
0.06680518411641573,0.44008816338908213,0.5739007708006642,0.6117511
0.3246226178037416,0.20144079078425944,0.6000220502265335,0.7792495
0.48090630811651475,0.7504386891888515,0.7183707522047444,0.22726262
0.40486539489644086,0.38448039326926614,0.24718683378687867,0.78344834
0.0936379020908069,0.3275356822084011,0.5015124396131878,0.8102731
0.10348735652925002,0.3093050566177427,0.49748339562791877,0.8421084
0.39176035241900387,0.17627520445679232,0.6286872692540539,0.7991122
0.1485981869617736,0.29337922065367394,0.4936920883486535,0.84633994
0.2212918870462949,0.4140544324686124,0.26581059325860745,0.8372979
0.06182904873419548,0.4335798717452939,0.48067556490667995,0.77024144
0.578286475767007,0.4844259439005386,0.07128462660911011,0.7231691
0.27920083926721373,0.37998572698056987,0.4329080519198123,0.7042861
0.20615973401020998,0.6443444689257314,0.6391947903556531,0.55433977
0.05733650513733832,0.3808991938130144,0.4595510980790424,0.80727565
0.4021168037148195,0.5536469726934445,0.3208983488870843,0.49433622
0.1624092208022366,0.37377790557658364,0.3909287825799661,0.78948814
0.10428773597346769,0.37501979294489207,0.46430102328016204,0.78145117
0.05397988017924843,0.3537218645772298,0.48237102946793964,0.8368474
0.060179973703584855,0.3376751248211182,0.5430505610165592,0.7605014
0.20323685674241454,0.38264876364305916,0.26600885868504537,0.8958857
0.5291515944283597,0.16220019529798918,0.6224832341332202,0.7988652
0.4039377582946614,0.16001710221285576,0.7528700887181831,0.75566846
0.07298194510647374,0.3323914740860884,0.5452246384597931,0.8014065
0.16119388916114966,0.36396299805516563,0.5334002569948273,0.76833814
0.08105623579991461,0.32727380778031256,0.4607778626271921,0.8539539
0.3205385097845194,0.34313346542277706,0.4204602085912017,0.72914046
0.04820107265144738,0.39293141340242416,0.4911307414909196,0.793928
0.2648412874715671,0.6793709582059646,0.7362144475718025,0.40898788
0.17839230522907198,0.28072166174956914,0.45916064467323026,0.86838603
0.04843285576014611,0.3793034090980231,0.47843614325594613,0.81662315
0.4911808902938988,0.1929836996397428,0.5784485929150179,0.8120253
0.16434268430717822,0.4202310579786031,0.46054567337869745,0.68100107
0.120907255473816,0.3866674441022377,0.47595999108164305,0.75041616
0.345345078443115,0.2115450981218322,0.552224280181162,0.812142
0.39402802669260906,0.40391140348906207,0.4405812243934805,0.5559622
0.3810341986822951,0.49498214924374506,0.3681224179457182,0.5429145
0.35798169227010307,0.5666622826957336,0.4054568917312022,0.5199393
0.2670176864521641,0.24066586110588054,0.5333457450878832,0.78421706
0.542447269011564,0.8259056070347277,0.8496428744613926,0.19031858
0.14150813123989536,0.26067420671159547,0.6084019398973639,0.77876365
0.5204184465386155,0.5060606103339205,0.18120714440490754,0.64720094
0.09399800751970726,0.36848815673173635,0.478071099550314,0.79888576
0.03370927555618464,0.456209934636322,0.5907354273913361,0.73489964
0.04030499978600435,0.3555620965113733,0.5158706860850993,0.8118547
0.15243209830480378,0.4386258135850404,0.46727793901262415,0.6704554
0.14899640351062826,0.28072062192809455,0.5182845444611043,0.83495617
0.06685799214484062,0.4670064333772909,0.49114578936229414,0.714018
0.5299561986994383,0.6355417760764778,0.5265161795749478,0.25881314
0.24515430012673808,0.6474477840354003,0.672628271541618,0.46215928
0.3675104514085874,0.708105512555085,0.7259179226826008,0.38829392
0.09370955380588411,0.5429703780846232,0.5581090037685407,0.6357037
0.039533550427885006,0.44211668709488494,0.5058317075444585,0.7240571
0.3406497000809414,0.6457607693610856,0.6132952834513764,0.38539785
0.10616038471551241,0.4379067115579179,0.4870234657610615,0.703375
0.4514118166118589,0.17325271433195347,0.6884023916356532,0.70616025
0.13364480662173167,0.32438338298660385,0.47972217807482315,0.82391715
0.06144297936972409,0.3714279276502702,0.6653449444396066,0.69143367
0.10244566884519297,0.5181728446470877,0.5008652095905782,0.6687325
0.08288362325969821,0.33844043017456654,0.48334710939224795,0.82344264
0.21049010873245708,0.6099626534564851,0.625796708964611,0.4929875
0.05392579729678937,0.3818161517835681,0.48594041197234494,0.8079318
0.5699234683045323,0.7727306883160598,0.5623006719721422,0.2915694
0.40597521776376033,0.18264246256538083,0.5802963426695305,0.81307167
0.13388511731219943,0.3439970823976486,0.5011042426273669,0.7818246
0.3193872039142649,0.6541118590341503,0.5699682911796121,0.48226544
0.0844279960219559,0.31786464856109387,0.5036279259883949,0.8266016
0.24109573302875664,0.5809633573000544,0.5662444527053823,0.5039468
0.010502483461183654,0.46530408059546646,0.5181560226675996,0.75142425
0.3663758166453386,0.47312263920590947,0.1928593384136173,0.7475723
0.05976936193807067,0.3827437395337772,0.4412753289869912,0.853965
0.07670660804320303,0.5037041649085369,0.5336390736582141,0.6584037
0.18748971511380816,0.5460742570569926,0.5312592439161852,0.5612156
0.37659239064564676,0.4802470917949112,0.405224226587721,0.59457517
0.04306903077656413,0.42382782856930656,0.48946017557254273,0.7726355
0.15633554546369485,0.3028042926951263,0.5244950461248036,0.8042734
0.29586591263608,0.6539954639426444,0.665429424582323,0.41399348
0.7529371667647731,0.6485382695559707,0.16102132316446555,0.4108702
0.4652333139539183,0.4062821820895376,0.28591846852369407,0.7347237
0.12466549606585645,0.2969019285639698,0.5535088827449719,0.7634358
0.40266933203136324,0.7477923924683822,0.7189029422797534,0.33644605
0.7554885918920842,0.9071707293424884,0.7810846472107693,0.051719844
0.14860473638042884,0.44188842755969904,0.43659244795717495,0.7080505
0.3168661469531477,0.6877215010364082,0.6207058099998116,0.47907925
0.13155090322121515,0.3180573210532687,0.5322910122295444,0.741902
0.21720478743506214,0.5443865780893169,0.4729953384648194,0.57076967
0.2076671238975191,0.4181832576839983,0.3088206024375819,0.8095687
0.13244266854563835,0.4879117156997753,0.4563813266697992,0.6744347
0.20444205662176254,0.29059036239589187,0.49190958104347327,0.79496473
0.11574155510848297,0.3094985301222627,0.6215945161322589,0.76720357
0.10182287847963539,0.302737738578496,0.5308255897868804,0.8157817
0.09328395294480941,0.4196632258388359,0.4836075006344659,0.7191706
0.25055445171440255,0.6187813850573001,0.6112358142470498,0.45940292
0.13332775696716148,0.38933735604346176,0.5170559945162251,0.709481
0.24049352194932408,0.5873142858987824,0.5361664740966802,0.5480956
0.18061095625364623,0.5584862874875771,0.5528866426289466,0.55015826
0.11963402021588376,0.36003791525123185,0.5090677124152871,0.7897462
0.4275749263343146,0.7187522225119265,0.6600587400145692,0.33733672
0.23076015087531243,0.44897971434977724,0.3888883137146692,0.6912656
0.08194413765183195,0.4585733708319546,0.492865718459325,0.70280397
0.048219910411740036,0.490306929932226,0.52091831897265,0.68667126
0.11231626397098413,0.37720444930402247,0.4901979776086917,0.79261893
0.14192225384345533,0.3991028109095375,0.43953086919483,0.7481328
0.2979597252819917,0.20494350082106944,0.6078554451720657,0.7763304
0.15118234543422143,0.30560163834650533,0.47962867623134964,0.8033286
0.2186373798376084,0.23746543872413622,0.5387033442921111,0.8275621
0.01144119303525562,0.4115073256017872,0.5130550671856354,0.7654541
0.19707776601174856,0.2630057087856952,0.5492383258957269,0.8195609
0.08489128748247682,0.5405267468058974,0.5516849508302084,0.6403734
0.24564468324805086,0.4048993871160046,0.41222532590046446,0.7216513
0.10508136143182219,0.4490777370126814,0.4730559420634441,0.66164386
0.039848899325687026,0.3874139007744784,0.545960534248146,0.7968258
0.2562626203046889,0.38586419681027223,0.4305451653102851,0.7125526
0.1145792971320496,0.540643971001565,0.5825358049116436,0.6181843
0.18870497723341337,0.26037415605267666,0.6264217280811013,0.7875169
0.8958191173697793,0.021045159781700573,0.9133030222206693,0.6476083
0.10883822370206679,0.39235007619743445,0.4844046375773636,0.76384145
0.3576752346454357,0.20521565387795665,0.6056605121314933,0.79502857
0.04884246742981113,0.5080152514656068,0.523323293451789,0.71457076
0.3901973655701374,0.23793738055159172,0.5317158212923613,0.75453174
0.41240626662237884,0.27936733941984215,0.5269533777827713,0.66873956
0.048660101110128834,0.38131446623521376,0.45113626069991297,0.86494863
0.22259559586793426,0.6200626503223826,0.615583179771337,0.541589
0.44678448988990116,0.30158396027486395,0.43318930601535816,0.6682148
0.06843545183230829,0.3195622321032166,0.574600295589955,0.8009285
0.603868113461139,0.865442372784772,0.8744272928663916,0.16236544
0.03162726659539836,0.4271801483485844,0.5012528080070133,0.7498318
0.07974684473680371,0.4813657241463051,0.5227799636710101,0.6382736
0.08735925772454209,0.3834877786432248,0.6083724105651231,0.694908
0.10550586165918491,0.5085206763695881,0.6484301999923281,0.53513944
0.14594406219689215,0.44263532366533087,0.4327102023554223,0.6987617
0.1464459102374988,0.3398632118058561,0.5019589156129718,0.741811
0.042321779845362895,0.3613921018919558,0.5121389684443177,0.8008313
0.33616467218050317,0.21323351352885228,0.557124604217733,0.811832
0.09874993852319465,0.360070219613145,0.44060721579810674,0.8231654
0.39754404745118493,0.5749680166764514,0.4104146095078727,0.49918646
0.049193703845619885,0.391587415906118,0.48149556946712696,0.78459394
0.2595591088958499,0.2236586299434509,0.6318975687343472,0.7678545
0.020635266763687488,0.48593633527740865,0.518156842162949,0.7256545
0.28283500829565256,0.6535942767969651,0.6001765551240493,0.4928822
0.10240512889443808,0.44966469616444027,0.4024983693817201,0.7359962
0.0526062309008882,0.4365498941643219,0.4829514741540003,0.7281181
0.035507874143773405,0.3621385493390738,0.5045854547217618,0.8198341
0.1811670168688402,0.4853100553824857,0.5165442364060576,0.58099365
0.06734074310372365,0.3978558691553554,0.481576540970396,0.76261586
0.23027245748469374,0.6328004864836235,0.5930044883508365,0.5452026
0.1463050097346359,0.5261780630672331,0.5313348464070072,0.6091299
0.2814507849665735,0.5973233422212392,0.4228229305062104,0.52997684
0.13302266296750287,0.38572527747503105,0.4567034539763625,0.74225664
0.14385466134118824,0.5512403012909285,0.5895551373588812,0.57335436
0.11679472428926246,0.4655807251550893,0.5249993329692991,0.62866545
0.5209542923285042,0.30220999043822594,0.39806283936836845,0.74429965
0.04503923870538534,0.387578978946453,0.4959857879120383,0.793069
0.5127551333932132,0.6456470960463553,0.3967919738915909,0.35400897
0.25017174087095206,0.3442912346765012,0.312884428201525,0.84936196
0.3758228949938146,0.5193622256419305,0.47609789979601874,0.50289685
0.0711035153176349,0.40441543904855426,0.41489037101044046,0.8062879
0.14777303452484958,0.29159320525784194,0.5537719361181443,0.77685297
0.30326595085635266,0.2250791960072357,0.5542165723508188,0.8026095
0.3569603190709044,0.739140752907935,0.7359927965039407,0.444389
0.1945013222465402,0.5098434399019689,0.5163053762922657,0.5673139
0.3444659066440506,0.6414482053703996,0.6551515570409129,0.3917176
0.384107501514965,0.22424063276842285,0.5429123834622885,0.7815767
0.11264621733372995,0.45199888319219433,0.46383981861177415,0.7039196
0.1497241027807173,0.2888670348426392,0.49006264353909074,0.8310294
0.06275756924656817,0.4590323939117466,0.48572581181024005,0.73730636
0.22055015445553453,0.5162906287108823,0.43980161376975735,0.62195444
0.14731814281945116,0.5925331767443438,0.605433201464018,0.58399725
0.1009139312196174,0.43943418764481207,0.5024092473533984,0.6871809
0.08915755150293946,0.4231657489669993,0.5011586070442183,0.7059736
0.2121994668149923,0.5766093828906753,0.5745860599200374,0.53505576
0.32346990700101524,0.5679676939307021,0.4676323843457247,0.58511174
0.06220439283916995,0.36175561061338923,0.49181900131209455,0.8035854
0.052804314656836826,0.42576001023425736,0.49041803264123596,0.7441713
0.3551914513620894,0.5246250580582152,0.3990595573038523,0.5544633
0.05849033227730835,0.39612025539309326,0.4735894576352146,0.7715224
0.037509215070367696,0.43550300418372373,0.5041826299042692,0.755167
0.33543684915493754,0.27824749901309376,0.5599334568426018,0.64155954
0.12503789437808743,0.3673305756465827,0.4073516890239606,0.82523286
0.23568598090360052,0.5203313804566506,0.5196514151134908,0.53723866
0.14594076923148738,0.5584199153326768,0.5824199250959545,0.56679165
0.82141323277228,0.36178275742558724,0.27064705531733735,0.6584773
0.1747446629116821,0.2437110693341667,0.6316120507123284,0.7838815
0.7466401678251224,0.21153412726984214,0.43833321667020947,0.768268
0.1213673466764812,0.5580822865351786,0.6323200133460798,0.62178147
0.17567480517905287,0.49097389423867693,0.46228735045632213,0.65329343
0.1105269468505376,0.45551549762946075,0.4410935394609936,0.71421367
0.20944290058775233,0.4423388021041333,0.461478138810416,0.6991642
0.061292121865278576,0.43918139205721995,0.48199881166070896,0.7449188
0.058242072779282866,0.537813935600881,0.5876256698967319,0.6575611
0.39147122671225,0.5877590834825797,0.5821482414739414,0.3720175
0.03673957934717004,0.4384232310002353,0.5477491312634988,0.6967095
0.13409725258845767,0.31248581691231403,0.49997799089988176,0.8207556
0.2275058043186506,0.27035865489991995,0.516999308933036,0.82150614
0.0689824218946126,0.5387402440271067,0.5636829304353307,0.68072724
0.3316431049647025,0.6400194142630119,0.6408296924051613,0.35970724
0.15250970502839833,0.530205601055091,0.5490661739279745,0.58042943
0.19703469595060635,0.3813142235133839,0.45029612289074245,0.72363126
0.03083547186363822,0.38683410728854145,0.5785478466334074,0.72981524
0.221274765711314,0.5591808507715619,0.4914498656849353,0.5420848
0.23437118497482634,0.5380996421535982,0.45246206583659376,0.575352
0.17517718944494418,0.2855539705289334,0.5405010232849845,0.80593395
0.02635120272644398,0.37325237049434246,0.4747204144941425,0.8277624
0.17150692052468555,0.4716114952286813,0.5281561298272501,0.5904486
0.4333929281910016,0.679187455829412,0.46782065553261576,0.36642635
0.057325873385158516,0.3787282738598352,0.5215703730443408,0.7924121
0.1761799931791183,0.442873390049179,0.5218950643092539,0.6161015
0.12756653620216635,0.4081135889730895,0.45290685562069294,0.7416787
0.3752469424596361,0.6303307911752478,0.4820033876668616,0.42714804
0.07692543181920322,0.3245420185598043,0.5437314666086845,0.79925025
0.24324744246681446,0.24052467665234212,0.5303647588558619,0.8335529
0.33996083889852247,0.18382067112975817,0.6028147596715596,0.81578934
0.2569425712909082,0.2546554321020007,0.5260620847391061,0.8108327
0.043102236458693405,0.3929576385476067,0.5018667613875996,0.78141654
0.38734298178085785,0.17751578507832047,0.6516528930695711,0.797523
0.055086919872215645,0.4036320071069577,0.4372238020502592,0.80319494
0.25636982506705697,0.6529025856150081,0.6457592856531159,0.51227665
0.022404151986272658,0.3808725752992844,0.47410766591683906,0.82030123
0.19932261390140282,0.25035577096260664,0.5682751416649283,0.80384237
0.06012420331004603,0.3441304293985622,0.48557744450760426,0.8374765
0.09240597777409007,0.4216088835562893,0.48625695595632373,0.71973836
0.08468668021374277,0.39397296520441666,0.3745871548596056,0.8534061
0.12977186063985624,0.41964228716246027,0.4350400634971739,0.7380605
0.1389779539477229,0.4329065584132358,0.4877996543782968,0.6734257
0.21500526516481247,0.6512421463301964,0.6663283175715766,0.52266955
0.237827311911049,0.5795092172003534,0.5157585137291338,0.5430548
0.020106969527261737,0.38954623888283657,0.48920392422856496,0.8097024
0.03817734656742172,0.44053503327546917,0.5061573758861304,0.74251515
0.062082312053496014,0.3814532442130343,0.4886510823962631,0.78636926
0.013581457743590902,0.47874228950522885,0.5121345445397789,0.7409608
0.4617358714106441,0.704529437204434,0.5159499268883451,0.3936363
0.1466097940178261,0.3271784911666041,0.5194064489009219,0.7740183
0.05838951322242533,0.34287754453904057,0.5400509939091349,0.78826255
0.3013304656485486,0.6460365799900374,0.5965328762587467,0.4592802
0.23452181425786042,0.5697277322428991,0.5146703467145598,0.5726703
0.04059969908885028,0.501417823684377,0.5304852203163613,0.6855737
0.33300228891603967,0.628580389161012,0.5159874246964575,0.47098643
0.18303822970389538,0.26329641206866533,0.5502463614355194,0.82184124
0.019346783577001453,0.47502334488759046,0.5190196866075696,0.7277808
0.16348817784585368,0.5205870262416389,0.5311062547414992,0.57738256
0.2612874048780582,0.6327512270077108,0.5653546327755223,0.52411866
0.07541710668594045,0.35613342280905774,0.5209183860251783,0.73897266
0.02083568431276131,0.38314334882292894,0.4695315936842307,0.82691514
0.36339461461429595,0.2622213453474348,0.5142621768951521,0.75879216
0.11316168015824518,0.46832159480606145,0.5336757218692996,0.6333989
0.3232607290624176,0.5594060349944361,0.37953354690543234,0.5674515
0.9837850868028555,0.4107609751063427,0.14670909582530628,0.6080824
0.1246055783006918,0.4076025636049311,0.37679425785463916,0.83814144
0.224156936427394,0.4751815728893066,0.41480889155071743,0.64655817
0.3377097491761026,0.6656974745082674,0.6373687387031721,0.4019168
0.02595130877766552,0.3635249995198421,0.5425089606493275,0.8072309
0.5216319819435278,0.5203734775316913,0.17501133568557908,0.6214558
0.5201082562958883,0.6269983213726829,0.46328107350489456,0.43918848
0.08376178419949638,0.39650790162513916,0.4190565706288955,0.8091931
0.1516490318986266,0.39802040545416384,0.4980419164024958,0.7206832
0.045696319147496806,0.43313201528430817,0.46549340596939576,0.7782772
0.19656431859591017,0.2919081009572778,0.50085335022359,0.80418754
0.15393273422442844,0.5045674692560496,0.4714884641846899,0.64425075
0.05449858327117499,0.5013156477489039,0.5301679708022526,0.6754807
0.02289730185217334,0.38212643210768127,0.472118560495692,0.8269683
0.041047246140060445,0.3485446258028969,0.5281539354323436,0.8199649
0.39402311571428544,0.2111573507681793,0.5189586246629629,0.75793064
0.022356899066426378,0.3910378497204616,0.47702787675196057,0.81273806
0.08125486690715526,0.46400778673620746,0.5268679713223605,0.65371203
0.2890771269458271,0.23014167953647102,0.5647606338859131,0.8032584
0.2022135375614735,0.3795420257427031,0.5598257957308352,0.65667516
0.033830367545348905,0.36627216389129835,0.48236851641857315,0.82267004
0.37624261928114777,0.7098313525713764,0.7073098454346354,0.36891425
