AFP,Input,Output,Enquiry,File,Added,PDR_UFP,N_effort,Generated_Var_1,Generated_Var_2,Generated_Var_3,Effort
0.0005730428,-0.0018988028,0.0075124893,0.031916384,-0.018299777,0.0026706234,0.135946,0.024205333,0.6025153,0.9667816,0.9409026,0.01905912
-0.00042474084,-0.0045780037,0.00049844943,0.04025712,-0.0010677688,0.0058704317,0.4132818,0.05295512,0.5726044,0.87886673,0.79057294,0.023488902
0.034923054,0.023443725,0.060046915,0.08116572,0.05412881,0.044288397,0.010374103,0.0277452,0.59943926,0.92847574,0.92083097,0.01602025
0.008700449,0.007048346,0.02338932,0.016375963,0.012116881,0.011763407,0.0070236176,0.00049483776,0.61932576,1.0011656,1.0074418,-0.009447336
0.03380717,0.024491876,0.06739941,0.15157612,0.0073730983,0.020264784,0.17030728,0.2137227,0.6035491,0.8813611,0.86945385,0.18237136
-0.003610353,-0.011850055,0.012217004,0.030193567,0.0013037398,0.0021224506,0.15965804,0.022623522,0.58859086,0.9396146,0.91725445,0.012953956
0.015548738,0.005778037,0.038151234,0.063612394,0.023411535,0.0027741715,0.05707319,0.047309563,0.60198593,0.924101,0.91450745,0.038118325
0.018653918,0.006296087,0.065935224,0.033621028,0.014245322,0.012721363,0.03028196,0.027835919,0.6071868,0.9581398,0.96957475,0.0163737
0.02421271,0.0068809725,0.08517751,0.043527894,0.029004594,0.028399648,0.011408657,0.026932007,0.6056336,0.92879564,0.9306849,0.01329297
0.0063058473,-0.0023884661,0.024990782,0.06665425,-0.0020828806,0.0078942105,0.029130002,0.016290352,0.6031984,0.9402599,0.9610639,0.004114766
0.004325978,-0.0015235934,0.03305011,0.028869597,-0.00071136653,0.012064183,0.12142898,0.04885541,0.60507965,0.9672761,0.95610136,0.03719756
0.009090164,0.0030186959,0.026503496,0.017441198,0.00862975,0.011218004,0.02732948,0.018906133,0.5940367,0.9668251,1.0049406,0.00367168
-0.00021066144,-0.006439341,0.014149439,0.020408858,0.0012604035,0.0072218906,0.04111099,0.0064487606,0.60775805,0.9666135,0.9943257,-0.0052590086
0.029459331,0.02228846,0.028419282,0.14024739,0.054884657,0.044496447,0.1459105,0.16500215,0.5863482,0.87441504,0.8203214,0.14394973
-0.0013484946,-0.0039511584,0.011802796,0.036807008,-0.0023869388,0.008024311,0.19668166,0.03103449,0.59918416,0.92817956,0.8862229,0.019659061
0.009800247,0.004896179,0.041193366,0.006759867,0.007775292,0.011757256,0.058510933,0.027000396,0.62466496,0.98640144,0.98733634,0.015655633
0.014082307,0.011983138,-0.009559917,0.12232776,0.011795396,0.016263515,0.31771275,0.1616609,0.5593834,0.87208486,0.8314901,0.12650065
0.025565041,0.0105276145,0.031026106,0.10023576,0.029741256,0.012776041,0.03478233,0.037762396,0.60249186,0.97741187,1.0448028,0.019888127
0.00017406326,0.0005521085,0.013871759,0.042868115,-0.0051702857,0.008539204,0.14617598,0.042010672,0.60040843,0.93387747,0.91281146,0.031018443
0.009577595,0.010864157,0.0013787225,0.08548959,0.010246554,0.0156092625,0.39217257,0.18060294,0.5612261,0.8719245,0.811677,0.13888307
0.016123999,0.0017480105,0.04332531,0.008720748,0.028105436,0.030112168,0.056791317,0.057406165,0.5796746,0.91735685,0.88543,0.04766301
0.005884204,0.009254582,0.010090563,0.049079675,-0.00038170815,0.004599821,0.28613907,0.0799016,0.57757276,0.9218053,0.87890404,0.061767876
0.012807654,0.0077838264,0.017243497,0.03280408,0.019809362,0.019220695,0.36945626,0.11873718,0.5415132,0.85121953,0.78783584,0.08254009
0.013421909,0.007938303,-0.0012909975,0.0590997,0.013672404,0.019084495,0.020292068,0.0018399749,0.6109078,1.0001793,1.024709,-0.010504562
0.024929995,0.015350305,0.04678372,0.040188298,0.04506608,0.034491967,0.047901638,0.062151514,0.6045749,0.94367146,0.9558002,0.047632534
0.004345293,0.0013363697,-0.013573023,0.046450205,0.009222211,0.007386368,0.19129412,0.036718875,0.6035534,0.96007824,0.9147938,0.02317721
0.0120230755,0.0044167005,0.036952965,0.06800154,0.004669687,0.013575405,0.08730109,0.044104025,0.6079545,0.97150195,0.9681273,0.034825098
0.010387632,0.010237731,0.0014280956,0.035574168,0.022175696,0.007331023,0.016437259,0.032097302,0.5872964,0.9212674,0.9631044,0.0155827105
0.0545588,0.029925954,0.104428455,0.22391258,0.03624353,0.064318016,0.14746897,0.28249833,0.58828115,0.87408674,0.8465779,0.25548807
0.0030191713,0.0002592355,-0.012459183,0.038546972,0.01912868,0.007693995,0.08811818,0.037146978,0.60395396,0.92458814,0.90662664,0.025346044
0.018152736,0.008270793,0.081623584,0.020503264,0.0057428535,0.022503316,0.004610602,0.0053269435,0.60802007,0.93597364,0.944658,-0.0060751676
0.005843955,0.0023653544,0.0094094835,0.011616148,-0.008328225,0.008099504,0.12865059,0.04069808,0.6126467,0.9911264,0.961605,0.03279571
0.0010387572,-0.006150283,0.01016417,0.038552813,-0.0036399104,0.0027444102,0.12066734,0.02804652,0.61055064,0.96260476,0.9579953,0.018619126
0.0012494926,-0.0009905994,-0.0035552233,0.041331604,0.004338149,0.0060491506,0.33919707,0.051547684,0.5715705,0.9020407,0.8165324,0.025353912
0.045138307,0.026250161,0.0790512,0.16537923,0.030253908,0.040981412,-0.004882235,0.031764418,0.59740186,0.9100369,0.888722,0.017393589
0.011811268,0.0025752094,0.035046566,0.07191306,0.0049791094,0.023179729,0.095887795,0.06219054,0.6032639,0.94517064,0.92547995,0.051057134
0.009878075,0.001031125,0.028363477,0.013365518,0.0170372,0.015913678,0.004769638,0.017480586,0.5893594,0.9499279,0.98863024,0.00012409361
0.037964363,0.017911892,0.12025833,0.02317892,0.050269935,0.041756745,0.08874363,0.11461947,0.58891153,0.93627656,0.8840304,0.099051274
0.02380728,0.0053150207,0.06477244,0.10743199,0.02508954,0.04162915,0.050212786,0.043699645,0.5948074,0.91119885,0.90736324,0.03414711
0.05196062,0.038125075,0.11414811,0.22333688,0.0116187725,0.026712522,0.19234566,0.3338894,0.6139065,0.9128326,0.9037871,0.30435917
0.032002084,0.01675725,0.030898008,0.16754796,0.048241857,0.043108474,0.08051747,0.07118695,0.5899701,0.89406383,0.8857263,0.05597064
0.0323381,0.015512276,0.091740355,0.0488912,0.030911535,0.0398982,0.077337995,0.10272292,0.58147913,0.908427,0.8967305,0.089321226
0.009606829,0.00413014,0.014667708,0.07672322,0.008868407,0.008989239,0.11081853,0.052272543,0.6006187,0.9506042,0.92879957,0.04058658
0.00022382103,-0.0011038333,0.020235628,0.03638702,-0.0072639324,0.009675723,0.17306514,0.032547526,0.6207826,0.9246211,0.89436525,0.02291234
0.028132144,0.010335412,0.05547491,0.0709071,0.043147467,0.03159754,0.054836128,0.051167466,0.60469514,0.9643723,0.9870637,0.03874082
-0.0010712286,-0.0037644785,3.408082e-05,0.022707269,-0.010315023,0.0027980916,0.15757151,0.01266635,0.59341204,0.93433344,0.8788156,0.0096439235
-0.0014202185,-0.0054834094,0.015444562,0.020026177,0.005271202,0.012225721,0.43167028,0.04815696,0.5803809,0.90048665,0.80763316,0.016526511
0.0050734906,0.0024288408,0.010347584,0.050669305,0.005074324,0.012228206,0.18702678,0.062376738,0.6030432,0.9756704,0.9501787,0.049563
0.013407957,0.0035207942,0.0286197,0.057378948,0.0042485427,0.021229457,0.07820869,0.027367929,0.6008251,0.9504524,0.9624954,0.018288705
0.03139659,0.017829727,0.045066763,0.070022844,0.05138658,0.043595906,0.05382506,0.082749516,0.5938475,0.96175015,0.9152456,0.07011145
-0.010902908,-0.016723923,-0.00023374148,-0.01953176,0.025582988,-0.00096783787,0.48400158,0.056807816,0.5778227,0.9328189,0.88671786,0.021573031
0.02804512,0.013301916,0.07752606,0.048804242,0.024841402,0.041613713,0.120627195,0.14436527,0.60479426,0.9680871,0.9319787,0.1309526
0.0072238133,-0.0070553143,0.02665963,0.055550136,0.0070081446,0.014984658,0.044672307,0.011054045,0.60871047,0.95646966,0.9336967,0.004329505
0.02479659,0.013174158,0.049680937,0.119229436,0.022995887,0.028834075,0.01075061,0.028995575,0.5866424,0.92357266,0.9507546,0.01169765
0.0047205677,0.0005740989,0.012401987,0.036613166,0.0072876066,0.007950263,0.06657402,0.026919505,0.6102418,0.9357766,0.9460896,0.010544168
0.0067012543,0.00761069,0.01253508,0.022339728,0.00659371,0.007987248,0.05162166,0.029833341,0.5983223,0.9697938,0.9932996,0.018126551
0.007424266,-0.00073750503,-0.009304241,0.041359104,0.026191046,0.013233198,0.12365261,0.043932885,0.5909636,0.9213093,0.90573543,0.032373328
0.01374195,0.00615526,0.030868981,0.04664706,0.019160006,0.013412591,0.01905736,0.024791462,0.6189761,0.99190336,1.0132027,0.012174001
0.015647452,0.0044114254,0.018226337,0.08892272,0.015341263,0.011282742,0.05489575,0.03301785,0.5845337,0.91918993,0.9460657,0.02073588
0.022509865,0.0054091103,0.058689002,0.100473836,0.029510174,0.042740785,0.016540341,0.02798382,0.59573734,0.95988464,0.97864884,0.012541715
0.0038226717,0.0044269376,0.022266619,-0.0020792894,0.003085021,0.012767008,0.025964947,0.0145233255,0.6163014,0.98320496,0.9907499,0.002486032
0.005903519,-0.0020404533,0.031671587,0.045782078,0.004678106,0.0117750205,0.29121575,0.06814922,0.5663692,0.88620853,0.83442277,0.04658183
0.010908365,0.002411319,0.023769174,0.037911724,0.0064987186,0.0036501884,0.20173086,0.059859745,0.5891197,0.92028046,0.8656394,0.050619595
-0.00021793414,-0.0062220637,0.022552248,-0.00810748,0.008060936,0.012649002,0.1412247,0.030545527,0.59286773,0.95630604,0.9332734,0.017699242
0.0024888557,-0.003852008,0.009617392,0.02592533,0.0058820713,0.010460973,0.141524,0.011976866,0.59785676,0.92728955,0.9031742,0.0031374698
0.008766091,0.0018851571,0.024412561,0.02595831,0.0113838725,0.002605725,0.16919579,0.0737464,0.5943694,0.9456533,0.95009655,0.057629094
0.018321157,0.009335462,0.02969199,0.11676778,0.02291503,0.025182173,0.14926308,0.11169354,0.5919714,0.9041914,0.8947632,0.09357758
0.001531099,0.0019479301,-0.0075502554,-0.009708766,0.021482186,0.015222296,0.07646963,0.029356735,0.6145748,0.9466729,0.9139665,0.019425586
0.01079747,0.0030907094,0.03780387,0.026070248,0.020609329,0.006658932,0.08606137,0.055033974,0.6070738,0.953017,0.93103534,0.042948544
0.053225074,0.031711575,0.099521294,0.07569548,0.084638506,0.08504395,0.1007861,0.19072405,0.563575,0.9239707,0.85313725,0.16292603
0.009003856,0.0031999797,0.022929434,0.042242635,-0.0007024519,0.007050652,0.09025552,0.021666316,0.6117934,0.9257141,0.917375,0.015813686
0.032657415,0.010892365,0.060926016,0.15080997,0.042568848,0.034376673,0.04694244,0.062835775,0.5991459,0.95581484,0.9435794,0.051324703
0.015396169,0.0026927758,0.036119144,0.046236437,0.021842115,0.014430609,0.23224576,0.12076882,0.570767,0.8899492,0.8651151,0.09784462
0.030951047,0.015657846,0.098024055,0.0616967,0.014941363,0.044320285,0.14792208,0.1549298,0.6036303,0.9325688,0.8952186,0.13856752
-0.0039451625,-0.007096689,0.0053631514,0.051489707,-0.020034563,0.002439659,0.13985631,-0.0033823922,0.5975007,0.916663,0.8658243,-0.0039596944
0.01635742,0.0097153485,0.027984716,0.07606964,0.011227379,0.009969847,-0.001053419,0.004102977,0.5972059,0.93016535,0.94178313,-0.008426484
0.037208974,0.015539277,0.10626526,0.096811906,0.029257419,0.014133841,0.04583491,0.069942296,0.6024264,0.94699454,0.955011,0.057732817
0.0019245069,-0.0023272987,0.016829338,0.008158766,0.0039009135,0.0083313845,0.17916659,0.04020992,0.5934521,0.9348718,0.9061043,0.025732106
0.005867811,0.0018563792,0.012199402,0.022763096,0.011166392,0.017031034,0.08596297,0.028024448,0.613711,0.958434,0.94323605,0.019095367
0.0008598687,0.0027616657,0.005655512,0.008585695,0.0054184217,0.00967603,0.017314311,0.0035196142,0.60445845,0.9485822,0.95699733,-0.0071149427
0.032426186,0.024076268,0.030203886,0.029561004,0.07493286,0.0576489,0.030517621,0.056400694,0.5961654,0.9215493,0.8739147,0.03873577
0.0071491357,0.0037033483,0.020672385,0.055696394,0.008692715,0.014675967,0.26632953,0.12913384,0.587049,0.92620504,0.9032844,0.100092754
0.0050959056,0.011281226,-0.00030306168,0.043118373,-0.007813204,6.170198e-05,0.7151303,0.055551507,0.57629395,0.88860226,0.72569793,0.009931263
0.037132606,0.031063557,0.068808496,0.1653423,0.029620796,0.05139815,0.3461908,0.42563674,0.57623184,0.9047392,0.85280687,0.37299123
0.06766398,0.03886053,0.1541574,0.11923976,0.07634483,0.10010065,0.06625558,0.18841185,0.56606346,0.9113785,0.8765357,0.16794254
0.0002969168,-0.0034629013,-0.0015537478,0.0015387759,0.018904867,0.0127334,0.22094145,0.059260137,0.5848309,0.9207708,0.8679406,0.04185746
0.028068913,0.010033313,0.07568845,0.13050605,-0.0009814538,0.0067548845,0.07385834,0.07544597,0.6132473,0.91321397,0.90461856,0.065512314
0.002213575,-1.9187108e-05,-0.007060712,0.031346418,0.0024452768,0.008696927,0.21105698,0.04023654,0.5891932,0.9178511,0.8979996,0.03039445
0.002557077,-0.0035907924,-0.0045494083,0.05278165,-0.0025301054,0.004528079,0.053837687,0.0033360533,0.60784405,0.9685135,0.9502085,0.0007344303
0.005623187,0.00015906617,0.043727074,0.027311493,-0.013670579,0.011551859,0.03848139,0.011317832,0.5887543,0.90574354,0.90272,0.0049306187
0.0014147074,-0.0035643205,0.026464466,0.011056151,-0.013828948,-0.0005910732,0.09336063,0.011198092,0.6154473,0.9725245,0.9612624,0.0014768247
0.027392365,0.0188964,0.0047745556,0.2041025,0.02617751,0.016074525,0.14836906,0.14984667,0.57465255,0.8981608,0.8678904,0.13361248
-0.0012544896,-0.0077041723,0.030860893,0.04596585,-0.020147394,-0.0017201379,0.12609886,0.030549133,0.6260613,0.9485358,0.9541575,0.014517464
-0.00291582,-0.0061900895,0.008499024,0.018067528,-0.008940514,0.0020130873,0.10630916,-0.0068589286,0.60750604,0.96359456,0.96149486,-0.017929422
-0.004295162,-0.013319956,0.0027356576,0.048424006,-0.008232888,0.0026306212,0.21305463,0.013514919,0.5736089,0.90123546,0.85999733,0.002235265
0.015324467,0.007114075,0.025548484,0.07495033,0.0155151505,0.003588263,0.020071093,0.023379957,0.60418683,0.9524622,0.98453677,0.0068587535
0.01660861,0.0035511032,0.082913846,-0.015076261,0.025478054,0.0049905367,0.02338352,0.027146375,0.61983967,0.9737032,0.97770005,0.020866338
0.022305384,0.0016831271,0.07330276,0.075916395,0.012859423,0.0058884975,0.061000213,0.058064602,0.611408,0.92564124,0.9280581,0.044660367
0.00028167386,0.0049393177,-0.0018962324,0.025976818,-0.003278397,-0.003076639,0.22563276,0.044122197,0.59679806,0.96148634,0.93128353,0.03070343
0.0040414766,-0.0018442534,0.0462677,0.021700695,-0.0045591854,0.010531213,0.012328856,0.0066367965,0.6063142,0.9278426,0.9446403,-0.004028605
0.012421763,0.0069548152,0.005452426,0.05760716,0.011125049,0.008057788,0.036189906,0.017885225,0.6150474,1.0270318,1.0516204,0.006586921
0.031291604,0.009685513,0.04811346,0.10488814,0.043991502,0.031665523,0.046405394,0.046243586,0.58244,0.9214494,0.8873982,0.037685763
0.0070704003,0.001660388,0.03414443,0.019525189,0.011100853,0.011576131,0.103194326,0.049176104,0.60940075,0.97597015,0.979026,0.03486899
0.003704344,0.006028112,-0.009258445,0.06788395,0.00020613521,0.009162707,0.39381167,0.13063075,0.5705154,0.90891665,0.8500691,0.097375385
-0.0022820216,0.007046964,-0.030544199,0.012024112,0.012409212,-0.0018344782,0.3348197,0.020272976,0.58928394,0.90918565,0.8126535,0.006339357
-0.0024267342,-0.010110939,0.022368044,0.010692928,-0.0070029385,0.004696613,0.17371374,0.021795953,0.5961114,0.9408541,0.900269,0.011119323
0.004545258,0.0005624499,-0.0032661501,-0.011474382,0.023005653,0.013956824,0.08264545,0.043868907,0.60690296,0.9871017,0.9504218,0.03535278
0.014511502,0.0018713083,0.045960773,0.028416513,0.0012449957,0.00796124,0.100852095,0.03539045,0.5993998,0.9214593,0.88355535,0.0362785
0.006219371,0.0030099489,0.002328394,0.058615033,0.017292745,0.015349779,0.17292798,0.053314276,0.58230996,0.941357,0.9253792,0.03570457
-0.0032599187,-0.0070296545,-0.0061120037,0.0013283081,0.020519998,0.0071750227,0.46440437,0.068349354,0.53438926,0.9372145,0.84915036,0.036721636
-0.00047532003,-0.00436683,0.023178983,0.024168644,-0.007045489,0.0032960884,0.16240554,0.02140951,0.5993696,0.9379034,0.90147907,0.011987779
0.001506051,0.00068750605,-0.0010782238,0.002734907,0.010180004,0.012996718,0.1184977,0.021607196,0.6030369,0.94054306,0.8985016,0.0098060835
0.012469251,-0.00075033307,0.049997825,0.03306066,0.013760427,0.018012641,0.063741,0.03390757,0.60152024,0.983029,0.9931799,0.027122743
0.010624848,0.00093906745,0.00012419373,0.062377337,0.007765323,0.0052087493,0.069896825,0.027061472,0.60500205,0.9800594,0.97762686,0.016020609
0.006300074,0.005196139,0.0150926,0.023618106,0.011653807,0.018258791,0.05837605,0.020908622,0.60745084,0.9312815,0.9177286,0.013986032
0.0016025938,-0.0021387562,-0.01223295,0.03649928,0.0024247617,0.01126636,0.24562135,0.030203832,0.58997655,0.9568926,0.9068806,0.0137836095
0.014823984,0.0070973784,0.022412762,0.080950454,0.013753945,0.0069597997,0.052070227,0.041796155,0.600044,0.9224959,0.93131775,0.029775828
0.048005264,0.03083866,0.08076866,0.25940076,0.015499774,0.03939658,0.13425025,0.21010946,0.6110685,0.91745436,0.8802932,0.19594641
-0.0063383803,-0.007803336,-0.013219613,0.0145838335,0.0037144162,0.0051305853,0.17414679,0.021244062,0.604725,0.9400107,0.8976854,0.010749135
0.009365676,-0.001371624,0.034594487,0.03498084,0.010001272,0.013938241,0.06403425,0.0380368,0.59782076,0.9559717,0.96796185,0.024960708
0.01660458,0.007113967,0.053008165,0.00391208,0.027676135,0.030480063,0.18629953,0.13430096,0.5890532,0.93618083,0.89914334,0.11803225
0.020898882,0.01034392,-0.0018541422,0.17916568,0.031147245,0.011122195,0.038190097,0.0383828,0.6061192,0.9649377,0.92863905,0.033008445
0.032644674,0.014621835,0.05180287,0.14940849,0.044073187,0.04899965,0.08432075,0.07229935,0.60287344,0.9637561,0.9638146,0.06075017
0.014497662,0.006578263,0.024125837,0.04735963,0.0028152019,0.010775637,0.04524932,0.020365605,0.5998881,0.92832077,0.95735544,0.010366134
0.0053630453,0.0030060373,0.014451724,0.017422963,-0.014498461,0.0032020137,0.13926013,0.028416345,0.6068523,0.97107536,0.93287677,0.023560304
-0.0009893402,-0.0055002924,0.017764457,-0.0020980388,0.0012188181,0.0033504367,0.15783715,0.0337146,0.60007477,0.9637449,0.93666476,0.02150073
0.023481384,0.01366384,-0.007912621,0.17318271,0.04079642,0.014842942,0.036569018,0.042383663,0.59031296,0.910218,0.8805918,0.037140008
0.005383062,-0.0012730081,0.0013963934,0.015682723,0.022828424,0.016897291,0.10590795,0.026616683,0.61085534,0.9408189,0.88517636,0.0155684855
0.00018306077,-0.0026328731,0.0041243713,0.028363049,0.018105835,0.016041808,0.27738515,0.04967785,0.5755644,0.89188594,0.83810306,0.023460945
0.032502525,0.012490351,0.059541408,0.115048975,0.048733264,0.047319874,0.023046479,0.037048154,0.5931384,0.95001197,0.9609024,0.021051139
0.011303392,0.0054968707,0.036635756,0.04742761,0.0056374,0.009912562,0.008759301,0.008418428,0.6064185,0.9335069,0.97577065,-0.007769303
0.024872836,0.010183081,0.067427635,0.097605534,0.01240919,0.012860851,0.042813014,0.048736744,0.6156231,0.98471665,1.0065265,0.036780465
0.004650982,-0.0020001996,0.0069735255,0.06608535,0.009502651,0.017426703,0.045299344,0.018210446,0.6046481,0.9685081,0.9848859,0.006344779
-0.0012183292,-0.005826922,0.0072970986,0.0048011616,-0.0045354813,0.0036569387,0.10158338,0.0064772535,0.60092056,0.96113276,0.9602601,0.00027701491
0.02045941,0.005899463,0.060728308,0.05764314,0.020937454,0.0077532902,0.11130412,0.09977878,0.5899554,0.88424754,0.8802307,0.083843246
0.011527652,0.011141863,0.010835545,0.026898507,0.005082365,0.007428216,0.036664214,0.02454775,0.60436034,0.9611391,0.9856203,0.010634761
0.002215676,0.0002679769,-0.0009732824,0.029646624,0.011541683,0.008053539,0.07802339,0.032182515,0.6076062,0.98919916,0.9792445,0.024227686
0.01961143,0.008450013,0.009264745,0.12424809,0.040174864,0.03507119,0.045216687,0.047387667,0.5960938,0.9210137,0.87955457,0.038344428
0.006836827,-0.0053977985,0.015176691,0.081680566,0.010067215,0.012350647,0.071128264,0.037284173,0.61271214,0.9713778,0.9929713,0.023153242
0.009709439,0.009429108,-0.0029199142,0.052572403,0.015120609,0.0104296375,0.15496898,0.06754167,0.5966411,0.9561694,0.9658603,0.04921803
0.015343584,0.0018301811,0.051673535,0.046047594,0.020810608,0.02341342,0.2306955,0.15240897,0.57034934,0.9039092,0.86411256,0.12554367
0.018556196,0.0085856505,0.07198453,0.06723635,0.009643326,0.029417379,0.0029053949,0.0027606525,0.5993836,0.9066881,0.8857635,-0.0044593527
0.0003010407,-0.0024495833,0.002852222,0.047629837,0.0018272474,0.0018082187,0.3271569,0.06268587,0.55805707,0.8731716,0.78520817,0.042070262
-0.00021434575,0.0036358573,0.0057963505,-0.0029911809,-0.0060923286,0.0031318069,0.015128706,-0.0021837335,0.6036094,0.9694714,0.9854906,-0.0134342145
0.0045878254,-0.0015022568,0.013773978,0.027277846,0.007691061,0.008240294,0.062172875,0.027353214,0.6016153,0.95890194,0.97490853,0.013497336
0.015888648,0.0028712302,0.047737148,0.03797968,0.029318085,0.028263357,0.015422516,0.029350659,0.60935235,0.9764936,0.9800565,0.019183317
0.058885504,0.026884,0.15655941,0.14986917,0.039455354,0.031347416,0.018795282,0.055619545,0.5858407,0.9152276,0.8865113,0.046379726
0.03328578,0.013833426,0.07406655,0.06079687,0.06009078,0.047987454,0.22108592,0.2756752,0.57327485,0.9126321,0.8784799,0.24037783
0.0675943,0.036540672,0.13818058,0.14375095,0.09226563,0.08539754,0.06471336,0.14645937,0.57338727,0.9095455,0.85226536,0.13062187
0.051986035,0.019492757,0.11175285,0.12072611,0.06117189,0.05961498,0.063914604,0.09158865,0.56847954,0.9209535,0.8936624,0.081117764
0.010025736,0.012313597,-0.015714169,0.045680087,0.04051438,0.02654099,0.052404568,0.0064960867,0.61524606,0.90846014,0.86071277,0.0015099351
0.006467406,-0.004905522,0.013251513,0.029820906,0.020352932,0.0057022553,0.15099983,0.03240127,0.5848024,0.91447,0.89230555,0.017955758
0.012699235,0.0062852316,0.015066218,0.04693279,0.011325724,0.0010310337,0.059839968,0.030284667,0.61278987,0.97109544,0.99976844,0.01627741
0.017673016,0.014914874,0.01796744,0.037857514,0.028549276,0.013670504,0.03342982,0.029347146,0.6314707,0.9782411,0.98592955,0.016567137
0.033796944,0.01994985,0.100202605,0.05401539,0.035829544,0.047235835,0.23691365,0.23044388,0.5750829,0.9234581,0.8470847,0.19906054
0.006200758,0.009346567,0.011084234,0.058019713,0.0006501861,0.01257305,0.31469917,0.117568396,0.57719254,0.8862722,0.83345777,0.08751289
0.0078987125,-0.0011140183,0.013036035,0.02697941,0.011634255,0.010999817,0.079481654,0.008545879,0.60636985,0.95620114,0.9598266,-0.0004927269
0.013340447,0.0060917623,-0.003682416,0.04915401,0.03191642,0.017003806,0.11351189,0.049450062,0.5805515,0.94451046,0.9446847,0.03286995
0.0043213083,-0.011687441,0.0038795695,0.028830785,0.029609434,0.022324508,0.11980571,0.03214015,0.58904827,0.9204014,0.8797536,0.023008594
0.007222662,0.0022330843,0.011978049,0.026580326,0.011404712,0.009616336,0.029486341,0.02472992,0.6106312,0.9457487,0.98036546,0.0049601817
7.629767e-05,0.0017541647,-0.0009843577,0.018649504,0.007844981,0.0040893853,0.2212617,0.049646057,0.5884106,0.96345115,0.9492993,0.02816356
0.018067073,0.0050042868,0.050360505,0.047849044,0.022166323,0.02162736,0.2609325,0.16708611,0.5687307,0.8784659,0.82953924,0.13690875
0.010039028,-0.0022315942,0.0061607137,0.018432174,0.03983511,0.024494838,0.17273976,0.09144259,0.56740874,0.9172548,0.88650125,0.06870183
0.013873626,0.00985913,0.044343945,0.03996325,0.008844521,0.029309597,0.15710711,0.110677995,0.5918292,0.9449022,0.9229105,0.093927555
0.0042311247,0.00067643635,0.0058713164,0.03351049,0.00064243376,0.008230139,0.043307208,0.010764642,0.6166388,0.985865,0.99267954,0.00062988
0.0069016106,0.0052368455,0.009394698,0.0465575,0.013240974,0.011613436,0.047299795,0.022999367,0.6137259,0.98707366,0.99333197,0.012167018
-0.00036254432,0.0011788625,-0.0035800189,0.023158941,0.007861048,0.0135255605,0.3296546,0.040486343,0.5706086,0.9101612,0.83386856,0.019072847
-0.00052828155,-0.0034637097,0.013557479,0.039925627,-0.008714594,0.007284526,0.1172393,0.044641607,0.6113727,0.9606137,0.92221117,0.04063716
0.0031000413,-0.00210106,0.03095026,0.015999675,-0.00020574778,0.011419607,0.071885765,0.023895523,0.60687923,0.98668617,0.99632293,0.011169761
0.037387103,0.011697505,0.072915554,0.1324995,0.04982949,0.039323512,0.035821024,0.05489684,0.59755814,0.9665039,0.995824,0.040951766
0.0065942984,0.00046722963,0.024336237,0.040827267,0.0074287355,0.01898065,0.047090493,0.022439228,0.5996876,0.9565871,0.9791745,0.011231342
0.0040156683,-0.004044758,0.023463838,0.03302157,-0.00286939,0.008887552,0.09478891,0.01732637,0.6084831,0.9387479,0.9442257,0.007047352
0.015783638,0.01047479,-0.020504583,0.11581303,0.008016087,0.0053982325,0.07413486,0.025021402,0.6105535,0.95481366,0.9485884,0.014127601
-0.00044948887,-0.005950419,0.010908501,0.031643927,0.011196816,-0.012928657,0.5516049,0.043595694,0.56852365,0.94490445,0.8767976,0.01434866
0.040627096,0.01778251,0.11667925,0.03868571,0.05693829,0.05382102,0.04344164,0.08617136,0.5774641,0.9482164,0.90170854,0.07657512
0.009649478,0.0036965087,0.01651071,0.045735378,0.016309213,0.013707709,0.015434887,0.012943547,0.60211426,0.9568151,0.9590472,0.0023004771
0.011614996,0.005290214,0.06333919,0.050760522,-0.018120833,0.012563236,0.05526086,0.027205868,0.600332,0.90059024,0.9021463,0.020645881
0.03205847,0.012878053,0.092193544,0.085523695,0.025377415,0.03459629,0.17439252,0.22734669,0.5928385,0.9291923,0.9067262,0.20286289
0.027354639,0.0022404902,0.09589076,0.03308048,0.018787974,0.017884715,0.04688955,0.038492024,0.6108784,1.0044496,1.0156955,0.032216854
0.042266544,0.020061333,0.021839056,0.26217106,0.07730024,0.045819737,0.040131133,0.07562913,0.58585024,0.92051876,0.86349475,0.066837795
0.022780202,0.008538682,0.042062767,0.045765072,0.0026977845,0.026815325,0.07996819,0.048270337,0.6015675,0.94335926,0.98285097,0.03936573
0.07185704,0.05734756,0.10448626,0.32875237,0.04225041,0.08225321,0.33778384,0.6765492,0.576699,0.9277313,0.8909622,0.602237
0.011580202,0.012215167,-0.023870375,0.073725596,0.030475315,0.018940553,0.036398765,0.033318534,0.61954594,0.95214975,0.9096059,0.023203399
0.013547546,0.012667835,-0.0031078272,0.11084901,0.008503778,0.0073229,0.3085745,0.15752997,0.563889,0.87970114,0.8225767,0.13135399
0.023852091,0.0060080737,0.06694737,0.08532123,0.01679834,0.011505384,0.11501436,0.11573353,0.6067132,0.9563486,0.9680595,0.10123697
0.0052565476,0.001970198,-0.0018370915,0.04014127,0.005804457,0.010759655,0.10904746,0.035117738,0.60478354,0.9246844,0.91743237,0.021845356
0.017259372,0.0067781582,0.028173063,0.09319231,0.026062172,0.02306657,0.12990597,0.08820452,0.5763819,0.887319,0.8853913,0.068882525
0.0060782945,-0.0034616273,0.0142408125,0.06587693,0.0013044626,0.00609727,0.06549003,0.027033968,0.5960636,0.937835,0.9639206,0.018001245
0.045056038,0.020929024,0.10943274,0.05660304,0.045209337,0.0569321,0.0811521,0.13851549,0.58798194,0.93153226,0.93026966,0.12774596
0.08022896,0.046021387,0.17616947,0.13172041,0.10189406,0.118303075,0.13797754,0.3485206,0.55711794,0.90582085,0.84254676,0.3047684
0.012587204,0.009289194,-0.047460184,0.15459377,0.032553513,0.01440203,0.22608764,0.111775346,0.5819975,0.9167006,0.8640222,0.08144644
0.0016232831,-0.005769413,0.027773902,0.0053987578,0.001822859,0.008838454,0.08537171,0.015546201,0.6057522,0.9443883,0.9217475,0.008946722
-0.0015080068,-0.006783748,-0.0037802253,0.0181703,0.00824124,0.005569298,0.19096366,0.02240395,0.5897045,0.9023293,0.8405306,0.011326781
0.0018475172,0.0031348541,0.023716033,-0.0047947653,-0.008092415,0.006974442,0.06234787,0.010458559,0.621951,0.99331725,1.0079784,-0.002773359
0.021386798,0.0075085834,0.060295973,0.075511545,0.014751334,0.014051016,0.09153959,0.08973835,0.6011096,0.94738334,0.9507366,0.07642513
-0.0011616768,-0.0015275702,0.006880421,0.045308933,-0.022357378,0.004299935,0.052162938,0.00216953,0.5970565,0.9588158,0.9901039,-0.008965226
-0.0031050704,-0.009812146,0.006658843,0.0052064992,0.019388758,0.013695704,0.24344468,0.06175355,0.54887605,0.8763601,0.8898224,0.031071436
0.009660913,0.0021606218,0.019324739,0.07670459,-0.0024675839,0.0039768144,0.057527393,0.019064745,0.5993998,0.8991161,0.89265037,0.008753575
8.10381e-05,-0.004310319,0.0064031053,0.024148632,0.0062111057,0.007523302,0.10174571,0.016342916,0.593768,0.9163523,0.89655143,0.002597021
0.041032236,0.018517908,0.1518655,0.030983645,0.02894656,0.012777353,0.019554805,0.043428086,0.6114744,0.9603161,0.9568257,0.033139616
0.047750916,0.022297684,0.09975378,0.1165956,0.07025011,0.05695433,0.020886695,0.041885823,0.58089685,0.9240606,0.8990802,0.033250503
-0.0035693143,-0.0014285464,0.0011064876,-0.004706029,-0.004079085,0.005532667,0.04523719,0.002966254,0.6116818,0.9795952,0.9751949,-0.0046989466
0.0041594687,-0.0018824581,0.012521256,0.019867774,0.011762526,0.014496645,0.15625325,0.04672894,0.5909258,0.9042058,0.86066824,0.035646327
0.0012809327,0.00020465441,0.023273952,0.021104451,-0.01733433,0.0036841407,0.18249163,0.041084185,0.6059605,0.94569486,0.89906913,0.032164373
0.07826134,0.047947884,0.1531709,0.08285289,0.10159338,0.11365993,0.07613173,0.20910029,0.5497619,0.9263255,0.8635046,0.18462329
0.03385467,0.0055348575,0.08583808,0.15972117,0.044758156,0.052821387,0.010546658,0.028144004,0.57975656,0.9075654,0.90455097,0.016482886
0.030261572,0.01666636,0.047866713,0.18230684,0.01458062,0.009105448,0.15563892,0.19948308,0.6131402,0.9261662,0.9454321,0.17426711
-0.0007863045,-0.005937159,-0.01244325,-0.013341237,0.013253396,0.0055940785,0.08036423,0.017624786,0.6055839,0.96072024,0.9410371,0.0048364555
0.00080679264,0.0009960867,-0.00582683,0.0022173226,0.012538064,0.011059377,0.0763033,0.021074248,0.6043111,0.94292456,0.9360151,0.0072597642
0.0089350995,-0.00010462478,0.051096153,0.0112977065,0.00291802,0.009602126,0.03989103,0.020998502,0.6176355,0.9965906,1.0049742,0.012905
0.008904757,0.00028315745,0.030792564,0.07750487,0.011307158,0.012926081,0.11267665,0.041032083,0.5990282,0.9323722,0.96978825,0.030636106
0.014592657,0.004097551,0.05707108,0.032129854,0.018446634,0.022555843,0.027852276,0.025384737,0.60658526,0.95661056,0.9631369,0.011474473
0.012884588,0.0022672378,0.05518921,0.008617081,0.008628223,0.0074353814,0.037087105,0.020892384,0.6010256,0.9693898,0.9794254,0.014150428
0.018778313,0.017165214,-0.00888784,0.070235014,0.058833964,0.038130745,0.036917448,0.018865786,0.612205,0.89736414,0.87001115,0.010216724
0.0020782398,-0.0040132906,0.023670893,0.010484606,-0.00052058324,0.008408319,0.18247214,0.045353375,0.59284896,0.9148642,0.8633353,0.036069706
-0.005560632,-0.0014171246,0.0096090995,-0.014140729,-0.016266502,0.0031995103,0.051427778,0.002311227,0.6253284,0.9963639,0.97586286,-0.0058735157
-0.0001146812,-0.0062343776,0.006645078,0.025551848,-5.7753175e-05,0.006183544,0.16746888,0.019287245,0.5960723,0.9453707,0.9202371,0.0066752625
0.0030584396,-0.004952064,0.020527244,0.0026221648,0.012807533,0.012284791,0.018938623,0.028472425,0.6060505,0.9570564,0.97884816,0.013198873
0.0018344466,-0.0028762594,0.011419967,0.027696766,0.004772283,0.009716703,0.2217252,0.024721337,0.5856768,0.9118273,0.8540722,0.009609288
0.03673824,0.022314388,0.08810967,0.13306792,0.03138565,0.043575037,0.2379994,0.29395205,0.5742363,0.8959793,0.8309944,0.2576786
0.009277461,0.0039935857,0.026687026,0.025351796,0.003423296,0.010011032,0.07092782,0.020312471,0.61154115,0.9810051,0.98347205,0.011454839
0.004078117,0.0030597113,0.023942355,0.02345923,0.0044306275,0.007536065,0.083147496,0.021123378,0.62573314,0.9881222,0.9842443,0.010720592
0.017989907,0.014718257,0.023561336,0.0172192,0.030610941,0.018110577,0.03927548,0.03379277,0.6253775,0.987416,0.9791848,0.022211589
0.03901036,0.021477275,0.055012856,0.12678976,0.04753637,0.051150937,0.16056506,0.18379049,0.573287,0.90042853,0.8643692,0.16669889
0.01787363,0.012712855,0.016932871,0.06344488,0.015427059,0.01663771,0.12004413,0.06633685,0.59412885,0.9361961,0.90881884,0.05724952
0.001441834,-0.0034665335,0.008036654,0.0008396618,0.0152225755,0.015129849,0.011412106,0.0149327945,0.608094,0.9523325,0.9542437,0.0016503227
0.032971032,0.026536837,-0.0073100133,0.21389683,0.03685689,0.03826564,0.03832341,0.056517065,0.60619915,0.9322039,0.8833546,0.05006277
0.015020521,0.0029638708,0.0346176,0.06608225,0.017066969,0.004865011,0.11811547,0.06997413,0.59899676,0.905686,0.89666766,0.053016577
0.011649114,0.004256103,0.023424454,0.010246158,0.011878122,0.026653927,0.10046546,0.05779873,0.5952201,0.9415813,0.929264,0.04601685
0.006191712,-0.0019236114,0.03676743,0.012466088,0.008567097,0.007753011,0.110390335,0.05083903,0.6071229,0.96924686,0.95751375,0.04045182
0.00411895,0.0057919286,0.020097267,0.035979133,-0.0064947307,0.0036974587,0.10946978,0.030116448,0.612891,0.9609864,0.96089447,0.01875662
0.0045219366,0.0031030811,-0.0033065956,0.033554383,0.023714403,0.011593852,0.19974466,0.07623006,0.60207486,1.0257926,1.0230259,0.057996746
0.0024065934,0.0024421979,0.0015087891,0.009396005,0.011882551,0.017915938,0.020303063,0.015464958,0.6097286,0.9822155,0.9826774,0.0029790816
0.00023197848,-0.0046355,0.0046025626,0.032901995,0.0036590341,0.0047246255,0.15166874,0.022960631,0.5885581,0.9432087,0.91123766,0.009851655
0.002641553,0.0024012364,-0.0036518648,0.040700547,0.01608419,0.012707222,0.08907242,0.008436831,0.5976851,0.9116423,0.8921632,0.0005358667
0.03292491,0.016279925,0.06208847,0.11677127,0.042647194,0.038434446,0.014727764,0.032736547,0.5861956,0.9169592,0.89915603,0.023645818
0.013045717,0.0054113083,0.024704926,0.06530992,0.013299903,0.017951574,0.10719608,0.057480134,0.59147227,0.94456625,0.9586384,0.04190038
0.02293127,0.010129172,0.017190497,0.1266411,0.026522174,0.0127878785,0.05039944,0.03859081,0.5891882,0.9451988,0.9754695,0.024182599
0.032432556,0.018103853,0.0798424,0.036060244,0.04921379,0.039603528,0.06943858,0.10147304,0.6063374,0.9680337,0.93565136,0.090850435
0.036237195,0.021462176,0.07318953,0.1394768,0.031793732,0.040897477,0.10822652,0.15865627,0.59962904,0.9125806,0.8698452,0.14578639
0.010057691,0.00086196885,0.030564185,0.044475272,0.013420055,0.018890912,0.035814367,0.018387968,0.60889685,0.98766744,1.0193335,0.0041206633
0.0037990352,0.0007576179,0.008337339,0.020495377,0.010787558,0.0155408755,0.29670423,0.09955814,0.58069813,0.90684855,0.86161035,0.07356564
0.019044906,0.008285012,0.04943451,0.030869788,0.01690492,0.011156537,0.07572503,0.0550327,0.6104778,0.98141915,0.9975081,0.04285362
-0.0052791033,-0.0008847788,-0.009505795,0.028308883,-0.008420084,0.004300259,0.34225848,0.0066015106,0.59208244,0.885129,0.7857196,-0.010954618
0.008792738,0.0011175498,0.008266956,0.004884597,0.01940956,0.0131610725,0.11904399,0.04180605,0.60193026,0.95508003,0.947909,0.02849058
-0.0024288287,-0.005502658,0.010703646,-0.0013931133,0.00014465675,0.006559344,0.07351974,0.010778092,0.59940135,0.9736553,0.95972455,0.0044342955
-0.00036840048,-0.0076918844,0.009467514,0.024660002,-0.0076098293,0.0007186383,0.08080732,0.0040372284,0.6105472,0.9913723,0.9967975,-0.0060876324
0.026981557,0.012019515,0.07138629,0.07929239,0.025126588,0.036214236,0.063652515,0.06780761,0.5849385,0.92609084,0.9090741,0.057125386
0.06983364,0.028694697,0.12990165,0.2514563,0.09371139,0.092001006,0.037474032,0.09171531,0.5705317,0.8954804,0.8792232,0.07272555
0.027224714,0.021020379,0.03663689,0.036619447,0.043841407,0.035686653,0.055345878,0.058159374,0.60225844,0.9362147,0.8969168,0.047667142
0.017560517,0.009882923,0.020782907,0.12811501,0.012801023,0.008155366,0.096042976,0.06885907,0.6009239,0.94721186,0.92193955,0.060259297
-0.0044902423,-0.012803562,0.000101171434,0.0397253,-0.0075282045,-0.00039089844,0.19572073,0.0040439665,0.60673594,0.95946354,0.9019851,-0.0012601665
0.031900898,0.015258256,0.045827392,0.15567471,0.044366512,0.038971603,0.07488976,0.0645848,0.5799767,0.8967615,0.8784243,0.05269362
0.015326697,0.003579501,0.03978314,0.043565236,0.015550651,0.019821074,0.04574949,0.028506247,0.61175275,0.9877341,0.99702245,0.018079085
0.009350557,0.008260179,0.038873922,0.08728201,-0.014026001,0.0046067834,0.31133053,0.13058883,0.5911372,0.88178754,0.82256323,0.10667109
0.0021425085,0.0016906466,-0.0020213295,0.040230565,0.005390752,0.0032659099,0.12806362,0.03772641,0.61205053,0.96942383,0.9513466,0.026775913
0.001632425,-0.0030418858,0.011166258,0.00762552,0.007957833,0.010263696,0.13841641,0.035428107,0.59946966,0.98787266,0.9797398,0.020566672
0.008232227,0.0036137216,0.011669923,0.051477488,-0.0025224388,0.0068090055,0.060523797,0.018225094,0.6068183,0.97071004,1.0020442,0.00071673887
0.019100428,0.00828426,0.035125796,0.06081683,0.03656349,0.02941013,0.2955775,0.21150889,0.57314014,0.913366,0.9078669,0.17442757
0.0142666055,0.005223345,0.010047376,0.13506517,0.001522202,0.018793318,0.19039781,0.08880202,0.5791713,0.8846909,0.8656226,0.073345006
0.005112068,0.004427314,0.005880002,0.06756547,-0.0019901246,0.01171978,0.33214986,0.11908015,0.5741408,0.8867903,0.8463927,0.09031351
0.029843831,0.018797055,0.023637284,0.09977871,0.04350465,0.015656088,0.066630006,0.08104177,0.6197388,0.9979818,0.99267334,0.061048307
0.0031658635,-0.0012589637,0.016509749,0.010643251,0.003611518,0.011538554,0.08892424,0.010047652,0.5915142,0.9519806,0.971703,-0.003955442
0.0025294637,-0.0063514225,0.031091817,0.06388157,-0.016023379,0.0055055358,0.2096284,0.025064433,0.58887935,0.91631854,0.86318856,0.017505784
0.004449954,-0.0032364111,0.02293808,0.012543399,0.007235771,0.009860743,0.20397934,0.048628695,0.59173846,0.93360037,0.87659657,0.037468515
0.015958585,0.005764425,0.021059815,0.0720348,0.034102987,0.031689208,0.008318678,0.019169623,0.60851455,0.9559767,0.9896513,0.0022061286
-0.0056493795,-0.008006478,0.007200081,-0.002351839,0.0018213056,0.007551767,0.1600446,0.016685702,0.6097636,0.97106004,0.9309095,0.008379113
0.01558936,0.014367491,0.018117994,0.012220465,0.03787606,0.014668055,0.033834063,0.02337067,0.6254442,0.9698789,0.96693057,0.014339283
0.010141305,-0.0023221746,0.04724473,0.07936071,0.009317538,0.021120343,0.074763045,0.03972909,0.6201308,1.0129645,1.0013503,0.03380594
0.022077397,0.009962771,0.056805346,0.007542245,0.048270795,0.042559385,0.17565118,0.18796562,0.58399844,0.9009657,0.867521,0.16181085
0.014546376,0.008067992,0.030321136,0.0755229,-0.0014927574,0.013105718,0.023637054,0.020243404,0.61402696,0.94580936,0.953318,0.007221973
0.010462504,0.0067859814,0.022377033,0.053950947,-0.009581804,0.012760494,0.035988823,0.0025500087,0.61663985,1.0111532,1.0317643,-0.006664473
0.0066030845,0.0013152584,0.009743923,0.049207773,0.009300612,0.015482388,0.25484216,0.11030591,0.59031665,0.92122674,0.9086346,0.0868652
0.046368618,0.027133822,0.08206077,0.1850636,0.05484814,0.05991641,0.17274956,0.29115143,0.57530284,0.8836203,0.8319446,0.25484174
0.0076506743,0.002569193,0.017890632,0.02543458,0.021317868,0.02236492,0.33518428,0.13632463,0.5581366,0.91206944,0.86352664,0.11200397
0.012704127,0.002840411,0.021234367,0.074182995,0.018191068,0.010069275,0.049155954,0.037181325,0.6130545,0.95938694,0.9649053,0.024118934
0.02073481,0.010807931,0.04554649,0.06872963,0.030037418,0.017115692,0.18391663,0.1773781,0.6107955,0.9732542,0.99178225,0.15093447
0.021069642,0.009138174,0.043957908,0.12896894,0.0082564,0.018628016,0.119548514,0.07479727,0.6008364,0.9263289,0.9106867,0.065548524
0.018671524,-4.4036657e-05,0.0856262,0.04456289,0.009342531,0.0012285076,0.051420268,0.042438574,0.608603,0.9587544,0.95349234,0.035559885
0.005922922,0.0033878833,0.0047212,0.022179905,0.024712969,0.018287566,0.30252284,0.0532633,0.58132815,0.9319636,0.8672036,0.03070632
-0.0041580377,0.0047298446,-0.020587642,0.010774236,0.014767207,-0.010016255,0.18346912,0.047491185,0.64676726,1.0122006,1.0141281,0.032872714
0.0074486514,6.2583014e-05,0.026560016,0.018309686,0.008854035,0.01563147,0.048542295,0.024137048,0.5959774,0.9390079,0.9546283,0.016959365
0.0087714875,-3.996119e-05,0.016720302,0.019413404,0.03575826,0.018768178,0.18231612,0.12078937,0.5910465,0.95112425,0.92447644,0.0997037
0.010629253,0.006719433,0.018760175,0.07844609,-0.00918714,0.009344988,0.054050155,0.012922777,0.59294677,0.95165044,0.9692435,0.002338706
0.011700558,-0.0026522595,0.014054518,0.078362636,0.023548007,0.024237659,0.05538834,0.02632632,0.599492,0.91210425,0.8856096,0.016426297
0.005870986,0.004342407,0.020418473,0.015110299,0.00021010265,0.0045221373,0.05592263,0.016407125,0.6225388,1.0010289,1.008936,0.0077389632
-0.0033798711,-0.0077751726,0.01295241,0.014255937,-0.006959494,0.003012035,0.13466503,0.0151064675,0.5974325,0.94632447,0.9279186,0.007225963
0.008553742,-0.00231494,0.029957596,0.030645631,0.017646559,0.0127797,0.13154455,0.044965178,0.58690965,0.9499868,0.9307907,0.031886484
0.011089171,0.0031241477,0.00698773,0.038434077,0.03269077,0.014740305,0.08288485,0.044058792,0.5918976,0.9406734,0.9206998,0.028648794
0.028723752,0.025151357,-0.006158809,0.20959371,0.038970232,0.021729682,0.08126293,0.11775612,0.5924984,0.9066055,0.869821,0.10301251
0.058285967,0.041381843,0.060540203,0.14074008,0.10738249,0.08905958,0.04089464,0.06853368,0.5948289,0.87557346,0.83652025,0.05490853
0.016821958,0.015356425,0.034193028,0.047036678,0.017190525,0.018165782,0.105800584,0.072714254,0.6173315,0.95832527,0.93322307,0.062130347
-0.0009137597,0.0015633292,0.005980348,0.0074260905,-0.015855886,-0.004014939,0.061349273,0.005872324,0.6061728,0.9826472,0.9892701,-0.0009604669
-0.0016326383,-0.00636144,7.8165904e-05,0.042551972,-0.01232012,0.0033929534,0.04824621,-0.006696377,0.6126951,0.9864893,0.97617,-0.011205444
-0.0030582668,0.001895614,-0.0013348367,0.047487058,-0.021754183,-0.0023738965,0.18033268,0.007930446,0.634851,0.9725486,0.92263883,0.00608144
0.009101102,0.007451199,-0.0014131684,0.035131373,0.01782689,0.004084252,0.13775966,0.06504049,0.60538447,0.95458066,0.9676262,0.048201784
0.0076081194,0.0014465693,0.011106174,0.022616174,0.013582671,0.021695938,0.33099335,0.08896537,0.54808086,0.8627074,0.79103076,0.061269768
0.0047713793,0.0026711412,0.029115748,0.039713282,-0.005024992,0.0072199255,0.31081435,0.07655319,0.56931233,0.89272714,0.8479356,0.055054497
0.018178448,0.008022882,0.018339675,0.04604292,0.0540997,0.039785814,0.21925652,0.18149804,0.56976104,0.88263345,0.8474793,0.1516597
0.0046061906,0.00029735826,0.0032581706,0.037225865,0.0063544605,0.0107779745,0.027717035,0.006782135,0.5976206,0.92851967,0.95426685,-0.009607669
0.017690644,0.003697943,0.052647356,0.08751002,0.02800275,0.028999753,0.045468874,0.037429564,0.59157056,0.9835671,1.0001093,0.02535796
0.0123924855,0.0035765246,0.027101628,0.049862117,0.02523793,0.021933045,0.04561,0.029339949,0.5974963,0.9647775,1.0023555,0.013985183
-0.00075398944,-0.0010505803,-0.0006437842,-0.001953613,0.007658448,0.010355134,0.10010028,0.02606885,0.60920644,0.95200187,0.93410915,0.014501767
0.03854093,0.018838376,0.077871755,0.11469166,0.052008092,0.05487714,0.06431752,0.104470715,0.58930004,0.9623671,0.91834825,0.094190754
0.014284235,0.012524597,0.012387842,0.040807676,0.025990222,0.014908431,0.05777571,0.03546782,0.61917186,0.99247223,1.028309,0.017465182
0.003240332,-0.0012273826,0.02254704,0.048960667,-0.0074665546,0.010815036,0.13146666,0.041736647,0.6051105,0.91005313,0.91573334,0.030180752
0.0043506296,-0.0059219785,0.026933677,0.019422546,0.016649809,0.0035222024,0.061131187,0.04630851,0.6049173,0.94253445,0.96101934,0.02984393
0.018890798,0.0012697261,0.047978196,0.048163537,0.026223255,0.017462695,0.040995058,0.02906902,0.60120845,1.0019305,1.0263518,0.022459477
-0.0001476733,-0.0052009486,0.021969981,-0.014992055,0.004247375,0.009939222,0.11437568,0.02682891,0.6002717,0.9762909,0.9586248,0.015550192
0.024726966,0.00701651,0.059708197,0.14342418,0.01729246,0.02339922,0.043931898,0.037997007,0.59686816,0.91965044,0.91630083,0.030928396
0.0036431327,0.0047392175,0.032860477,0.0026038326,-0.00547551,0.0048942547,0.06758174,0.011451475,0.63494164,1.0129887,0.9973709,0.0009875936
0.015405607,0.005041931,0.031302407,0.046140123,0.018730737,0.015690127,0.04670454,0.041193552,0.6130717,0.97934866,0.98293954,0.031463325
0.035209954,0.026456252,0.008210756,0.26726916,0.0010748245,0.014480056,0.11932038,0.15416744,0.5947605,0.9286581,0.90038043,0.14493899
-0.0026247231,-0.008396834,-0.0012520868,0.018440112,-0.0057942495,0.004321512,0.20511608,0.01726825,0.5779635,0.9463188,0.9029345,0.0036439733
0.010716732,0.0038465708,0.04350732,0.021847777,0.0051347297,0.0155745875,0.10192716,0.041628607,0.6107271,1.0084729,0.9993804,0.03357479
0.015727974,0.010714106,0.01694268,0.042305283,0.025859747,0.010675944,0.075234964,0.05888743,0.6163714,1.008894,1.0351983,0.04232824
0.0011806237,-0.0027889274,0.0024524834,0.02184739,0.0146821365,0.004425388,0.22069386,0.052084804,0.5848855,0.9414582,0.9543329,0.031369537
0.02027247,0.009797841,0.013130285,0.14339322,0.029386912,0.02810655,0.09560576,0.08272383,0.59790146,0.90327305,0.8621226,0.06915214
0.010215281,0.00046595186,0.0077611543,0.073829025,0.032911666,0.029984191,0.052182775,0.0244534,0.60354596,0.94885045,0.9532915,0.014347516
0.026957236,0.012961831,0.04366799,0.121190175,0.05335009,0.047643065,0.055174477,0.04206466,0.6001599,0.89078987,0.8723804,0.031710863
-0.011060465,-0.008393653,-0.022764748,0.02271805,0.0019202307,0.0022643134,0.23836026,0.0019921735,0.6039059,0.89930177,0.83378464,-0.007941198
0.0060575632,0.0063525885,0.0131958015,0.016872589,0.00045118108,-0.00243913,0.01341543,0.013006987,0.6330272,1.025763,1.0663636,-0.0023731212
0.027041482,0.013989918,0.052536916,0.02861463,0.027301867,0.033998776,0.10409717,0.08814762,0.59287167,0.9240519,0.89849204,0.0799034
0.01813292,-0.00096867606,0.041120138,0.07478946,0.01780952,0.019150876,0.043468375,0.025456326,0.60106707,0.9980238,1.0202228,0.016924908
0.0050594676,0.009136334,0.015776109,0.044396125,-0.02187673,0.0022676997,0.08635329,0.014241772,0.6142478,0.97203845,0.97409785,0.0075048194
0.0073953313,0.0018749014,0.021710873,0.026956242,0.0029186048,0.012157321,0.11389448,0.033408612,0.605475,0.9785911,0.9750872,0.020568773
0.0021066521,0.0016742405,0.023472022,0.022874478,-0.022033453,0.006892653,0.094684,0.01857792,0.6082885,0.96868324,0.96060544,0.013023807
0.0038516251,0.0001221355,0.021116488,-0.019754756,0.04320479,0.028919894,0.5400398,0.27465966,0.5446061,0.9482733,0.90898913,0.21793525
0.020098766,0.026859585,-0.03264081,0.043962564,0.068283975,0.031434957,0.017920602,0.026908236,0.61646307,0.9011909,0.8517688,0.014106981
0.009107087,0.0045859776,0.0107211135,0.0661093,0.0061952323,0.008176368,0.063158,0.028429853,0.6149081,0.9874991,0.9916204,0.016344322
-0.00020970404,-0.010646125,0.015698839,0.00050298125,0.010733064,0.010070752,0.18559271,0.031253517,0.5946264,0.94030833,0.9080499,0.012191642
0.019249585,0.0050606914,0.06435458,0.01847909,0.030470805,0.018437123,0.06646161,0.063001595,0.58762693,0.9319938,0.91327375,0.0545749
0.009216894,0.0023236405,0.011709973,0.030635597,0.019172551,0.020046989,0.22915621,0.06704881,0.6001209,0.9366215,0.8566013,0.055590883
0.022187853,0.0080748275,0.04740267,0.09367871,0.016677901,0.014258843,0.047467876,0.047203764,0.5991715,0.9399161,0.93904823,0.035331048
0.0050166147,-0.0021995027,0.048007604,0.006407596,-0.009082731,0.004029371,0.05960384,0.016750297,0.62594736,1.0139182,1.0218023,0.008285109
0.017387994,0.005831253,0.061265204,0.021760248,0.0059794784,0.01601637,0.09300328,0.064648114,0.59213144,0.8995867,0.88328403,0.05063195
0.022868387,-0.006439008,0.06419426,0.149412,0.028218694,0.040171646,0.02353564,0.0151801575,0.6037177,0.9292616,0.9196831,0.00581668
0.01527494,0.00033480115,0.046948012,0.054041736,0.009694798,0.01302035,0.10528049,0.061405778,0.61083484,0.9872017,0.99626833,0.048618462
0.0039221477,-0.00330865,0.0023084413,0.03650386,0.011940701,0.0016098134,0.09533541,0.019208958,0.5957339,0.9279769,0.93691725,0.002103264
0.02904885,0.0055706017,0.0706017,0.11269132,0.036531568,0.036763087,0.04409015,0.051225327,0.6032514,0.9437748,0.9642507,0.038458265
0.010879628,0.0041613765,0.019395974,0.06449565,0.00614696,0.008429194,0.031689145,0.03241317,0.6008121,0.93498516,0.9537627,0.018857654
0.03582609,0.028856274,-0.047284234,0.3109961,0.04288972,0.0065454654,0.055853363,0.09881303,0.5896918,0.94628656,0.9141632,0.091169946
0.017929908,-0.00031558983,0.06633054,0.10916805,0.0136807095,0.03567504,0.06789393,0.038698055,0.60041654,0.946987,0.93517584,0.033381764
0.006054729,0.003256578,0.0022342205,0.050531816,0.0041892976,0.011179319,0.036922306,0.011878386,0.6030518,0.9494898,0.97510463,-0.003423614
0.0066558965,-0.0006873701,0.038014177,0.014202926,0.0009277947,0.010905614,0.112335786,0.03035838,0.6039419,0.99089277,0.9806054,0.020713514
0.009878876,-0.0071105435,0.033182897,0.02603896,0.010751504,0.010201316,0.14707167,0.02708689,0.60027266,0.9514929,0.9295474,0.015618768
0.0019313213,0.0010692012,-0.006016656,0.047035176,0.0028902534,0.0041987784,0.11891878,0.028533233,0.60181975,0.9665737,0.97351116,0.020375568
0.009356449,-0.0005723685,-0.0057492265,0.06382924,0.01481013,0.012827687,0.037732296,0.0113377515,0.61093926,0.9373205,0.9360691,-0.0045011244
0.023714025,0.0066910572,0.071065634,0.07158316,0.030327596,0.015401656,0.039889526,0.05279772,0.60426295,0.9680966,0.9869174,0.040240835
0.004486079,-0.00047082454,0.014742032,0.030694723,0.01481179,0.017788192,0.04211063,0.024673188,0.6098829,0.99245346,1.0125058,0.012299852
0.0066002365,0.005063139,0.009246897,0.031632062,0.019097801,0.00812529,0.2730567,0.08529979,0.5701469,0.9251705,0.89482176,0.06179016
0.06357801,0.03164712,0.15135084,0.16157839,0.06770337,0.079083145,0.088420294,0.19436002,0.5849377,0.91708976,0.87173015,0.17560232
0.008756113,0.0041489936,0.027514733,0.005568132,0.011118028,0.01604482,0.023813277,0.0146797225,0.59816897,0.9781867,1.0036193,0.0023390413
0.01060586,0.0033293888,0.004586395,0.11397068,0.012474941,0.01830576,0.18046348,0.0904574,0.58614886,0.9172338,0.9243456,0.072444804
0.017170481,0.0059387237,0.0418952,0.01774646,0.030929398,0.031182542,0.119942755,0.10506915,0.58422303,0.94231284,0.9043797,0.09309197
0.061212704,0.051321246,0.06453599,0.118477836,0.12212004,0.088103116,0.05239838,0.116537504,0.6005379,0.8896221,0.8132419,0.09364157
0.008438711,0.006184619,0.01946365,0.043779515,0.005120719,0.014016882,0.10376231,0.0494295,0.602931,0.95734614,0.96583027,0.03376032
-0.0013965406,-0.00788155,0.0063484125,0.021575,-0.0070169047,-0.0013779774,0.118471906,0.008385578,0.60592806,0.96938413,0.9334578,0.006349132
0.006087966,-0.0023431536,0.04578891,-0.0010959283,-0.00719646,0.009928908,0.11319342,0.037468046,0.6145973,0.99249554,0.9684233,0.030849498
0.0036497791,-0.0021292418,0.004476551,0.05257263,-0.0040068217,0.007998664,0.06711213,0.018544031,0.6098999,0.9790157,0.9837322,0.012233216
0.01933815,0.00047482178,0.054294962,0.083792955,0.03670203,0.037561852,0.09634651,0.081162594,0.61015284,0.950634,0.97032315,0.06627968
0.00026173797,-0.003965484,0.0048598275,0.019022383,-0.0132595785,0.0030077212,0.0666607,0.0131791495,0.5974585,0.9483026,0.9588415,0.0031205318
0.0013885163,-0.0041254554,0.005268343,0.033336833,-0.009120714,0.0047572777,0.21143602,0.025201986,0.5849252,0.90269315,0.83512557,0.018519845
0.014540382,0.0030659102,0.019462693,0.050146803,0.02990897,0.015972616,0.064224854,0.03974895,0.60520303,0.97134715,0.97644085,0.022906046
0.005386684,0.010013532,0.024763722,0.035468273,-0.028188027,0.011390509,0.100178406,0.0052521806,0.60954773,0.9338469,0.9051936,0.00010734098
-0.0054389797,-0.013391341,0.02249552,0.038297176,-0.0013603717,-0.0042550936,0.37350726,0.05524487,0.579321,0.94733596,0.8897584,0.030733585
0.01762987,0.014644738,0.017363328,0.015500613,0.039101474,0.03322939,0.020790596,0.023644464,0.6093458,0.9510816,0.9315888,0.011477757
0.035201572,0.014123995,0.08733635,0.09496781,0.03025314,0.033820868,0.17075586,0.23393928,0.58754003,0.90803254,0.9136972,0.2072755
0.03598625,0.016145866,0.06776358,0.19891177,0.03761862,0.048128307,0.04543325,0.050616145,0.5889777,0.8800932,0.8355282,0.04738188
0.04784948,0.01955919,0.16948916,0.15967776,0.0428177,0.06585115,0.20227046,0.38790622,0.60344326,0.93396425,0.90374845,0.35468367
0.029595789,0.008682378,0.08499694,0.0861203,0.025447238,0.039064005,0.03979303,0.04898025,0.5914382,0.91964364,0.91394955,0.03323139
0.002462931,0.0039643906,-0.008853263,0.025300227,0.0006621592,0.007383516,0.04037287,-0.004411808,0.6072271,0.97500753,0.96227974,-0.015326787
0.0036325408,-0.000672156,0.018979054,0.0018764846,0.010364514,0.015158879,0.09368499,0.0340588,0.6144925,0.995361,0.97484285,0.021611378
-0.0022517284,-0.0052042734,0.0055740383,0.022104438,0.008349007,0.01005378,0.33834016,0.026634337,0.5662472,0.8984451,0.84991604,-0.00025399541
0.006109544,0.0024274606,0.012000304,0.032425858,0.011207841,0.009376386,0.25692004,0.041547753,0.57645553,0.9331563,0.8774979,0.024703896
0.023830067,0.012461532,0.022256743,0.14263268,0.02312556,0.012051662,0.032073766,0.026507879,0.58448184,0.90706503,0.9078789,0.022846576
0.013210254,0.0028583556,0.026918218,0.06468816,0.014448574,0.016361848,0.020537863,0.022807335,0.60668707,0.94121873,0.9583803,0.007561077
0.005596308,0.0004692357,0.014424082,0.027125444,0.0076119397,0.011972206,0.020542666,0.020986991,0.60708934,0.9365191,0.9602894,0.0014364771
0.002245754,0.0010024067,0.0028397553,0.006541796,0.012989817,0.013911499,0.09199596,0.018087491,0.60105217,0.9428197,0.934601,0.004301582
0.018814687,0.014240213,0.017126855,0.05153702,0.027391864,0.017117508,0.038385503,0.030495515,0.6219518,0.9695124,0.9733651,0.020121953
0.016422365,0.003882572,-0.007982693,0.12213534,0.01749755,0.0074370746,0.053963237,0.029990522,0.59487534,0.94141096,0.95086867,0.017641872
-0.00017446838,-0.0017779432,-0.007534625,0.037303902,-0.004513908,-0.0012524091,0.032999247,0.008871989,0.60348153,0.96353483,0.9842928,-0.0009912788
-0.002285731,-0.0024643224,0.013979074,0.022651464,-0.015334915,0.0026842393,0.109535515,0.0152995195,0.6040977,0.9784602,0.9758519,0.0068772756
0.0011889068,-0.006696528,-0.0052962843,-0.0039799623,0.021133166,0.013824111,0.14049758,0.03829234,0.5822685,0.902308,0.8680379,0.024867324
0.024627998,0.009798672,0.027626518,0.18076317,0.027299607,0.01628799,0.15387365,0.16786487,0.61462283,0.99105215,1.006139,0.15179925
0.0006491402,-0.0026001483,0.018177338,0.039791178,-0.004992988,0.0060391147,0.11486687,0.022336816,0.6066253,0.96726006,0.94595945,0.016647594
0.002744359,-0.0007911585,0.012474626,0.042949993,0.0037924964,0.012565503,0.060485046,0.013601823,0.6004077,0.9608288,0.9840833,-0.00042286282
0.0060717445,0.00071558356,0.040436935,0.013342947,0.0049489997,0.007875051,0.06872425,0.021447955,0.6166359,0.9801816,0.9739421,0.012746114
0.001315583,-0.0026930105,0.014089406,0.024819646,-0.0033005066,0.0029309094,0.10440536,0.02696948,0.60273457,0.96148294,0.9620528,0.01699178
0.0120833265,0.0057559162,0.033954673,0.04038606,0.021921074,0.01906192,0.066304564,0.046993725,0.61723477,0.9267483,0.94737285,0.034791853
0.0034217383,0.0057357512,-0.0025074687,0.01441538,0.011180241,0.0076580252,0.07340604,0.017922387,0.6333209,0.9894218,0.9875738,0.0033163843
0.010430949,0.005917482,0.00035541318,0.067576066,0.008908326,0.010223135,0.09093468,0.03825572,0.58740795,0.9551319,0.9538975,0.025513913
0.002211168,-0.005217109,0.005230576,0.027075797,0.01595648,0.0034234934,0.11186091,0.026902227,0.60053843,0.9221443,0.9127479,0.0077651567
-0.0043287314,0.0024920162,-0.011351867,0.0718979,-0.010752227,-0.001403328,0.20315793,0.045496404,0.622993,0.9514203,0.9361027,0.032983232
-0.0020174058,-0.0017733797,-0.0013982784,-0.012424592,0.007908598,0.009108027,0.10792462,0.028347326,0.61307096,0.96153176,0.9514521,0.015309721
0.0068698665,0.001685964,0.019034091,0.0330367,0.008976957,0.013444968,0.055609178,0.02763999,0.6033368,0.9611883,0.9953902,0.013324248
0.006311192,-0.0013359524,0.024831675,0.052389875,-0.005918354,0.009264274,0.1336888,0.02700256,0.60730344,0.91488516,0.8974037,0.021731785
-0.00066449307,0.0015056338,0.016113587,0.02020714,-0.020039964,0.009056758,0.12511994,0.022651998,0.63145685,0.9841001,0.9581409,0.011556011
0.001010879,-0.0025878046,0.002020264,0.06022487,-0.003888119,0.0018357038,0.09058151,0.032155044,0.61262345,0.99411947,1.0033389,0.020100223
0.0107116,0.008552879,0.016432043,0.044586275,0.00846627,0.010448515,0.04024899,0.019091414,0.61003286,0.95985436,0.9798581,0.006207774
0.0052775415,0.003147535,0.0117165,0.022409696,0.004472101,0.013311822,0.031382415,0.012753155,0.6149671,0.98794305,1.0099896,0.003259255
0.0134221595,0.006592594,0.017285228,0.03744282,0.02237522,0.008814566,0.12977497,0.07059158,0.59860635,0.8986317,0.88923925,0.046296723
-0.0013443707,-0.0029204767,0.026286002,-0.0047801025,-0.015997741,-0.00011619553,0.054637793,0.015188577,0.600525,0.9817749,0.9919377,0.0068423864
0.013279334,0.002535602,0.00017588027,0.086773455,0.017962737,0.009802641,0.12719151,0.04599466,0.59471035,0.9442376,0.93088216,0.030890591
0.005349857,0.0026746541,0.0105980635,0.06402263,-0.0017596111,0.006621832,0.20920408,0.038254045,0.595888,0.92381537,0.8866007,0.02357234
0.025802597,0.0227119,0.00023171678,0.217724,7.8342855e-06,0.006609628,0.15969412,0.16639964,0.60266376,0.93388546,0.91214067,0.14998779
0.013470417,0.009159282,0.027857266,0.059275933,0.006865056,0.006283749,0.093647934,0.04639461,0.6204316,1.004747,1.0260694,0.034291252
0.022212557,0.01207608,0.049548436,0.105838805,0.03547048,0.041598994,0.34588122,0.29993442,0.5608889,0.85810256,0.8441213,0.25089124
-0.0022629332,-0.0039085187,-0.003736237,0.046481866,-0.010559294,0.0034821667,0.23801395,0.03916157,0.59279275,0.9112214,0.8537095,0.02761007
-0.0046227286,-0.005458653,0.0097742975,0.049791664,-0.014503349,0.0026373416,0.30033684,0.05402588,0.60633343,0.93922424,0.8948541,0.036483455
0.0026085903,-0.004946273,0.004482778,0.064146064,-0.009114496,0.004341174,0.1383329,0.024645189,0.5968114,0.92477095,0.8701078,0.017670212
0.023447625,0.0051426925,0.05324291,0.119073205,0.020273617,0.039265804,0.045166854,0.046408854,0.5982079,0.96047044,0.9841776,0.034861807
0.013566026,-0.0035282895,0.07075165,0.06444145,3.6381185e-05,0.02082236,0.10620631,0.055464648,0.6037849,0.91497755,0.8920749,0.04892266
0.05354737,0.029245026,0.08379644,0.23499277,0.055323623,0.057634443,0.054635517,0.10982994,0.55888367,0.8483479,0.79969245,0.09846855
0.005998803,-0.0017024577,0.028384473,0.008315876,0.007711716,0.011634633,0.082084596,0.03301926,0.5831132,0.9149858,0.91369694,0.022557693
0.00083430856,-0.0064550024,0.01831169,0.008785877,0.006453339,0.009295525,0.16344614,0.042004704,0.5928426,0.9264741,0.8919341,0.028378267
0.018706765,0.0152434185,0.0035501998,0.10664483,0.027602986,0.0030019097,0.08632217,0.07294888,0.5946801,0.91965526,0.9435894,0.05737801
-0.0004093023,-0.0033927076,0.033500727,-0.002542667,-0.008288231,0.011696355,0.133478,0.017349225,0.6200448,0.98162663,0.95843506,0.007876869
0.0029872926,5.3487718e-05,0.015178435,0.006875459,0.01249006,0.011323763,0.0028855316,0.0020808438,0.6088731,0.94591594,0.9336914,-0.0062323133
0.006751261,0.004853338,-0.005168074,0.03168476,0.013275992,0.016458474,0.032806173,0.017794156,0.60053,0.9765724,0.98598176,0.0037995004
0.015339004,0.0028415918,0.060599793,0.054917127,0.00924517,0.029901128,0.059137203,0.044837758,0.6097884,0.9484937,0.94276565,0.036031514
-0.004617678,-0.0035392866,-0.0064739054,0.027365396,0.0019116588,0.007282296,0.13513888,0.010399986,0.6166464,0.9297799,0.8861582,-0.0011384408
0.019852757,0.008555245,0.044658948,0.019809142,0.03071138,0.030053943,0.2264863,0.16349779,0.5836582,0.95035976,0.90806556,0.14514154
0.016531661,0.0033950582,0.026961423,0.069917925,0.020500109,0.026682105,0.0015390925,0.016636072,0.5936773,0.91581774,0.9175507,-0.0016280184
-0.004981218,0.0005751215,-0.0042090537,0.017493691,-8.579344e-06,0.0024505407,0.38710475,0.037749045,0.5808066,0.90756345,0.8143812,0.015380431
0.009848228,0.004208062,0.025662147,0.043990146,0.020213338,0.022213548,0.008191146,0.017986136,0.6109173,0.97001404,0.99428207,0.0028978833
0.010743711,0.0014927424,0.03641389,0.055964645,0.010993408,0.0069450475,0.12456335,0.060978986,0.6056036,0.9646409,0.94591373,0.051333815
0.0097701065,0.004484512,0.028797891,0.04212061,0.014075952,0.013803549,-0.0027629472,0.010662841,0.62157977,0.9713274,0.99641705,-0.0030291523
0.01950134,0.0049786083,0.059407543,0.070656426,0.018083457,0.020788915,0.23853719,0.19159149,0.58534455,0.89179516,0.8483966,0.17093551
0.0020085154,-0.0050447416,0.005944768,0.033185728,0.018303389,0.0052636396,0.4014503,0.10134245,0.56858224,0.90656495,0.8844475,0.06912302
0.011083945,0.0056641772,0.0026763994,0.0064122938,0.039661173,0.02454089,0.22458673,0.09243236,0.5791856,0.9371521,0.84786814,0.072913595
0.0433888,0.02550948,0.07851964,0.07813314,0.06953577,0.06720867,0.10361503,0.12553827,0.5632558,0.87313867,0.7855126,0.11141448
0.016784217,0.0030789077,0.025789011,0.09496798,0.022015307,0.027124949,0.03614752,0.022006368,0.5836732,0.9019384,0.92881143,0.0060382006
0.028257057,0.01241748,0.07957326,0.04660671,0.030741058,0.02125365,0.0356121,0.042922094,0.59833825,0.94892794,0.9612046,0.031807333
0.02610632,0.010363817,0.047905754,0.076642245,0.04075006,0.02900367,0.03210056,0.032958224,0.59907496,0.9549277,0.9462115,0.023947874
0.035091408,0.014051508,0.07109733,0.05094709,0.06320549,0.05373189,0.10517667,0.13237037,0.56830096,0.9082103,0.8602839,0.11172376
0.047653373,0.021891393,0.14278135,0.05713102,0.03737625,0.015994608,0.040379867,0.045138136,0.60724807,0.9476516,0.9379888,0.04307444
0.022077668,0.004828714,0.06391363,0.033829644,0.028475158,0.027259631,0.11588858,0.11415338,0.5882437,0.93930405,0.9111483,0.100055374
0.0032637804,-0.0018916242,0.007700354,0.037088513,-0.0029163323,0.008427849,0.060783364,0.0056299586,0.61955607,1.0182308,1.0435604,-0.0037861909
0.007525809,-0.0011023805,0.021983951,0.05111029,0.011735719,0.019449232,0.03402333,0.017150866,0.616966,0.9627893,0.9396313,0.0059309737
0.014956996,0.006370954,0.017683562,0.06682064,0.014399953,0.016316611,0.0513262,0.027458733,0.6040776,0.95781076,0.9899549,0.015909094
0.010110164,0.0040662363,0.00022475794,0.055283424,0.007498279,0.009540379,0.06306757,0.021904016,0.61184573,0.9668621,0.9915634,0.007734299
0.0017579743,-0.0019702967,0.008946905,0.030473892,-0.0065178946,0.003640253,0.080515906,0.015562469,0.59919995,0.978192,0.9908012,0.0023545702
0.020784665,0.0139708705,0.013344858,0.14576676,0.021216638,0.018764615,0.14045288,0.13750632,0.60530245,0.9253254,0.89900225,0.11736594
0.025932461,0.016983435,0.022726607,0.20222485,-0.0011332855,0.012237534,0.21437065,0.20270814,0.6021136,0.89792204,0.8915294,0.18116175
0.03559708,0.016253889,0.104506895,0.060569838,0.017952092,0.043634135,0.16335203,0.1711245,0.5861137,0.88912356,0.8380087,0.15463243
0.009748628,0.00308178,0.028766654,0.0112702325,0.025114734,0.027451169,0.24446535,0.12259065,0.57760847,0.9727028,0.9636105,0.1008027
0.021690771,0.010498494,0.037881147,0.021775324,0.04467395,0.018399883,0.07270219,0.051515482,0.6031256,0.9783294,0.9978048,0.040560726
0.0147691015,0.0026365798,0.019863639,0.0936895,0.010742482,0.015388668,0.08587058,0.044629082,0.5978911,0.93443257,0.92876357,0.035129562
0.0163617,0.0114392415,0.02705456,0.029415846,0.021787709,0.023473514,0.07175237,0.05478727,0.61168844,0.94904363,0.9289643,0.043802522
0.006961417,0.0048098713,0.014380813,0.031040542,0.0024458356,0.014160929,0.065324694,0.020360144,0.61195755,0.9729341,0.9784502,0.009119254
0.06896061,0.03365815,0.17166081,0.123002306,0.09385844,0.0880706,0.043825824,0.13219531,0.5677735,0.8980205,0.84774965,0.112460986
0.03632678,0.015593648,0.0820249,0.04691611,0.051139,0.057075355,0.050691456,0.079377,0.5823139,0.92568547,0.89540815,0.063615546
0.037896644,0.017903034,0.12211689,0.08184474,0.023577213,0.051054116,0.082813576,0.11002312,0.59977615,0.92635334,0.8987229,0.096309684
0.029577458,0.012005612,0.07706134,0.04502018,0.021277424,0.026749238,0.067307666,0.057870388,0.58990145,0.9517646,0.95235866,0.045598656
0.011554497,0.007624887,0.0014201552,0.04085459,0.015650572,0.0050614793,0.052174762,0.03243676,0.603701,0.97147083,0.99441534,0.01808475
0.021455668,0.011431735,0.050683934,0.05515024,0.02163108,0.031844113,0.14048235,0.1224154,0.60213983,0.96419,0.9727092,0.10890143
-0.004964318,-0.010056788,0.028965369,0.041706648,-0.011268932,0.0032049753,0.22360042,0.037583858,0.5992687,0.94271255,0.92764604,0.020695016
0.05680965,0.027450018,0.0827315,0.252988,0.088703796,0.08644845,0.10382329,0.14171349,0.5834006,0.89331615,0.8691827,0.12695925
0.032575842,0.010102548,0.09242299,0.072943926,0.032951005,0.0365096,0.03749083,0.035772532,0.58357763,0.89963126,0.9075566,0.02342501
0.02019074,0.005374253,0.061810087,0.031217795,0.020175844,0.015276421,0.028399413,0.028739328,0.5906412,0.9508643,0.97100836,0.018347576
0.020080931,0.010454629,0.0061848406,0.1298296,0.026796106,0.011954881,0.040183257,0.03131581,0.6013366,0.92888373,0.9357328,0.022249324
0.016026648,0.009401433,0.015211977,0.07333176,0.02147815,0.0005231425,0.031678095,0.043339014,0.6327448,0.9752395,1.0190601,0.026842477
-0.0030313432,-0.014902427,0.02451197,0.016646288,0.007685486,-0.011743721,0.33988136,0.07944106,0.59317064,1.1158494,1.0937525,0.059030376
0.01311117,0.013099246,0.0008187797,0.0133118,0.020779133,0.027210403,0.050015524,0.027453674,0.60502017,0.9248779,0.89074534,0.018831488
0.007279093,0.0072769,0.02861191,0.026983768,-0.003519673,0.0068042744,0.058463458,0.032286495,0.6067827,0.95891553,0.97626096,0.021334294
-0.0024236059,-0.0025443211,0.014316808,0.0007495843,0.0019145571,0.008297799,0.14355797,0.030543858,0.60607696,0.9904314,0.97620285,0.016332056
0.0028433865,-0.0004702378,0.019608885,-0.009432908,0.006613087,0.015307704,0.13857977,0.04105442,0.6097721,0.98987293,0.9515986,0.028758299
0.014770789,0.0058982335,0.04052876,0.0065517724,0.0061831903,0.023211181,0.13402785,0.08198049,0.6071328,0.96876264,0.9270738,0.07327796
0.013060207,0.006725665,0.031623643,0.028143406,0.0032691658,0.017496554,0.13488111,0.05650995,0.59372675,0.9307107,0.9130083,0.043804467
0.010351807,0.0017613322,0.003662888,0.007612206,0.022756554,0.024181828,0.062071897,0.041777067,0.59164727,0.9422051,0.9017981,0.03007264
0.003115837,-0.006464811,0.011266667,0.036339786,0.017346578,0.0099462215,0.14662519,0.033428535,0.57739925,0.87412757,0.8422732,0.016489329
0.011842351,-0.0014910921,0.01963431,0.08807756,0.018268116,0.019355787,0.04158944,0.03488701,0.5982936,0.94135946,0.9380261,0.024013853
0.020612273,0.018139403,0.009129567,0.0018462203,0.049552888,0.042806655,0.083276525,0.08853221,0.5911156,0.9319874,0.86666757,0.07409028
0.030041944,0.012769129,0.051087152,0.11268425,0.036767,0.02735648,0.1025475,0.116070546,0.5917438,0.959629,0.93821675,0.10331841
0.02071834,0.010833021,0.044901017,0.047066376,0.028819565,0.028753676,0.098220065,0.06920565,0.5968312,0.94042695,0.9467407,0.055979054
0.019026142,0.006928794,0.05758677,0.06482845,0.0147531945,0.020969719,0.1956707,0.15076953,0.59717983,0.9669252,0.9467947,0.13361152
0.014983805,0.009297188,0.027074397,0.03974458,0.030365882,0.013636878,0.06059279,0.033954002,0.62526476,0.9964014,1.0197486,0.019524872
0.008811967,0.004196588,0.025151473,0.0022173338,0.017015552,0.021500949,0.045691885,0.029565843,0.6157059,0.973774,0.9618549,0.019887585
0.004399103,-0.00015562214,0.038582843,0.017069314,0.0033450704,0.0127871595,0.08845981,0.025582997,0.61813426,0.979133,0.9706751,0.015329555
0.008890397,0.0005512256,0.012749799,0.028542036,-0.00046940148,0.012965396,0.07127586,0.025485387,0.59825253,0.9439452,0.9561773,0.019550357
0.05550894,0.030563671,0.08179505,0.22755517,0.06850998,0.05608871,0.05385368,0.116532065,0.56689954,0.8866664,0.8471506,0.10511829
-0.0023103645,-0.0052080937,0.017536547,0.01181725,-0.0052347556,0.0047847405,0.1527686,0.019189788,0.6209054,0.9698843,0.94175,0.007585835
0.011009734,2.047047e-05,0.04707737,0.0056750663,0.02156648,0.017366363,0.14112917,0.06791442,0.59426355,0.969671,0.9533911,0.0554902
0.008431027,-0.0008997116,0.04214994,0.029565148,0.009099124,0.018283293,0.07791591,0.047045216,0.6124028,0.99801993,0.9840551,0.03884622
0.0034117699,-0.0057694428,0.029984254,0.0187786,0.0013087839,0.0050753113,0.11458704,0.025535224,0.60155725,0.96457076,0.91941124,0.01751726
0.032718975,0.011029307,0.06932485,0.10616558,0.03514325,0.020751175,0.05472131,0.061550193,0.57649314,0.87359536,0.8570831,0.04962065
0.003784088,-0.0037795957,0.008015515,-0.012297954,0.02130698,0.010333216,0.08646631,0.047428958,0.5953721,0.9713979,0.9622924,0.02938395
0.029804567,0.012677323,0.076594695,0.07175073,0.022605373,0.042644627,0.066662416,0.05714394,0.60679215,0.94733155,0.9591506,0.052669764
0.005144524,0.0083981715,-0.011492162,0.039866008,0.0011427179,0.01693936,0.51852804,0.15854797,0.55236804,0.87242895,0.775948,0.11545523
4.2981468e-05,0.0022062846,-0.00426477,0.0053190365,0.010328719,0.006365696,0.5515456,0.087124206,0.56491745,0.93687284,0.8371043,0.04970477
0.01105219,0.010039616,0.0068328716,0.027539952,0.02618491,0.013989178,0.035861917,0.023607356,0.62070477,0.9632899,0.9690323,0.012734301
-0.0014012409,-0.005518183,0.012726583,0.02757802,-0.0027653836,0.008046525,0.21646355,0.017978812,0.5937265,0.9357066,0.88328725,0.0030974005
0.031329274,0.040414922,-0.016992666,0.2544444,0.0057734586,0.035772763,0.427775,0.3944188,0.56307703,0.8445021,0.7964193,0.32898417
-0.0046893014,0.0005618036,-0.012412295,0.028509943,0.0008612871,0.007456597,0.5124505,0.10696035,0.5519476,0.91575325,0.8050944,0.07177995
-0.0021791384,-0.0017919373,-0.0021252315,0.008404911,0.0072747935,0.010752287,0.29146484,0.029297458,0.58362746,0.90727544,0.834356,0.009819187
0.01179963,0.0049464926,0.039895453,0.038426828,0.0103662405,0.01677984,0.20541117,0.11132265,0.60024166,0.97019804,0.9452489,0.096077375
0.017800398,0.014477257,0.053559106,0.0018146448,0.0065758377,0.0010352023,0.032584485,0.033173524,0.626655,0.99026877,0.9961471,0.021295741
0.025434237,0.010974079,0.09668942,0.055897743,0.007341832,0.022365352,0.0662561,0.06405788,0.603222,0.90335214,0.8652715,0.058220737
0.00013946556,-0.0029465072,0.024716802,0.015978888,-0.015474513,0.0048344657,0.13182044,0.024988456,0.62571967,0.97983253,0.9593366,0.0139972195
