data,cplx,time,stor,virt,acap,lexp,loc,Generated_Var_1,Generated_Var_3,actual
0.519492,0.3521719,0.08167293,-0.024949066,0.22851107,-0.01556661,0.4439751,0.034940213,0.50708395,0.7038474,-0.081849344
0.6373626,0.39461285,0.07973262,-0.058873296,0.21042544,-0.12741515,0.6094357,-0.060405016,0.57593733,0.783303,-0.11888524
0.5124907,0.34230137,0.021098033,0.014511604,0.18534884,0.08357083,0.30768484,0.03606095,0.6292969,0.7524915,-0.07108983
0.49962732,0.47050548,0.16932066,0.13638163,0.4226408,-0.10258351,0.5746784,0.12050506,0.45656574,0.60620165,-0.017406888
0.61991686,0.41655833,0.122026324,0.05608353,0.32351452,-0.14811856,0.6419966,0.039729632,0.40172273,0.6095569,-0.06353917
0.7468179,0.049024,-0.23913574,-0.30006152,0.16124329,0.5360786,0.0019868314,0.014903809,0.72014683,0.7605592,-0.2439284
0.56763494,0.46344572,0.16390562,0.08513366,0.34526765,-0.16512418,0.6595962,0.045725293,0.4407279,0.66487813,-0.070979126
0.5041259,0.55060554,0.27166897,0.24961221,0.65589833,-0.17531882,0.7902378,0.13210064,0.36579102,0.5260599,-0.0663865
0.4976187,0.41075546,0.06042175,0.056549504,0.37560773,0.087439254,0.42984933,0.14098711,0.49745128,0.62966603,-0.016961396
0.47592175,0.36729068,0.051140346,0.0708913,0.30532968,0.12112089,0.34023714,0.14825459,0.5712634,0.6298181,-0.041607298
0.5003612,0.38879865,0.08611694,0.027924847,0.25252703,0.000503446,0.4532655,0.07366554,0.4936344,0.6436292,-0.039732613
0.8025993,0.12518302,-0.22499385,-0.19770023,0.017206445,0.5879958,-0.15621626,0.031659514,0.8576787,1.0306921,-0.23221216
0.43243355,0.35242635,0.032755345,0.06914855,0.34296715,0.16057287,0.32270253,0.13163275,0.5110578,0.55351853,-0.042573698
0.95511174,0.09068731,-0.30189252,-0.293467,-0.038096324,0.7492726,-0.27449417,0.0075236596,0.99702317,1.2150099,-0.3057673
0.54030204,0.18767771,-0.07563553,-0.09265314,0.26192078,0.29388914,0.21333273,0.05195657,0.49797577,0.5123539,-0.1164392
0.48100165,0.5079028,0.22360873,0.21944943,0.5832521,-0.11605762,0.68419886,0.14040594,0.32661948,0.4889127,-0.065402456
0.75050086,0.18345639,-0.13128889,-0.17574129,0.024494112,0.40632528,-0.0032476187,0.0052067386,0.7786142,0.97286975,-0.22581998
0.5106622,0.27575412,0.012672327,0.030201484,0.38574666,0.21576849,0.28212014,0.12666662,0.503811,0.5234101,-0.046085484
0.52212024,0.41862434,0.084582016,-0.0062240437,0.2743473,0.011563455,0.4957388,0.058202423,0.48241898,0.6839466,-0.02739384
0.3626863,0.5297321,0.24955615,0.26717445,0.7360964,-0.1252594,0.7258482,0.14124617,0.39866963,0.45358157,-0.002859123
0.72892004,0.18846142,-0.14558303,-0.12368345,0.06266479,0.43895003,0.0060386807,0.04355884,0.74605775,0.9338068,-0.19019109
0.48018196,0.4166096,0.0887511,0.08880368,0.28890294,0.032984227,0.41594812,0.09961654,0.53260326,0.6725087,-0.022188254
0.7258862,0.1544184,-0.17176005,-0.17615333,0.05928456,0.4980312,-0.050703138,0.051299773,0.74791205,0.8988341,-0.18624917
0.775652,0.07444176,-0.2561112,-0.29276553,0.06340562,0.5978465,-0.11301468,0.030695986,0.7716039,0.84695125,-0.2412155
0.40914753,0.3353576,0.088357575,0.09469458,0.47776678,0.08604592,0.41942328,0.12715542,0.39391226,0.42470178,-0.02971036
0.4964131,0.37468094,0.037877854,0.049418136,0.35876757,0.16783892,0.35238805,0.15170355,0.5261841,0.5949774,-0.023514695
0.59986407,0.42844355,0.13315228,0.06145832,0.30695242,-0.13452531,0.6285994,0.03721307,0.41912436,0.622481,-0.07363836
1.7841418,-0.1498838,-0.770749,-0.7256639,-0.29345804,1.4999329,-0.82346976,-0.12302853,1.9004357,2.3091953,-0.7549748
0.41529322,0.45247048,0.21694916,0.20680228,0.66603565,-0.08007746,0.69570124,0.13404252,0.28490245,0.36298805,-0.04098914
0.49443945,0.34884292,0.014178153,-0.005620159,0.3151743,0.16134903,0.32131803,0.11327789,0.5211402,0.6004916,-0.037956573
0.9570315,0.11316092,-0.25407547,-0.32133216,-0.033046916,0.5541586,-0.042423457,-0.062323414,1.0530849,1.3351936,-0.35378397
0.70175654,0.100962505,-0.19006276,-0.19087541,0.11741666,0.47949904,-0.01868762,0.03256107,0.7047905,0.7538127,-0.20172822
0.6664709,0.11596125,-0.17290515,-0.22103074,0.19034222,0.48643056,0.021277405,0.057452515,0.6151611,0.6433509,-0.16586354
0.8376229,0.004111059,-0.29766285,-0.3661247,0.16754618,0.63178277,-0.07171008,0.020038579,0.73761123,0.7742022,-0.2794203
0.41707173,0.3552518,0.103690475,0.05781044,0.59037113,0.049294908,0.55064213,0.10604384,0.41051114,0.42437184,-0.09137615
1.1402625,0.81013554,0.25105837,0.07707494,0.58163655,-0.402223,1.3568716,0.024801312,0.5718256,1.1234498,-0.22358748
0.3881633,0.47736675,0.23967132,0.22148806,0.6932359,-0.120678656,0.72012603,0.14826977,0.33035624,0.3945033,-0.0336247
0.4194927,0.42624623,0.10380517,0.14850107,0.41781387,0.086896956,0.40397388,0.17698252,0.5311774,0.5756495,-0.0014935657
0.6928956,0.15451157,-0.16055492,-0.14866649,0.08665324,0.47314605,-0.024780989,0.058789626,0.7123316,0.82865405,-0.16594699
0.3633889,0.35804987,0.118468344,0.0905761,0.609079,0.044424657,0.5821917,0.09701953,0.31430972,0.34039223,-0.05300992
0.5893453,0.38786012,0.10204756,-0.0034288168,0.23446795,-0.13680859,0.6087158,-0.021126898,0.49955767,0.703255,-0.09082181
0.5998717,0.35889494,0.03636784,-0.08747189,0.16713004,0.025356796,0.4313082,-0.029860737,0.62440884,0.81697345,-0.12651038
0.8351936,0.08306224,-0.259281,-0.28970045,0.07140854,0.586396,-0.11177114,0.023282092,0.87499696,1.0134307,-0.28018722
0.4203605,0.44779515,0.14480498,0.16730654,0.4439797,-0.009255138,0.48893574,0.16328727,0.49103487,0.5723586,0.0056054145
0.551081,0.41983247,0.142043,0.093022354,0.34171456,-0.09688116,0.56781673,0.07356544,0.39721674,0.56939036,-0.05526664
0.46687916,0.27140403,0.015593365,-0.029173099,0.43062,0.17306484,0.37388608,0.11055529,0.49969986,0.5243197,-0.08628098
0.37694132,0.4420001,0.13521934,0.14521608,0.50151813,0.002192011,0.519288,0.16838285,0.49563995,0.54005355,-0.0017518625
0.334481,0.46525335,0.16707866,0.19574207,0.5573032,-0.021274507,0.57435256,0.14771414,0.44743147,0.46755075,0.0046107396
0.7112965,0.5975668,0.24858949,0.19518346,0.55821055,-0.22354734,0.87809765,0.1051799,0.38336575,0.7206428,-0.06910098
0.34751537,0.43269944,0.13993567,0.16313788,0.50040615,0.00746183,0.5151017,0.14733005,0.43437204,0.48143625,0.0016820654
0.5768556,0.31334335,0.04726797,-0.035461552,0.19076686,0.011803768,0.41765603,0.017403502,0.50347984,0.6333207,-0.08825108
0.6630046,0.2791255,-0.07417158,-0.15234739,0.2520789,0.25534216,0.30202264,0.04190348,0.5794118,0.73129535,-0.11230876
0.41719338,0.42063063,0.13977274,0.10719478,0.47924146,-0.042142477,0.59388304,0.07880273,0.33792004,0.41346622,-0.008946098
0.47847247,0.30805898,0.021677319,0.04654924,0.34303993,0.17253253,0.28172562,0.14018404,0.56900984,0.5942441,-0.056058474
0.6212402,0.12312055,-0.14006999,-0.13554534,0.22183268,0.38023642,0.111573294,0.043247364,0.597069,0.5913991,-0.16661811
0.45362812,0.5575873,0.23663193,0.18158326,0.70107496,-0.077596895,0.8431053,0.15280026,0.4780708,0.56349504,-0.047127284
0.6544686,0.20192292,-0.112744726,-0.12338658,0.19041595,0.35893044,0.0948562,0.088099346,0.7124838,0.7997341,-0.150803
0.4548228,0.3405488,0.04597844,0.09847828,0.36913046,0.19505733,0.2938489,0.15317562,0.51851505,0.56104624,-0.02597253
0.3966942,0.30617207,0.06627604,0.045336023,0.5536969,0.12959006,0.5051772,0.07753277,0.32196122,0.3306376,-0.07059843
0.9517922,-0.037023567,-0.36181477,-0.3885744,0.033622615,0.7142271,-0.18010032,-0.037128553,0.9801753,1.0754192,-0.3308734
0.44683185,0.35672915,0.06529401,0.08925857,0.34267902,0.14463997,0.325754,0.14068657,0.51280427,0.5770991,-0.043537445
0.52676266,0.49171913,0.20158917,0.18472973,0.4875409,-0.13115942,0.65380836,0.11064327,0.37819234,0.5487593,-0.050794758
0.36594614,0.47906303,0.21768668,0.22969453,0.6229203,-0.08970572,0.6419413,0.1539449,0.3803069,0.45517558,0.00033401698
0.7117021,0.6259501,0.24218744,0.09872488,0.4696041,-0.2750602,0.9189614,0.0551845,0.51533395,0.821096,-0.09831574
0.6278522,0.42555612,0.12094408,0.062936865,0.30600065,-0.13257037,0.6266074,0.038986076,0.41442063,0.619521,-0.06625513
0.38865694,0.44968224,0.20743278,0.18922561,0.6327938,-0.08618304,0.6663103,0.13668565,0.29358476,0.36512756,-0.044296913
0.728642,0.13012698,-0.17611489,-0.20500004,0.08614523,0.47490865,-0.021306604,0.034644,0.7823201,0.90213144,-0.21603778
0.46877545,0.45644414,0.16882583,0.16844267,0.44842568,-0.043702353,0.5285128,0.13421644,0.41713426,0.53095436,-0.026602112
0.44226918,0.3929323,0.072639465,0.12372321,0.37107503,0.14651206,0.3249698,0.16088924,0.5483924,0.59416634,-0.026602894
0.5927363,0.26809183,-0.057162262,-0.028497353,0.17008145,0.2800863,0.13936467,0.09279376,0.65718585,0.7524057,-0.10989068
0.5393898,0.5517112,0.2644447,0.2356456,0.588019,-0.18821818,0.7508919,0.12473516,0.38825583,0.60086226,-0.04746353
0.357835,0.39996344,0.14904469,0.11932593,0.57241464,-0.010334369,0.6264322,0.10535366,0.30309355,0.34844935,-0.054285176
0.4609832,0.47026896,0.18699807,0.18615255,0.48446307,-0.07245726,0.56531405,0.1441197,0.42701292,0.5467367,-0.011525847
0.6162165,0.517855,0.19706586,0.09585209,0.38979697,-0.20389304,0.7549577,0.042366095,0.4464895,0.7249295,-0.07354545
0.48408177,0.40820098,0.11822405,0.06590541,0.34029582,-0.015661854,0.48354986,0.11224299,0.42531317,0.5906287,-0.027460061
0.358225,0.39016086,0.116733745,0.1135768,0.5907154,0.03522559,0.60897183,0.0693003,0.29987422,0.31086802,-0.052198865
0.9593699,0.0065050945,-0.3325399,-0.3442168,0.016125426,0.7076101,-0.20482585,-0.008938482,0.99480736,1.1290302,-0.33949682
0.7228879,0.18634823,-0.12156864,-0.21342224,0.059474304,0.35453326,0.094649196,-0.007796459,0.76448953,0.9724708,-0.20086735
0.5043731,0.35986936,0.044017576,0.054104537,0.25158548,0.15412734,0.29081935,0.10857949,0.5637231,0.68010837,-0.06281797
0.6530301,0.60433763,0.24830887,0.17886001,0.5353992,-0.19796014,0.8173251,0.11170902,0.5057241,0.70597047,-0.046288915
0.61231,0.24551342,-0.042845204,-0.07802324,0.10321885,0.21629904,0.20906505,0.030028716,0.6644744,0.83775544,-0.14316422
0.66975266,0.5852856,0.24193186,0.17186987,0.5350843,-0.23782584,0.84030044,0.09530163,0.40878242,0.6771486,-0.085706495
0.49153063,0.4700306,0.172084,0.13280524,0.40266627,-0.09425521,0.57513857,0.11358322,0.39278615,0.54030085,-0.033288866
0.5895892,0.15950301,-0.12384718,-0.14611731,0.21044835,0.37778968,0.11807194,0.05696348,0.5940245,0.6397171,-0.15456924
0.51263183,0.422697,0.12371033,0.01609312,0.27971864,-0.07101585,0.5276243,0.052538812,0.44012088,0.67342883,-0.036509223
0.504857,0.34325373,0.050234403,0.03244241,0.2391035,0.1654635,0.2743833,0.11343345,0.5206973,0.64626706,-0.067638956
0.3762188,0.5501596,0.27688217,0.22036901,1.0995203,-0.1305499,1.1595907,0.033297718,0.26146898,0.31180108,-0.15374726
0.41120082,0.4027999,0.12974809,0.0806667,0.41922665,-0.01873444,0.5105172,0.13816376,0.3609707,0.45633838,-0.037342854
0.695936,0.53392416,0.16822912,-0.053141445,0.3045655,-0.19486359,0.81933165,-0.061804898,0.5398601,0.8996023,-0.08825406
0.5647211,0.38094604,0.11589964,0.040874932,0.29054642,-0.12186553,0.5604057,0.054349862,0.39966694,0.59370166,-0.065537505
0.51386,0.374232,0.07621311,0.05551725,0.26242402,0.014966714,0.4025119,0.09935912,0.4780454,0.6380371,-0.046948157
0.32328832,0.54753315,0.24972898,0.2684518,0.7519156,-0.13517338,0.8078209,0.13501473,0.40647313,0.46343142,-0.009657927
0.43108118,0.35421532,0.1161696,0.12411538,0.45800814,0.06778097,0.437254,0.15218471,0.35621697,0.43307137,-0.02516397
0.55613726,0.31478542,-0.014652237,0.013652846,0.19301733,0.22968595,0.20247579,0.10477939,0.6236421,0.76996905,-0.08892352
0.4460605,0.33350176,0.050025888,0.088726245,0.38505974,0.18600956,0.3077786,0.1401756,0.49730852,0.5393385,-0.038811557
0.4030662,0.38179767,0.06888101,0.071567126,0.3673898,0.09851304,0.39414132,0.13299704,0.5178374,0.5454206,-0.031433903
0.71131885,0.2620622,-0.047529317,-0.087582305,0.14171551,0.16029292,0.2498597,0.020767495,0.6695966,0.8530021,-0.16116768
0.53450614,0.4649384,0.17148867,0.11667911,0.37520567,-0.12903666,0.6131613,0.08467773,0.42239857,0.62402105,-0.024278983
0.5568039,0.40149266,0.0898641,-0.025926813,0.22492662,-0.0585282,0.5309764,-0.004794413,0.5447184,0.800326,-0.083857305
0.51382077,0.30801326,-0.004352078,-0.0027031898,0.30063832,0.23764955,0.24592426,0.124318846,0.56270254,0.61299956,-0.07185996
0.91287977,0.07776935,-0.28558528,-0.27238047,-0.011093542,0.6904403,-0.22391593,0.007058179,0.9528534,1.1334382,-0.2956664
0.46485135,0.44027197,0.09968446,0.07250765,0.5028822,0.07056147,0.48575035,0.15717748,0.50689673,0.540285,-0.0366944
0.48582125,0.41701925,0.13307118,0.10874307,0.3260712,-0.07442164,0.51425046,0.08999932,0.41268083,0.5604822,-0.024133153
0.7061259,0.20669177,-0.09385767,-0.115232795,0.06576429,0.28182247,0.11204098,0.026217166,0.72802526,0.90273523,-0.18135843
0.53255135,0.38264036,0.10380506,0.1263788,0.41443285,-0.0113946125,0.49738348,0.08690246,0.39055994,0.5543337,-0.01654046
0.4789959,0.44120824,0.15248105,0.11721787,0.34965718,-0.0750122,0.52109563,0.101210214,0.42149335,0.5840654,-0.021713063
0.42278573,0.43204892,0.14836633,0.14716618,0.5226728,-0.036230918,0.5828639,0.10517131,0.32152334,0.40607598,-0.030584998
0.38725886,0.3437031,0.116872594,0.092610344,0.69375384,0.060937107,0.6751256,0.07635673,0.32168308,0.32263675,-0.09026725
0.50574446,0.43025732,0.090653144,0.05338259,0.29594973,0.023955997,0.46236753,0.091088004,0.5033629,0.6519911,-0.020452842
0.36872426,0.38647085,0.13106957,0.1414468,0.5262233,0.034812752,0.48874298,0.16800794,0.4326192,0.46017754,-0.0010183379
0.6062446,0.4213965,0.13373399,-0.0018408969,0.26298356,-0.13317835,0.613914,-0.004062932,0.47139785,0.72073686,-0.08820196
0.9731073,0.079272225,-0.31777957,-0.28684404,-0.07703532,0.75390905,-0.3196885,0.011087399,1.0333922,1.2789807,-0.34271303
0.7891022,0.1496763,-0.17012581,-0.21399316,0.012247011,0.462011,-0.027731165,0.018157337,0.7974116,0.9891157,-0.2522601
0.46641764,0.36915088,0.050021607,0.05337281,0.252713,0.10026952,0.33276778,0.10686342,0.57631254,0.67145073,-0.044748046
0.4329191,0.48411852,0.21428552,0.22947855,0.5283005,-0.08187685,0.57436836,0.1533744,0.43287528,0.52913564,-0.0062240213
0.5179305,0.32958853,0.044095486,-0.022343919,0.20154953,0.14286818,0.2799161,0.07423448,0.5453997,0.701805,-0.08977301
0.6530973,0.20366114,-0.10474374,-0.14386725,0.10826194,0.3564538,0.10822138,0.033013716,0.6854991,0.84281003,-0.14566407
0.45615864,0.32997966,0.08504527,0.07972291,0.3858912,0.106171794,0.38257262,0.142707,0.40551966,0.4760616,-0.022009946
0.59075963,0.31665057,-0.037548497,-0.037988976,0.22589242,0.21674924,0.27175847,0.10553757,0.5838799,0.72273517,-0.08422724
0.61990744,0.20648547,-0.10731647,-0.111077175,0.1880001,0.40280733,0.08649216,0.08271638,0.6099729,0.6848664,-0.11562353
0.63644546,0.46013308,0.13908401,0.06963073,0.34457672,-0.17356104,0.6882801,0.04226312,0.4234527,0.6468886,-0.0645472
0.5874727,0.21342054,-0.052364245,-0.10765806,0.20829463,0.2550392,0.22871152,0.06627615,0.5544292,0.65300953,-0.097803436
0.36310166,0.43155622,0.12537768,0.14703569,0.47137034,0.037484355,0.48791426,0.1554339,0.4765969,0.5080747,-0.0057253167
0.41182357,0.43349373,0.12572964,0.16383666,0.43688434,0.053973943,0.43432665,0.17464896,0.49842718,0.5494923,0.0041000694
0.836173,0.13461381,-0.19834885,-0.29692575,0.0387559,0.46152574,0.011344776,-0.012960885,0.8329626,1.0627173,-0.30027407
0.53982216,0.3017086,-0.026021466,0.000526011,0.19546798,0.2776152,0.14852023,0.11311232,0.5848788,0.70092154,-0.08518236
0.3633271,0.48702723,0.17452505,0.20698462,0.5534707,-0.013951828,0.51773703,0.18764547,0.50229436,0.52496356,0.0016016439
0.46662578,0.4317686,0.15165243,0.15230411,0.44102985,-0.06367596,0.54883957,0.12307692,0.3266008,0.45882568,-0.021371804
0.42043933,0.40595835,0.13537025,0.123433605,0.3864314,-0.018885363,0.46655634,0.13482141,0.38819736,0.4939221,-0.01102636
0.58412886,0.5512775,0.23899102,0.18189201,0.49088165,-0.1820093,0.73001194,0.10344261,0.41750655,0.63609654,-0.0638705
0.94961697,0.07934497,-0.2870135,-0.2996831,-0.04854366,0.70070505,-0.22457671,0.0037272507,0.9912759,1.2183678,-0.3149837
0.37679276,0.33268917,0.09370952,0.07521099,0.58452773,0.098018266,0.5656694,0.062977605,0.3001596,0.3112081,-0.07537005
0.4919427,0.42800808,0.13639432,0.079719536,0.3405999,-0.045076314,0.5029932,0.110269845,0.40109992,0.58011013,-0.02519466
0.7877388,0.14564717,-0.20158783,-0.21688628,0.036915563,0.5299669,-0.045553356,0.02995692,0.79087347,0.9604111,-0.22056016
0.82246727,0.62310016,0.21758139,-0.13977206,0.3330539,-0.4005792,1.0789397,-0.13273264,0.6420886,1.1385417,-0.20896026
0.47275743,0.39506036,0.056294024,0.06746806,0.31687802,0.1325379,0.34440178,0.16003339,0.5373042,0.6189414,-0.02132579
0.77266335,0.23478389,-0.068742104,-0.12773181,0.07913533,0.17536081,0.23916703,-0.011684727,0.74024314,0.9462202,-0.19957617
0.7843692,0.10901902,-0.2167081,-0.2106289,0.045288816,0.5674725,-0.10309087,0.030539284,0.8007718,0.9418731,-0.20943093
0.44097123,0.4587195,0.15461448,0.19449401,0.48408192,-0.04300723,0.5274042,0.14122528,0.4236421,0.5004003,0.018641606
0.5877141,0.23066005,-0.056803606,-0.056602284,0.23747072,0.34421974,0.14956143,0.094289556,0.58563274,0.6343065,-0.09511552
0.72982156,0.1666784,-0.17474133,-0.18344161,0.052053213,0.49081331,-0.0349842,0.047876615,0.747601,0.9151286,-0.19643208
0.65489686,0.24886957,-0.06854289,-0.10003629,0.0990186,0.29971752,0.11707643,0.045321196,0.6487439,0.8103044,-0.16234753
0.37501332,0.4040709,0.12368494,0.1436595,0.5168885,0.015427659,0.5151243,0.12122448,0.36192337,0.4309561,-0.0133236945
1.139431,-0.034613065,-0.4723772,-0.50653565,-0.017808914,0.8594322,-0.3188227,-0.03898626,1.2237387,1.3930937,-0.44823614
0.40570363,0.40420258,0.10129365,0.10722974,0.4892383,0.055969648,0.4669057,0.17087372,0.46598297,0.5262992,-0.016948394
0.5237993,0.5579922,0.23570949,0.26561183,0.65146255,-0.14707914,0.75084484,0.11542958,0.46722245,0.638077,0.0053610355
0.44497,0.41998786,0.10920155,0.10510373,0.31702006,-0.0043945643,0.42512402,0.1288186,0.4933232,0.6211754,-0.006818734
0.7782761,0.04001009,-0.26225853,-0.2717739,0.07775407,0.5812342,-0.09491058,0.01017334,0.78003436,0.8339234,-0.24436674
0.4623647,0.41247475,0.0743362,0.080210365,0.38911048,0.10511127,0.41767964,0.16365898,0.49978602,0.57840675,-0.010656297
0.39751068,0.39092642,0.11351049,0.14341134,0.42003608,0.065887906,0.41103387,0.16201863,0.43213987,0.49644774,-0.0058559105
0.41671756,0.33172017,0.09112669,0.06493025,0.5160842,0.095617525,0.44441795,0.1286686,0.4078307,0.44549844,-0.049647905
0.44976673,0.38447613,0.06013989,0.11359916,0.35596693,0.16114187,0.31221217,0.16009122,0.55591375,0.6020983,-0.0280694
0.6004016,0.4663424,0.14993417,0.008212596,0.30282873,-0.17991622,0.7237389,-0.029363533,0.48986003,0.76191795,-0.07503194
0.4612611,0.5009037,0.23728478,0.24175015,0.56984293,-0.11359188,0.6374459,0.14482717,0.36221376,0.512572,-0.04048001
0.40987483,0.4370963,0.13778228,0.17163238,0.42560095,0.007538927,0.45507938,0.16960883,0.49198598,0.56430507,0.010931499
0.54316574,0.34891254,0.097408205,0.011238687,0.21835959,-0.03571467,0.44726285,0.03661623,0.4518062,0.6095791,-0.06870989
0.97479093,0.6897955,0.24289924,0.09179403,0.51330984,-0.35277784,1.1366965,0.032098845,0.50398326,0.98187244,-0.14762166
0.47748867,0.3714168,0.054418758,0.0144988075,0.27923876,0.12022912,0.34664035,0.1021459,0.51296014,0.64033824,-0.04859703
0.7013444,0.07011202,-0.19580042,-0.21618369,0.2512172,0.43575865,0.115533255,0.020677421,0.64694,0.64773834,-0.22981194
0.45737714,0.41463292,0.110747255,0.07036786,0.33431637,-0.062010907,0.51463974,0.086150795,0.42103174,0.50776964,-0.025874339
0.36804432,0.3643703,0.14055592,0.11875034,0.6258123,0.010836092,0.63432634,0.09204187,0.26841164,0.28812262,-0.05864977
0.58212984,0.30922887,-0.015206628,-0.080488965,0.22271356,0.20743513,0.2837559,0.07737664,0.5251466,0.68830144,-0.10006388
0.31990194,0.41373914,0.16215739,0.16626576,0.590545,-0.0066333273,0.5731082,0.14663853,0.4094242,0.42286348,-0.012973629
0.7025789,0.18670751,-0.14639536,-0.13080989,0.036117114,0.45538828,-0.06270088,0.056811273,0.742328,0.928507,-0.18963838
0.5021463,0.3769943,0.08605039,0.059127353,0.25866836,-0.0035368847,0.41911435,0.07261279,0.48275805,0.6230487,-0.041951455
0.87055457,0.028362382,-0.29652202,-0.2915873,0.026095547,0.6644474,-0.17516187,0.0046436246,0.8661584,0.97323966,-0.2683601
0.5212533,0.48441333,0.18738642,0.18248647,0.4779153,-0.10537745,0.61588407,0.113243446,0.40743163,0.5613507,-0.022126473
0.6700387,0.20726228,-0.05507285,-0.18620914,0.13418336,0.20623098,0.23508148,-0.014137818,0.65103704,0.8507319,-0.1670857
0.51325977,0.3136088,-0.012596503,0.005111806,0.28250155,0.20502378,0.2695561,0.12575212,0.5472914,0.62716854,-0.04741744
0.6299859,0.49251497,0.16559425,0.12224123,0.39878702,-0.14534435,0.69124615,0.0741868,0.38333166,0.60973215,-0.06723615
0.956685,0.07473766,-0.31107762,-0.31239182,-0.050336927,0.7093865,-0.23154384,0.006529987,0.9925841,1.225642,-0.32799116
0.3733088,0.34163153,0.11952744,0.11471483,0.58058727,0.05389086,0.49130943,0.13629235,0.38309634,0.37116212,-0.027396016
0.4323088,0.38420212,0.081773944,0.11112785,0.37541926,0.113505565,0.3567288,0.15345338,0.533254,0.58864105,-0.03462054
0.35890946,0.40987605,0.16044815,0.1512016,0.5788286,-0.022361,0.5851305,0.14428113,0.35320196,0.39363775,-0.015975304
0.4646438,0.3804177,0.061401393,0.09586556,0.30614662,0.10687434,0.3209538,0.15333313,0.565945,0.64867425,-0.029034086
0.56759113,0.4632427,0.15249649,0.06348106,0.33535558,-0.11483936,0.58221817,0.04812483,0.48453218,0.6797794,-0.089434616
0.44319195,0.44435793,0.16787735,0.16371146,0.43787637,-0.03084663,0.50346076,0.15215312,0.38625136,0.51191235,-0.016510807
1.0081437,0.062430415,-0.32694593,-0.33455378,-0.06376089,0.7218733,-0.24287179,-0.03139939,1.0419862,1.2965693,-0.35477597
0.45016095,0.34776664,0.06732198,0.023182191,0.5424479,0.088208616,0.48940685,0.14645638,0.45305943,0.5107082,-0.06303344
0.54655445,0.4432711,0.16196913,0.05052569,0.32258973,-0.15646468,0.64056015,0.035550125,0.4328975,0.68934834,-0.07348249
0.79730546,0.11392357,-0.20863158,-0.22331062,0.08484803,0.5793283,-0.064623296,0.052255563,0.7615804,0.858592,-0.20663941
0.4624829,0.31704152,0.029592812,0.055742957,0.3667367,0.21818805,0.2868759,0.1303809,0.49340373,0.5395238,-0.04629273
0.84851134,0.51171386,0.14537993,-0.023470141,0.31356192,-0.2809429,0.90073454,-0.061460897,0.5021782,0.85998744,-0.15187195
0.55154896,0.34611958,0.060487196,-0.0038568676,0.19372164,0.077156395,0.32917717,0.06234321,0.498618,0.6664067,-0.09816245
0.70908767,0.5491138,0.19104028,0.09835899,0.40632322,-0.22342066,0.8300276,0.045141272,0.4292494,0.73025537,-0.104372896
0.5271668,0.32923204,0.04198999,0.015218876,0.21066558,0.09559392,0.32851127,0.06765239,0.54144824,0.646186,-0.06961083
0.4953326,0.40309805,0.099648416,0.033068903,0.26909894,0.0077709733,0.43614537,0.09295356,0.45281252,0.6332358,-0.031052157
0.8187068,0.14341676,-0.2062611,-0.19359949,-0.034796223,0.54156196,-0.16408426,0.03471659,0.86240965,1.0843269,-0.27107748
0.35583887,0.4423284,0.17524649,0.2226503,0.55537105,-0.026168881,0.5196681,0.16940202,0.43362436,0.47841424,0.017630868
0.6281612,0.1679225,-0.11914364,-0.114354104,0.19125548,0.3627786,0.09729761,0.05631666,0.66758466,0.6998141,-0.1659416
0.6125911,0.269647,-0.08011577,-0.13283911,0.23652732,0.2558674,0.30345982,0.05851753,0.56920606,0.6780877,-0.10227796
0.5560751,0.29485434,0.01610988,-0.059279397,0.15508066,0.16819549,0.23696537,0.04734283,0.5974793,0.75632066,-0.12485132
0.49931428,0.4106183,0.11482401,0.030763526,0.31117016,-0.044121955,0.529086,0.086611174,0.39383692,0.59144247,-0.034605123
0.56303906,0.4742061,0.17714845,0.11442803,0.3967614,-0.116003074,0.6444863,0.08199196,0.43505326,0.6262498,-0.057707123
0.3684515,0.41733015,0.16969764,0.17669827,0.5856589,-0.029097639,0.567878,0.14920372,0.371075,0.42506373,-0.015448295
1.0282319,0.017153628,-0.36713624,-0.41427907,-0.07071224,0.7668216,-0.26423174,-0.031612888,1.10374,1.3339522,-0.40302542
0.48371652,0.3579057,0.051402494,0.05740864,0.25883448,0.17255512,0.2567495,0.128443,0.5385553,0.64519525,-0.055038445
0.45328367,0.29225782,0.031201143,0.07883655,0.37717238,0.20230189,0.26469702,0.13131854,0.49621487,0.5175485,-0.041506566
0.39106116,0.46075636,0.17704111,0.24050787,0.55458045,-0.03466243,0.52629817,0.16572781,0.44045728,0.51285064,0.025527783
0.39330292,0.33292866,0.087344274,0.017369043,0.527267,0.10365992,0.46942124,0.13748021,0.39039278,0.42495853,-0.057728656
0.547722,0.31181616,-0.0076884255,-0.0012971535,0.17158209,0.21606801,0.19252068,0.10332215,0.5815586,0.7270577,-0.08453224
1.0393436,-0.052787706,-0.42019066,-0.4696353,-0.009112641,0.81395763,-0.26268643,-0.0334557,1.0341041,1.196799,-0.36282918
0.9396186,0.0149771795,-0.30732504,-0.31629178,0.002376251,0.739458,-0.24646917,-0.0022389404,0.93896973,1.064689,-0.30381116
0.41997772,0.38850123,0.10158665,0.13279153,0.4445153,0.09348654,0.40163487,0.16454303,0.48927724,0.52533174,-0.006535195
0.46848378,0.43185472,0.1302517,0.10010438,0.32845166,-0.044592556,0.48898017,0.106435195,0.44841158,0.5861737,-0.012211405
0.40888384,0.3639543,0.14333928,0.106510825,0.67903566,0.03560097,0.6239556,0.07379206,0.32344836,0.34427634,-0.09055612
0.3640968,0.46375698,0.17836913,0.22623096,0.5191251,-0.00671597,0.48814234,0.18660219,0.51479036,0.5278389,0.014380224
1.1763512,0.04955606,-0.39286828,-0.37812224,-0.12579252,0.85192645,-0.34498402,-0.038422942,1.2583866,1.5976012,-0.4497364
0.3829252,0.36616242,0.09968727,0.055937476,0.5481769,0.06454772,0.4902882,0.16247569,0.4464802,0.43576825,-0.016907401
0.4984617,0.39913803,0.12517717,0.100904875,0.32759488,-0.07032252,0.52164274,0.086272046,0.40803954,0.54319227,-0.03416217
0.71448016,0.19183409,-0.14493683,-0.123530746,0.076707825,0.4318763,-0.0043203384,0.050535478,0.7131937,0.87297547,-0.17306343
0.925874,0.054170147,-0.2964734,-0.28773636,-0.022274822,0.71810234,-0.23958975,0.0017737541,0.9537177,1.1284709,-0.29828724
0.4553286,0.33471274,0.037608813,0.032835722,0.3823425,0.15725787,0.36683503,0.10604399,0.5394939,0.5923463,-0.08674068
0.7658887,0.11850195,-0.2116107,-0.22422525,0.06184378,0.56760037,-0.095704034,0.039417677,0.78060573,0.9085828,-0.20933753
0.5820631,0.2002523,-0.09543512,-0.12488754,0.19254881,0.3413427,0.15626809,0.070428185,0.5867133,0.65703183,-0.10168994
0.5302728,0.29007882,-0.020066574,0.01875684,0.25057274,0.25532845,0.19271584,0.11642594,0.5875728,0.66102386,-0.07307852
0.72147644,0.14678477,-0.16710418,-0.15751468,0.09651281,0.46801743,-0.033830345,0.05454866,0.7613353,0.8556906,-0.19936788
0.4773099,0.37458497,0.08424128,0.070657544,0.3484039,0.09847614,0.3871844,0.14622882,0.46447635,0.5370667,-0.01711353
0.3912239,0.3927678,0.14800665,0.11694264,0.5329122,-0.006043218,0.54825544,0.1502829,0.37784427,0.4333253,-0.012205534
0.7049289,0.5694214,0.21307713,0.049319953,0.39939785,-0.2683861,0.9140891,-0.01321931,0.497168,0.870037,-0.106219746
0.52208793,0.44573873,0.14689316,0.14715092,0.44107443,-0.09997236,0.5964814,0.08831509,0.39200208,0.5101412,-0.02874031
0.8572187,0.59125876,0.19712606,-0.12126507,0.30872577,-0.39437634,1.0717419,-0.14447953,0.625614,1.0883113,-0.194677
0.42057917,0.36566973,0.12294772,0.10704443,0.47759074,0.03663428,0.49472636,0.12725012,0.30413043,0.36652383,-0.048734196
0.8839736,0.04467075,-0.2694808,-0.32626766,0.17327009,0.5747159,-0.0068910494,-0.026120817,0.93436974,0.9322461,-0.37055585
1.1216933,0.0069978386,-0.40087846,-0.4127378,-0.100544855,0.8547346,-0.3462434,-0.031170106,1.1954925,1.4890223,-0.42768
0.5338673,0.46544993,0.16875666,0.09800315,0.37447476,-0.089375,0.5791486,0.101485096,0.40050212,0.61186296,-0.044960566
0.46565172,0.36073476,0.046181217,0.07536912,0.3252899,0.1589434,0.32902062,0.152784,0.5513084,0.59033716,-0.026905902
0.41975456,0.40131283,0.09624608,0.13271353,0.42110622,0.09567017,0.39358345,0.15576057,0.46958488,0.5352722,-0.013754532
0.40306348,0.4583645,0.19491735,0.23934779,0.565637,-0.056277584,0.564628,0.15151311,0.3787032,0.47144192,0.006330423
0.53390247,0.22110471,-0.043801747,-0.05009155,0.31694087,0.25271258,0.23566295,0.08738945,0.5585825,0.56000113,-0.114253946
0.4963881,0.40064722,0.11673455,0.102595,0.3672127,0.002187795,0.4814487,0.10178896,0.37735656,0.48663694,-0.031249963
0.43051332,0.45794445,0.17635117,0.18811515,0.4438585,-0.08161613,0.5199299,0.14466804,0.45516956,0.56181496,-0.004077412
0.7653321,0.046119034,-0.23129216,-0.24619788,0.2665282,0.48273003,0.087546684,-0.012711553,0.7031098,0.65278935,-0.27380794
0.61598665,0.43121058,0.13378729,0.04445262,0.29647863,-0.15890566,0.6554847,0.026708087,0.41431743,0.6309272,-0.081122495
0.6441632,0.22460443,-0.10407428,-0.1223411,0.13906407,0.36163068,0.1202625,0.06701908,0.65252477,0.7884375,-0.12444908
0.55512553,0.3270799,0.009164199,0.0030034035,0.21612853,0.18639377,0.27935722,0.08462277,0.52356327,0.68439794,-0.087221466
0.6034816,0.24821502,-0.08342592,-0.060632706,0.15615761,0.36405596,0.08011215,0.08016298,0.6276365,0.74194103,-0.12919068
0.7032992,0.20570254,-0.14502317,-0.10368185,0.066343166,0.4625724,-0.050715968,0.05498574,0.7665314,0.9480601,-0.1788061
0.5465125,0.42526,0.0941846,0.013145797,0.30114576,0.017469637,0.5193329,0.057148546,0.47014183,0.6607291,-0.032811575
0.39424834,0.26926902,0.0487864,-0.0012710243,0.51872486,0.15662661,0.41693223,0.11891335,0.32547963,0.33397707,-0.058030047
0.5213869,0.42676133,0.14811543,0.056912497,0.31624138,-0.13619462,0.5748692,0.057094008,0.41075698,0.6221163,-0.04465323
0.5674607,0.3879484,0.09055069,-0.018489607,0.21444803,-0.013769158,0.4750248,0.008006256,0.5281029,0.7534055,-0.09597952
0.41868198,0.26992893,0.028913744,0.013392419,0.45791194,0.17924353,0.3936817,0.077143915,0.34877652,0.37413338,-0.08043761
0.6797382,0.43232697,0.12721032,-0.020281218,0.258556,-0.2106372,0.71602523,-0.021627938,0.46641135,0.73078585,-0.11369198
1.1994916,0.064129315,-0.4091012,-0.34835607,-0.12949803,0.95826256,-0.4624336,-0.009198384,1.2947905,1.626993,-0.44249043
0.45546976,0.41872382,0.10814026,0.08689583,0.30409688,-0.00424002,0.44263044,0.116760135,0.5016506,0.6419018,-0.0153042
0.8629578,0.005422786,-0.3107856,-0.34083694,0.0725694,0.65961033,-0.12569973,0.024892824,0.8207112,0.89265025,-0.2536026
0.7303966,0.18147768,-0.13896018,-0.14337169,0.0459672,0.4545408,-0.031022891,0.03785468,0.7381689,0.9229994,-0.1991576
0.6272487,0.20487098,-0.09426165,-0.089089245,0.19319454,0.33089492,0.1252941,0.057569057,0.74592,0.7735051,-0.18897235
0.50787246,0.42957413,0.115340546,0.06704878,0.34905112,-0.012642056,0.51533794,0.107344925,0.47148538,0.61510724,-0.023953535
0.5454979,0.47300488,0.17101875,0.07313489,0.37191626,-0.12997638,0.63438404,0.07520711,0.39597574,0.6409133,-0.055287503
0.5445311,0.45037472,0.14626992,0.07087403,0.32180488,-0.09996981,0.6017717,0.042956047,0.44839093,0.6690111,-0.035383247
0.41093197,0.44713122,0.14478484,0.17710787,0.47100252,0.019034605,0.47458893,0.1748763,0.50090575,0.55264026,0.0066269636
0.6348566,0.21623631,-0.08875104,-0.07716486,0.07959642,0.3602975,0.022218093,0.07164363,0.65816224,0.82814956,-0.15632412
0.50451565,0.4559517,0.15489113,0.13168286,0.3775956,-0.054588802,0.5370077,0.10256727,0.4707411,0.5941973,-0.021913826
0.5129081,0.33918393,0.011950582,0.020581521,0.30564666,0.22476646,0.289316,0.13743901,0.5490658,0.5980894,-0.04033751
0.38353086,0.34363872,0.07495445,0.037190706,0.479635,0.110133946,0.44523495,0.12056652,0.4309378,0.46507144,-0.059962355
0.7565141,0.6169233,0.22483262,0.015149005,0.41696042,-0.3423431,1.0226885,-0.035524957,0.54321456,1.003683,-0.14931151
0.63926464,0.54129016,0.19331087,0.10854552,0.42895827,-0.15933774,0.7457495,0.06980449,0.44537622,0.68361485,-0.079533435
0.5465642,0.47293526,0.15863904,0.103057645,0.39995667,-0.0769264,0.5953205,0.09845973,0.4439971,0.62719184,-0.02566491
0.81002486,0.64740855,0.24375218,-0.08297199,0.380525,-0.39043137,1.0767405,-0.08313076,0.58972347,1.0898759,-0.19274536
0.6282579,0.47015488,0.15660751,-0.02006735,0.31727636,-0.18174016,0.71825325,-0.0068621375,0.4576709,0.78838956,-0.07537941
0.7028825,0.18500882,-0.13750446,-0.12839071,0.0839358,0.42023724,0.029415146,0.044331525,0.72952324,0.9088563,-0.18430164
0.5487971,0.46520007,0.18266347,0.12675008,0.39621487,-0.11504869,0.616117,0.088875555,0.42927924,0.62609977,-0.040177323
0.3789079,0.5275951,0.24123955,0.270339,0.7264849,-0.1392637,0.74550354,0.13002735,0.36659813,0.44157922,0.0068322867
0.8060315,0.15008214,-0.21922582,-0.1915097,0.015209168,0.5943735,-0.15932801,0.031737886,0.85573405,1.0542796,-0.23639545
0.5577354,0.3656962,0.07274762,0.021646146,0.26316518,0.0037163328,0.45541307,0.048343666,0.49062806,0.65224373,-0.08202351
0.49372965,0.5134644,0.25340375,0.25296965,0.57647336,-0.13435332,0.67447865,0.13690458,0.33468992,0.52755946,-0.061322086
0.78144777,0.06554348,-0.21254301,-0.21687478,0.074388735,0.5219934,-0.0625952,0.01388974,0.77831894,0.8423753,-0.21063581
0.93733215,0.060079366,-0.34553164,-0.36696333,-0.037082374,0.72958785,-0.2451387,-0.0015261155,1.0359256,1.2203093,-0.32353768
0.30165502,0.46166092,0.2122626,0.21940476,0.6744864,-0.07279646,0.6703712,0.1343162,0.37959933,0.4040538,-0.016579367
0.56749713,0.27965745,-0.05136299,-0.067808256,0.30467677,0.27495983,0.24316841,0.102118365,0.5582975,0.6333964,-0.06916668
0.9353531,0.27932793,-0.12738118,-0.25871998,0.02457127,0.2935728,0.197682,-0.06838355,0.9374711,1.2867265,-0.30965006
0.3992865,0.4440195,0.1453129,0.18650755,0.47220153,0.027360614,0.4606023,0.18083417,0.5133309,0.5473324,0.007069625
0.6952623,0.3931017,0.08737059,-0.10088894,0.20473021,-0.1543294,0.66787386,-0.08126674,0.5875489,0.86108136,-0.15388992
0.2708518,0.50626796,0.21645018,0.22599748,0.67668056,-0.085429594,0.7217071,0.12996225,0.4168381,0.4250973,-0.017872833
0.58182347,0.4111516,0.13220198,-0.027686223,0.25278494,-0.13406937,0.60683453,-0.023368834,0.49917123,0.7565953,-0.09521679
1.0832998,0.7775651,0.27356815,0.11458041,0.57404196,-0.43350953,1.2800504,-0.0007983167,0.69857055,1.1050769,-0.1881527
0.5398917,0.29731143,-0.022609174,-0.055468768,0.30855453,0.2496771,0.28985292,0.11107995,0.5317141,0.5963336,-0.063230805
0.81399316,0.07237706,-0.24914241,-0.24875078,0.038308553,0.58299077,-0.10212305,0.015889857,0.84843993,0.9675783,-0.22610345
0.5432359,0.34529406,0.09764496,-0.012280881,0.22872046,-0.06740248,0.4738755,0.022780515,0.4358139,0.6180366,-0.08451099
0.4452128,0.44328094,0.11266057,0.10187607,0.33958673,0.003084152,0.46565497,0.12683997,0.49703985,0.60726684,-0.006683953
0.6218131,0.4605223,0.14265853,0.020288121,0.3104311,-0.2113384,0.7526088,-0.027055306,0.4890269,0.7636325,-0.09072935
0.37901175,0.42545897,0.17030007,0.18154755,0.5319277,-0.03781874,0.55803573,0.14501634,0.3425877,0.41034812,-0.012874752
0.7333172,0.54397917,0.17493433,-0.055788696,0.30788732,-0.29759637,0.92159784,-0.09136924,0.5811716,0.9501896,-0.15160367
0.503151,0.30413043,0.04722654,-0.00016887486,0.8866664,0.14492579,0.8045089,0.024689138,0.30850637,0.30529472,-0.18950501
0.4534608,0.38598615,0.06446228,0.10151275,0.3543386,0.14634944,0.33560473,0.16100697,0.52831435,0.59305125,-0.019440055
0.56622523,0.4745118,0.16228461,0.005161144,0.31169897,-0.17518914,0.7163123,-0.013618022,0.48190296,0.7777066,-0.069600634
0.62432384,0.50933385,0.18095422,0.030342586,0.3468619,-0.21048327,0.7904159,-0.008977091,0.49109405,0.79745007,-0.07670059
0.5432937,0.39069772,0.09928913,0.04295877,0.26332986,-0.07250147,0.50627047,0.042335354,0.4540864,0.61080754,-0.03840538
0.6019775,0.5136958,0.2047346,0.1377986,0.4406287,-0.17568733,0.72286284,0.105669536,0.3812058,0.6414741,-0.05258482
0.6894261,0.1407968,-0.1686106,-0.17163844,0.1725184,0.47979176,0.02281782,0.08106022,0.65611047,0.72321016,-0.14840904
0.65075004,0.4461606,0.13356575,0.03884287,0.30409336,-0.1704888,0.679621,0.012061761,0.45747897,0.68443227,-0.0904044
0.6978568,0.1920465,-0.12467856,-0.16701236,0.10845213,0.40027514,0.07274203,0.056358457,0.69553655,0.808693,-0.15988797
0.38054785,0.36887467,0.13590834,0.12417813,0.54728544,0.017080318,0.51074487,0.12375594,0.35366818,0.39528537,-0.033185102
0.5548461,0.44105488,0.15029395,0.15394995,0.48237124,-0.08377645,0.6396551,0.088399105,0.3184481,0.4972365,-0.040234573
0.689888,0.213185,-0.08461531,-0.06939359,0.09937507,0.27034956,0.13908663,0.041416872,0.6726399,0.85014087,-0.15565634
0.54627323,0.36683416,0.06906107,-0.045520753,0.20738168,0.0013015382,0.4486752,-0.0016718581,0.56407225,0.79395795,-0.10572883
0.8327821,0.12399269,-0.20029023,-0.19681868,0.04048142,0.44810846,-0.018131182,0.015237598,0.7668509,0.9185534,-0.2192412
0.3505653,0.5338241,0.21233267,0.21865189,0.70353997,-0.08582576,0.7819116,0.11483615,0.40581086,0.4688742,-0.01778578
0.60555875,0.23850566,-0.08232645,-0.21090552,0.20747064,0.23119839,0.31187755,0.003009514,0.589041,0.73227733,-0.11327497
0.67935145,0.4604336,0.09267386,-0.040385596,0.24336585,-0.19856572,0.7042327,-0.084869996,0.61159086,0.933306,-0.14131632
0.5598986,0.19642445,-0.05349849,-0.07991384,0.37579694,0.27078196,0.27461326,0.057098724,0.5098576,0.5217317,-0.14045566
0.45972022,0.3027044,0.06342237,0.03660059,0.5776684,0.11181598,0.5460522,0.04143686,0.383159,0.38772345,-0.12731776
0.608853,0.4231884,0.13428758,0.12465431,0.49919748,-0.043550823,0.6356306,0.06973734,0.29039085,0.47122228,-0.058235027
0.7852496,0.03662838,-0.2505804,-0.31680804,0.17151865,0.52434886,0.006465934,0.02076799,0.7433354,0.8272276,-0.24347934
0.54892063,0.24050684,-0.067736395,-0.04506935,0.20911616,0.30782023,0.1536395,0.10801153,0.6162904,0.6739536,-0.076157115
0.8565309,0.12386243,-0.22374597,-0.21664661,-0.03746657,0.5327342,-0.11607097,0.018162612,0.886678,1.0824028,-0.27765396
0.47334427,0.4606523,0.12968382,0.12631547,0.46319014,0.01825482,0.52649105,0.14756586,0.48710606,0.59775376,-0.005214162
0.8204175,0.56455994,0.16027239,-0.15257835,0.25367898,-0.3621093,0.98295844,-0.14963327,0.65356666,1.1079426,-0.21255767
0.7212962,0.5296701,0.19798282,0.11325937,0.43771994,-0.20505828,0.80440724,0.07744273,0.37277317,0.70355487,-0.0791137
0.56086063,0.48075938,0.19048539,0.1573433,0.43504304,-0.14760762,0.65766037,0.100894995,0.36402607,0.5902786,-0.038970813
0.54637563,0.34570014,0.092727266,-0.017554276,0.22249743,-0.043578435,0.45444918,0.025223695,0.48125023,0.65901285,-0.084731676
0.59144443,0.2232902,-0.092536084,-0.055743963,0.17074248,0.32320514,0.08866435,0.09329973,0.68755573,0.76479816,-0.11889825
0.5414496,0.26095432,-0.03894695,-0.021101601,0.22994062,0.28746393,0.17067923,0.10271503,0.5522997,0.6222682,-0.087929614
1.3369013,-0.0072397515,-0.5150437,-0.48726517,-0.16000912,1.0724357,-0.5115615,-0.050195105,1.4823658,1.810837,-0.52264464
0.514939,0.48525465,0.17661992,0.10897297,0.45473972,-0.09699253,0.6274376,0.12712508,0.38949746,0.569056,-0.04086124
1.1098444,0.036405873,-0.34528458,-0.3217198,-0.055504948,0.7188393,-0.23054451,-0.040228598,1.1146445,1.303518,-0.3816094
1.1737137,-0.006074287,-0.435459,-0.43389118,-0.11619902,0.95084274,-0.41568503,-0.03354504,1.2294397,1.4731708,-0.4247606
0.66089755,0.13529655,-0.13566363,-0.14034632,0.18139896,0.43391868,0.044800222,0.061721116,0.63272005,0.6754752,-0.14720574
0.5680705,0.2816462,-0.051398598,-0.011998564,0.19706132,0.27473938,0.14883524,0.106076516,0.6382417,0.7389331,-0.098614566
0.7687143,0.20584059,-0.12804255,-0.13712172,0.020755954,0.3734097,0.023413122,0.03432363,0.77702266,1.0256248,-0.238478
0.68527603,0.07760615,-0.16605744,-0.20394859,0.31249154,0.42614105,0.13695623,0.017203832,0.594489,0.57479197,-0.20251033
0.5021122,0.5254027,0.24911785,0.22176458,0.79042554,-0.15030444,0.8937026,0.09754289,0.23308547,0.3821079,-0.07752273
0.4007587,0.34948474,0.100036345,0.10158192,0.48223588,0.079698846,0.431478,0.14166369,0.45830014,0.46780634,-0.043903567
0.48666888,0.42621285,0.15504783,0.11611244,0.34342983,-0.07345431,0.5143997,0.09529918,0.4236176,0.59641945,-0.03318552
0.5260113,0.382374,0.110538974,0.014102392,0.29679102,-0.09812929,0.54222584,0.029585877,0.44767186,0.6785498,-0.06561855
0.5040295,0.4340511,0.12648289,0.084352925,0.3077067,-0.081561,0.5316256,0.06863505,0.45769683,0.6138861,-0.025277697
0.5153991,0.46832544,0.12657209,0.07420177,0.37747058,-0.048534878,0.5580044,0.10546467,0.5004035,0.6636175,-0.011674017
0.5177904,0.42674565,0.14504316,0.101395555,0.3602924,-0.07975746,0.5436226,0.097751245,0.40873063,0.5840305,-0.034543604
0.5966123,0.17524739,-0.10441255,-0.15615593,0.26099843,0.32626605,0.1941987,0.07157331,0.6040148,0.6650963,-0.12328423
0.829378,0.041840665,-0.2540837,-0.28133002,0.06425207,0.6101694,-0.121636,0.013179794,0.8132401,0.89062005,-0.25236937
0.49052685,0.45510656,0.106513895,0.08154805,0.37043214,0.009892103,0.5002358,0.11465086,0.509974,0.6405306,-0.0042451546
0.41173607,0.4465267,0.1436789,0.17959532,0.47181165,0.023601916,0.4737796,0.17469482,0.49804968,0.5482008,0.0022784546
0.76253116,0.29552358,-0.002870001,-0.16831554,0.11645771,-0.056077547,0.47955707,-0.06997538,0.70065445,0.95334804,-0.2156884
0.5115454,0.42841905,0.10668965,0.073680595,0.29395306,-0.055157606,0.5135375,0.06366561,0.49587888,0.64981246,-0.026841678
0.41161993,0.43067622,0.18024683,0.21061885,0.48484424,-0.005414062,0.47746965,0.15832184,0.3833096,0.47159994,-0.009132616
0.50602144,0.36465532,0.057626385,0.022785682,0.24186587,0.07400682,0.38787115,0.07531058,0.54772526,0.700484,-0.053583868
0.41764316,0.3283814,0.03896547,0.042367406,0.35218823,0.1537386,0.35275805,0.101917416,0.4449895,0.50962347,-0.06050647
0.6292275,0.31049556,0.0016789436,-0.15239038,0.15518016,0.047892388,0.38921952,-0.04042279,0.66438067,0.90053797,-0.15679345
0.5838471,0.505293,0.19744489,0.1783355,0.47896224,-0.17696616,0.6945466,0.092795245,0.4406116,0.6199702,-0.048770092
0.6035964,0.4619869,0.17004025,0.034403764,0.3195124,-0.18354812,0.70118046,-0.0026988015,0.46290737,0.722165,-0.08367539
0.45942903,0.408387,0.11557017,0.1285406,0.41736245,-0.008812979,0.49460483,0.12298993,0.45249844,0.5436615,-0.015084945
0.5662406,0.43959743,0.14505571,0.066075765,0.3225708,-0.134495,0.609198,0.045362152,0.43214408,0.66715014,-0.056399815
0.49568698,0.4793434,0.1284805,0.12083268,0.52047336,0.011875014,0.5726139,0.15321985,0.4681601,0.5751239,-0.0426526
0.5898586,0.4697302,0.1648044,0.028593246,0.32084113,-0.23057137,0.7464695,-0.006498227,0.46026295,0.7601772,-0.08585105
0.5604877,0.32521203,0.0036178455,-0.015242837,0.18854585,0.12814938,0.3136502,0.04361149,0.6109213,0.7926855,-0.084348
0.6396227,0.5392671,0.20717481,0.06493617,0.38801694,-0.2202263,0.81147456,0.018868301,0.46481532,0.80111784,-0.099308886
0.50867313,0.42957115,0.14697658,0.038767584,0.2921794,-0.106224746,0.5548228,0.04216789,0.41956675,0.6604631,-0.031954043
0.43976906,0.26279348,0.012580764,0.004055083,0.43864962,0.18502122,0.40430528,0.058140114,0.41530138,0.43040353,-0.10993526
0.87183034,0.15022197,-0.19941488,-0.21374282,-0.029674917,0.51424193,-0.124302596,0.008355543,0.90174204,1.1733786,-0.33601475
0.47596076,0.41003168,0.08075038,0.08713571,0.3500476,0.0844652,0.404997,0.14576215,0.5029613,0.6108128,-0.01475919
0.3776586,0.5010343,0.18377489,0.15073338,0.5901209,-0.05498697,0.6988429,0.114638634,0.49326855,0.46640414,-0.00848452
0.3240614,0.38763273,0.1412451,0.17609286,0.5245242,0.017098095,0.4911021,0.15055075,0.40735453,0.4294697,-0.004119076
0.674445,0.1980568,-0.13988578,-0.12526558,0.08759485,0.44468194,-0.005763769,0.05617609,0.71658546,0.86622554,-0.16503379
0.6781402,0.19359508,-0.14246589,-0.13552411,0.09683895,0.45335695,0.0039305687,0.059180595,0.7083002,0.8392292,-0.15353882
0.7428019,0.537974,0.19582775,0.123157315,0.45158437,-0.21636239,0.80705607,0.051338956,0.4349411,0.740703,-0.073114045
0.41788977,0.3598842,0.05893781,0.055333287,0.41227406,0.105072975,0.43256426,0.10525401,0.5063853,0.5417103,-0.06597393
0.43815312,0.42102498,0.08897832,0.11910985,0.39197344,0.099387325,0.39673093,0.17029412,0.52305555,0.5834313,-0.007110797
0.48661175,0.43502748,0.15338671,0.1278886,0.35870227,-0.088891834,0.52935004,0.09896852,0.40059087,0.5689211,-0.023130715
0.50844693,0.24887006,-0.029072352,-0.030703306,0.37016124,0.26275942,0.2653285,0.12588163,0.4810465,0.5311883,-0.063174255
0.35461804,0.38414383,0.1598534,0.13393071,0.65277445,-0.009018159,0.6300311,0.1170241,0.35034594,0.36529493,-0.053289242
0.57798684,0.2586401,-0.028013624,-0.033586845,0.24357638,0.12564172,0.31500795,0.05903673,0.45648867,0.5655894,-0.08868634
0.5039395,0.4172687,0.093171574,0.03263386,0.27973184,0.019295208,0.45869702,0.07048078,0.4991689,0.6751343,-0.023249306
0.3997944,0.4666835,0.17518222,0.17199802,0.5201744,-0.04846877,0.5711863,0.16668317,0.45633566,0.514184,0.012352996
0.38930684,0.40744996,0.14946836,0.103649534,0.71840763,0.012849106,0.6870569,0.10228051,0.3620254,0.38153407,-0.10320712
0.44214562,0.3900085,0.08184264,0.12075614,0.3931438,0.14223163,0.3417536,0.15757895,0.5238426,0.5723434,-0.02496609
0.5178794,0.19631368,-0.041807428,-0.08129777,0.39777842,0.25736263,0.30284512,0.07820874,0.41922438,0.43982503,-0.06994795
0.35312077,0.3737991,0.13627395,0.058982853,0.660964,0.051089153,0.6321597,0.13355674,0.3566159,0.3617944,-0.062298812
0.4372029,0.46445113,0.15401652,0.16706139,0.4603515,-0.041985583,0.5320843,0.15030026,0.50079113,0.59646344,0.00693392
0.46572745,0.40411854,0.15059382,0.12081929,0.45160443,-0.033194147,0.53021634,0.1423615,0.31616384,0.44720238,-0.052186586
0.34762484,0.44559366,0.15998948,0.16689782,0.53398305,-0.023426374,0.5647093,0.14970267,0.40876704,0.448645,-0.0043864697
0.52946854,0.43317658,0.1500131,0.03650366,0.31009373,-0.10800471,0.56154084,0.06298706,0.40170455,0.6496377,-0.04382228
0.5601289,0.2530087,-0.04540308,-0.08546138,0.23317266,0.25313884,0.22531307,0.09730519,0.5550523,0.6386755,-0.06914548
0.60353935,0.3889761,0.060871027,-0.076985165,0.15687843,0.0093027735,0.4170707,0.003919444,0.5794692,0.7992579,-0.11619379
0.33609158,0.45140105,0.16853774,0.18988657,0.54270947,-0.019083884,0.54869807,0.16736624,0.4567515,0.4878198,0.0064262524
0.40312454,0.41915148,0.12150407,0.17191231,0.43532255,0.07296548,0.40099564,0.17438392,0.5258582,0.5544932,-0.0014361814
0.5935718,0.45688903,0.1626195,0.014129989,0.310108,-0.19915074,0.7091713,-0.011356711,0.46032846,0.73702025,-0.07711499
0.3560573,0.46902543,0.17025983,0.17983162,0.5496603,-0.01913587,0.5676168,0.17411123,0.47201318,0.516314,0.005639501
0.29681754,0.42728347,0.16484222,0.15733911,0.6488358,-0.009272397,0.68923426,0.09637741,0.3510804,0.3887127,-0.06087143
0.563892,0.19104254,-0.08365274,-0.115374625,0.3339066,0.304757,0.27700597,0.052178912,0.5686429,0.6300036,-0.18327919
0.5545098,0.29799283,-0.04249361,-0.008808374,0.21211958,0.31010163,0.14166747,0.11348165,0.6112559,0.7131705,-0.08170868
0.48763984,0.2208359,-0.01650197,-0.021448009,0.41984752,0.26435742,0.2993682,0.092495196,0.4070319,0.40578097,-0.068491675
0.6391317,0.5189754,0.19002344,0.121673964,0.40478924,-0.16810557,0.7308781,0.07981143,0.38431498,0.6380112,-0.08104799
0.47280803,0.376113,0.08849124,0.08751411,0.28247482,-0.008848443,0.42290503,0.0863827,0.4683377,0.62817895,-0.029203847
0.7449482,0.13762869,-0.17387801,-0.22196665,0.055586778,0.47284356,0.00094816834,0.01073606,0.76641655,0.9330219,-0.20783278
0.44265816,0.4073012,0.10911743,0.122482665,0.3420894,0.0028054547,0.43323502,0.124235556,0.47453153,0.5579714,-0.0054479316
0.73702776,0.16035047,-0.17082164,-0.15772896,0.049126886,0.48876762,-0.04789266,0.0416286,0.7806398,0.95840263,-0.20329347
0.45284596,0.3942312,0.0840532,0.10881701,0.3920255,0.13343334,0.3612215,0.16277634,0.5453291,0.58065474,-0.016827084
0.7484007,0.10729514,-0.2286776,-0.2510391,0.13724704,0.5273762,-0.02019909,0.047577098,0.74671215,0.8044739,-0.24482325
0.7393739,0.17333001,-0.15605557,-0.15009841,0.01511471,0.44106692,-0.030914202,0.04872571,0.75759465,0.92805606,-0.21056527
1.1100941,0.05577028,-0.3714384,-0.33851698,-0.1069645,0.8406095,-0.37210694,-0.011871349,1.1739855,1.4438777,-0.39683795
0.46825647,0.39330858,0.09591267,0.11072254,0.34531012,0.026034992,0.42238122,0.11425099,0.4464363,0.5404359,-0.016839877
0.4148819,0.41597593,0.100432515,0.1218065,0.45053294,0.07683037,0.44455093,0.16828641,0.4807463,0.54041857,-0.004734032
0.7354348,0.35109448,-0.0057166293,-0.17170523,0.09956303,-0.02252606,0.48303315,-0.07826218,0.7342686,0.9966699,-0.22657576
0.6137316,0.24051721,-0.09456942,-0.07636164,0.1619505,0.319559,0.10183228,0.076571375,0.66268903,0.7582628,-0.13890824
0.6359937,0.43491298,0.1399984,0.029491078,0.30429918,-0.18835713,0.69251025,0.0041922005,0.44533178,0.69381607,-0.08957224
0.56725013,0.44932276,0.15962017,0.051169973,0.31510285,-0.15739986,0.6365386,0.04412511,0.40191233,0.64616966,-0.07235924
0.5277745,0.46809006,0.14938387,0.11636891,0.41602695,-0.066048786,0.5770957,0.11130293,0.44617933,0.61977243,-0.02037441
1.2497635,0.08584674,-0.36124358,-0.46686006,-0.12631854,0.6928119,-0.16618022,-0.11017598,1.3536742,1.73011,-0.52892536
0.48221415,0.31582072,0.039904147,0.033923805,0.41125464,0.14502561,0.3872658,0.08780077,0.59799415,0.6143633,-0.12380103
0.783532,0.15716106,-0.2004123,-0.21064815,0.06960933,0.5114649,-0.011324026,0.04064744,0.770401,0.925312,-0.2294552
0.39362547,0.4316194,0.13364036,0.16960281,0.45152315,0.050202258,0.43497375,0.17400153,0.51240945,0.5479022,-0.00047130138
0.8391988,0.11000907,-0.24860501,-0.25672525,0.014060415,0.62565494,-0.14888889,0.027705148,0.8623387,1.0329139,-0.24789241
0.6222804,0.39223963,0.097439036,-0.057864934,0.19554198,-0.13919331,0.6147269,-0.043289497,0.546551,0.79627156,-0.11866263
0.44106308,0.5457623,0.2623679,0.270424,0.787689,-0.1680519,0.8461001,0.11032548,0.28578767,0.41222417,-0.028527625
0.7830042,0.19508973,-0.11816815,-0.20250985,0.019122578,0.2918659,0.09488451,-0.023979256,0.83157784,1.0336869,-0.26307636
1.0310042,0.25771916,-0.1727058,-0.3129349,-0.040451437,0.2967936,0.18152359,-0.106537744,1.0991008,1.4215086,-0.38664708
0.52550524,0.3054207,-0.03493014,0.012715284,0.21282259,0.26840016,0.16767973,0.108654864,0.6072741,0.6916028,-0.079886846
0.78378904,0.47895765,0.11712833,-0.12648897,0.22356781,-0.2762125,0.78325546,-0.11846836,0.66288835,0.99115384,-0.20432359
0.60971606,0.4121806,0.118628114,-0.07059918,0.22844629,-0.1499262,0.6387243,-0.059424378,0.5509972,0.8254719,-0.11997091
0.46644416,0.47769147,0.20087102,0.19455467,0.5351769,-0.07295681,0.60529304,0.14609374,0.3642617,0.5043457,-0.040732287
1.0998546,0.051087514,-0.36441305,-0.37011898,-0.09868443,0.81878746,-0.30657446,-0.029200265,1.1816494,1.4751246,-0.40155002
0.8431038,0.2065546,-0.123900674,-0.2295723,0.03455262,0.33475736,0.10209907,-0.049867667,0.8589984,1.1045585,-0.2926494
0.4528015,0.42178535,0.09544377,0.10335874,0.4283088,0.052505404,0.46277913,0.1604294,0.512047,0.5663791,-0.008499168
0.31701377,0.43936235,0.17962253,0.20250562,0.57064664,-0.030193567,0.55664945,0.164325,0.4369745,0.46038342,0.0037006661
0.57719934,0.38431376,0.11093798,0.010972463,0.30139998,-0.0849015,0.57158625,0.0371629,0.4119901,0.58724415,-0.08853797
0.49126548,0.48506588,0.18562558,0.13066728,0.4743566,-0.11609804,0.6410154,0.122764915,0.42984363,0.57535374,-0.028851949
1.1615436,-0.0101455,-0.43915138,-0.45889038,-0.110829204,0.91293734,-0.3774559,-0.04196287,1.2341001,1.4981204,-0.43115124
0.42962897,0.4260463,0.11779644,0.14507559,0.41630712,0.038119785,0.44846287,0.16129321,0.5081518,0.57452095,-0.0024774745
0.5101128,0.3562525,0.029405933,0.033495154,0.28377026,0.19547221,0.30132025,0.117025234,0.52590233,0.6189493,-0.06453552
0.5760394,0.25875688,-0.05193703,-0.06661993,0.24328917,0.33982605,0.17088877,0.100925855,0.5870777,0.6463161,-0.09080166
0.4779333,0.479055,0.19653052,0.17609458,0.53046644,-0.11382191,0.6610693,0.13842487,0.31611544,0.47675657,-0.04521265
0.6713619,0.484832,0.1827845,-0.020241946,0.31040174,-0.25298053,0.79291856,-0.037491553,0.48323593,0.8166344,-0.110143
0.4253628,0.48397064,0.21146345,0.24844804,0.5658667,-0.08314619,0.58710396,0.14940031,0.40135136,0.504841,0.004214108
0.59597075,0.27829707,-0.03168582,-0.03231404,0.21812837,0.2503105,0.1732797,0.100236334,0.70225066,0.7815165,-0.14318785
0.55160713,0.4242152,0.1231759,0.06029503,0.33028555,-0.10785291,0.5917081,0.06573115,0.38124335,0.5385034,-0.06922848
0.5262054,0.4194386,0.12629965,0.08836848,0.31720322,-0.10154635,0.56511384,0.06227602,0.4133737,0.5717861,-0.037012644
0.981005,0.045581415,-0.31724867,-0.33003727,-0.044727623,0.7466198,-0.24638748,-0.0008931253,0.9955116,1.1758996,-0.315708
0.5978489,0.498623,0.1922259,0.047380976,0.35829657,-0.20448633,0.7383305,0.02866409,0.4374972,0.75668013,-0.07011188
0.50141615,0.42520654,0.091517106,0.051166944,0.29432786,-0.0027334634,0.48693392,0.07867809,0.49705738,0.67108047,-0.015652917
0.5577028,0.36405617,0.052077733,-0.047059976,0.19069153,0.031008866,0.41421625,0.009849766,0.55839086,0.78190416,-0.09312276
0.56103086,0.31717056,0.016554259,-0.00401666,0.1926261,0.19365092,0.23998202,0.08191083,0.5854183,0.7371037,-0.08900597
1.0701934,0.052560247,-0.31773052,-0.3284115,-0.050310507,0.76435536,-0.28450042,-0.02139805,1.0747471,1.3056178,-0.3640758
0.5758884,0.38660038,0.09791836,0.057137616,0.29080868,-0.08592293,0.5499214,0.043100603,0.4410743,0.6021723,-0.06004917
0.46431386,0.40668535,0.12093384,0.08948735,0.32521218,-0.0025251163,0.43887395,0.11248501,0.4605562,0.60312057,-0.022253565
0.9266907,0.6767912,0.2231006,-0.1654011,0.34517434,-0.45798433,1.2005211,-0.18151872,0.7079249,1.2566214,-0.23726511
0.51077646,0.37114513,0.08515671,-0.0133885965,0.26284197,0.0034175022,0.46910802,0.0692842,0.46321124,0.63086355,-0.050121225
0.5803651,0.28290826,-0.059242986,-0.029640295,0.15686011,0.3222099,0.109593615,0.10137412,0.65345424,0.78114355,-0.10594957
0.39553452,0.45725358,0.15459982,0.17896494,0.50834453,0.007160335,0.5138948,0.17513017,0.49103096,0.5396055,0.0019482821
0.4949002,0.36840487,0.051621404,0.048316002,0.27464783,0.15559484,0.2982201,0.13034813,0.4906726,0.60525554,-0.04421299
0.5308977,0.4094416,0.110365376,-0.008736499,0.2578442,-0.06723536,0.54435456,0.009861636,0.49811667,0.71500593,-0.06798556
0.5251796,0.35298318,0.056571003,-0.0022412091,0.20851043,0.07239559,0.36977106,0.06089989,0.5425867,0.7006304,-0.07005123
0.64738864,0.22546849,-0.109017275,-0.19946268,0.16203788,0.29556945,0.24456756,-0.0020731706,0.64866275,0.79261076,-0.13838303
0.49382925,0.43827766,0.13225397,0.10155587,0.3422684,-0.0754896,0.536299,0.09108636,0.47590363,0.63712174,-0.015578739
0.32278386,0.38635784,0.14911216,0.14148396,0.6341294,-0.00095144194,0.61970925,0.10113656,0.348207,0.35786155,-0.046317734
0.38440317,0.4465506,0.16016053,0.21328408,0.5203344,-0.010199391,0.50241137,0.16789894,0.44631755,0.51037186,0.021249034
0.42810592,0.36680603,0.049150966,0.08220999,0.36970824,0.1268477,0.35389787,0.13378125,0.5520508,0.5680876,-0.053084172
0.3857235,0.4544683,0.1627971,0.22432087,0.52051556,-0.013723698,0.5033529,0.17353764,0.46923113,0.5304886,0.022282422
0.43750754,0.39223856,0.14045963,0.13947968,0.38393605,0.003588575,0.42244896,0.14021379,0.44538355,0.5453373,-0.002588451
0.5922415,0.16915536,-0.066493176,-0.112939075,0.46041724,0.2980427,0.31725004,0.053561755,0.47099605,0.47100958,-0.17039943
0.31618065,0.5417009,0.2520076,0.28200388,0.72609437,-0.13050294,0.741426,0.15813307,0.4400409,0.47788638,0.0053840727
0.9474316,0.030892286,-0.31824046,-0.3129784,-0.0074086636,0.73456275,-0.23682228,-0.001967378,0.9648772,1.1192379,-0.301667
0.7062318,0.17698196,-0.16040203,-0.1437391,0.062788755,0.4792888,-0.034352854,0.057808794,0.74212307,0.8865654,-0.18152314
0.3558885,0.45505142,0.19576553,0.22316343,0.6162604,-0.05932137,0.5834796,0.155424,0.40117154,0.4458408,0.005717285
0.4944806,0.39101428,0.04776527,0.056334898,0.2719496,0.121725194,0.33929366,0.13368191,0.5515888,0.6826248,-0.036788203
0.37726793,0.4807855,0.19621876,0.2518568,0.5614326,-0.051895928,0.53087866,0.17292827,0.47920573,0.52377105,0.020836204
0.5466207,0.16980064,-0.08664625,-0.09763503,0.38656,0.28236887,0.27780914,0.036949985,0.49576372,0.49991226,-0.1347942
0.3619756,0.39747655,0.13342375,0.1628167,0.49011993,0.018800631,0.47557187,0.15123497,0.39319888,0.43874645,0.0016161576
0.35690153,0.39591438,0.116370335,0.12325757,0.50983894,0.03757457,0.507809,0.118095264,0.3739801,0.41525796,-0.028468065
0.6114691,0.2966503,0.017328218,-0.07725279,0.14872615,0.072845645,0.3469388,0.01774647,0.5810941,0.8030173,-0.13152587
0.5835297,0.508957,0.211606,0.19598427,0.5447699,-0.13563327,0.7185466,0.09997768,0.3266862,0.54953253,-0.0663292
0.513748,0.29076472,-0.032338247,-0.0030720904,0.25356126,0.26501647,0.19588888,0.11712998,0.5729041,0.6419044,-0.07559908
0.44703308,0.40445495,0.12873423,0.14386782,0.39970472,0.032481525,0.44237703,0.13238408,0.4001657,0.49363416,-0.012895435
0.4280974,0.28851414,0.050868317,0.030105095,0.45571217,0.15224023,0.3902576,0.113427654,0.406473,0.46438897,-0.06556911
0.7488594,0.17222743,-0.1679076,-0.13914204,0.011897914,0.5008168,-0.11273666,0.050390422,0.8027976,1.0100101,-0.21785256
0.98918587,0.09343302,-0.2960215,-0.2944761,-0.10024524,0.7077689,-0.279191,0.011461824,1.0394717,1.3149458,-0.36735916
0.7556865,0.03961256,-0.25093952,-0.29348192,0.15441698,0.54812324,-0.008229032,0.0030617686,0.73355645,0.77305365,-0.26631376
0.6709898,0.50909644,0.1691848,-0.032051444,0.30687094,-0.27849174,0.82163453,-0.0338749,0.5055731,0.85360205,-0.14229599
0.36598104,0.34929043,0.119037725,0.056627188,0.71369886,0.07223404,0.6733376,0.09630134,0.31001192,0.32165557,-0.09814558
0.8127134,0.15742034,-0.19937399,-0.16874504,-0.0099993795,0.5557023,-0.1474734,0.043472074,0.85906094,1.0777329,-0.25171146
0.6492452,0.21972369,-0.1065451,-0.08070856,0.10369682,0.3855552,0.049380854,0.064455844,0.6854055,0.83425033,-0.15028092
0.42187086,0.35169506,0.09285529,0.10282244,0.3953614,0.09116329,0.3781105,0.14916456,0.4247874,0.48402998,-0.016728513
0.38552776,0.3017324,0.08290167,0.058087803,0.5626898,0.101378754,0.46699485,0.12414088,0.33783972,0.35072196,-0.044384398
0.6633974,0.19421205,-0.124784864,-0.11498782,0.08919241,0.43167478,-0.0094807,0.068421334,0.6872753,0.8393376,-0.16226777
0.35828128,0.48101842,0.18500826,0.19946562,0.6136185,-0.06806344,0.66681314,0.12256378,0.38849363,0.453027,-0.00023194402
0.32554173,0.4581915,0.15226388,0.16060565,0.5633827,-0.014246684,0.6067825,0.11261684,0.39194775,0.4200617,-0.013209604
0.43651277,0.56727666,0.2120485,0.19553936,0.5913249,-0.09135303,0.67165065,0.17897189,0.51874334,0.57205385,-0.037259005
0.61131287,0.26022536,-0.08912396,-0.11213121,0.24265042,0.3279068,0.21248043,0.0952861,0.5976646,0.648497,-0.09454716
0.5108401,0.44950426,0.14361125,0.119275734,0.3906732,-0.062089358,0.5650737,0.105085336,0.47241074,0.6119155,-0.013903767
0.6477565,0.5506126,0.2153677,0.14880127,0.45668414,-0.20246302,0.7887858,0.06740206,0.45043027,0.7159914,-0.084044226
0.62848943,0.49390185,0.17327458,-0.024054915,0.31094652,-0.2749287,0.8355627,-0.058826923,0.5150737,0.88592756,-0.116928436
0.39260894,0.41836143,0.17396568,0.18340975,0.51658106,-0.024419269,0.5227295,0.15549687,0.35452637,0.43113387,-0.012897298
0.6415023,0.12836498,-0.14411372,-0.1860742,0.2046992,0.44497916,0.058585674,0.06074352,0.5977516,0.6065926,-0.14164418
0.5023583,0.40237015,0.07898222,0.03967751,0.29360607,0.07967191,0.40432653,0.10669951,0.49428767,0.633714,-0.023470394
0.5523685,0.48097056,0.17732866,0.07587912,0.3393068,-0.15705173,0.65853953,0.04252287,0.4462053,0.6851856,-0.052335344
0.76768243,0.19655982,-0.111109994,-0.20267352,0.004371159,0.2994572,0.085451595,-0.0037534349,0.77804786,0.9321522,-0.23247829
0.42961672,0.4583969,0.17194182,0.24104805,0.55888104,-0.038115535,0.533953,0.14945677,0.41244596,0.52482396,0.02237621
0.4681934,0.45486593,0.12597933,0.11277999,0.37017035,-0.02351908,0.49536502,0.13378944,0.5102814,0.63516915,-0.0031370446
0.76154584,0.15439355,-0.17650121,-0.1677544,0.00027529895,0.50318205,-0.12769485,0.038244255,0.80178136,1.0162234,-0.24311426
0.7210006,0.24557704,-0.07722526,-0.1731934,0.042678468,0.25226486,0.14369175,0.00694991,0.7470512,1.0073,-0.22938797
0.70692676,0.1572867,-0.17067552,-0.15931933,0.06895233,0.46707842,-0.03486365,0.041813836,0.74444044,0.8903209,-0.19886714
0.566617,0.34380627,0.061904654,0.012812141,0.22267368,-0.022620425,0.44687766,0.050008304,0.4847505,0.64904416,-0.066362314
0.7431558,0.09620416,-0.22124547,-0.27938202,0.09048368,0.52216554,-0.07086897,0.031667832,0.7517895,0.855279,-0.23420337
0.78316605,0.11026199,-0.21545717,-0.21218449,0.05799754,0.57566714,-0.11032301,0.040664874,0.789535,0.90119517,-0.21163967
0.44622722,0.50514793,0.23008803,0.24827701,0.5950806,-0.09545221,0.6307188,0.15051216,0.37753686,0.50420517,-0.023636453
0.47031766,0.24910097,0.004146822,-0.06478611,0.4793748,0.21976417,0.3567575,0.12942672,0.39726162,0.42072982,-0.06298364
0.9292505,0.08219443,-0.28460544,-0.27284065,-0.03364858,0.7021703,-0.23106909,0.0058224453,0.9840615,1.1918591,-0.30004376
0.46020055,0.4318692,0.09050635,0.1056117,0.3706864,0.06770266,0.42277384,0.160993,0.52032226,0.614729,-0.005776204
0.8045513,0.15237287,-0.1673742,-0.27564234,0.035678953,0.40719318,0.09271774,-0.050047316,0.88454145,1.1215885,-0.2594715
