Added,N_effort,Generated_Var_1,Generated_Var_6,Generated_Var_7,Generated_Var_9,Effort
0.1106038291605301,0.1366392496656835,0.15664311,0.83280754,0.85115844,0.8717675,0.1367183206945818
0.0037555228276877,0.0754547619483778,0.08649363,0.9185204,0.9182526,0.9272523,0.075539436568121
0.0120029455081001,0.0116690175676418,0.034704596,0.9889392,0.96135557,0.97786236,0.0117595340147268
0.005081001472754,0.070893403432926,0.09207028,0.90957147,0.9182601,0.9274735,0.0588343041359856
0.0,0.0655077030170913,0.033347122,0.9602208,0.9836818,0.99398184,0.0543649485291424
0.0,0.0288519665134001,0.082566746,0.9250846,0.9244273,0.93282527,0.0239403597464922
0.0,0.0348971404495411,0.099549696,0.90277976,0.91107166,0.91643876,0.0289592262886031
0.0088365243004418,0.0206451849273663,0.06374963,0.9545096,0.9344685,0.9477381,0.0207348792907645
0.0059646539027982,0.0268735459524812,0.0611087,0.94195753,0.9484862,0.95985454,0.0222918269406894
0.0,0.0738610342743043,0.3058475,0.7411108,0.7015412,0.6865795,0.0612887863135143
0.0338733431516936,0.1862829507776291,0.14553349,0.8542346,0.8660457,0.8679588,0.1863574751804227
0.001840942562592,0.0370404293905365,0.12555373,0.8774925,0.88460875,0.8870274,0.030735978312635
0.0157584683357879,0.0550110828188829,0.078325436,0.91174984,0.93730617,0.94748783,0.0478807194929845
0.0123711340206185,0.0607631574126655,0.06627363,0.9530325,0.932298,0.938716,0.0608491775653002
0.0027982326951399,0.0143435490666617,0.024487559,0.998498,0.96790475,0.9857234,0.0119060702641315
0.012960235640648,0.0161204638297092,0.027120955,0.9798461,0.9814201,0.99939364,0.0162105725903945
0.0038291605301914,0.0451556174320833,0.19131538,0.84338707,0.79830825,0.78976333,0.0452430670037
0.0117820324005891,0.0208833281430324,0.050275076,0.97497153,0.94295096,0.9580099,0.0209730006960471
0.0013991163475699,0.0641337998497866,0.08429934,0.92535406,0.91940165,0.9281167,0.0642195113016082
0.0,0.009049442195314,0.03689022,0.9749446,0.9675972,0.98429203,0.0075099827819906
0.0,0.0194911062668303,0.031306956,0.98686147,0.96491635,0.9831562,0.0161739385280433
0.002061855670103,0.2001502134129586,0.1385996,0.8365929,0.8961891,0.88609195,0.1660988387002234
0.002061855670103,0.0057337558848852,0.048574507,0.97879,0.9436104,0.95918006,0.0058248159138366
0.0039027982326951,0.0048544578578101,0.12176712,0.8551359,0.90305567,0.92399913,0.0049455984174085
0.0025773195876288,0.0767370715711956,0.15630375,0.85132605,0.8498987,0.848474,0.0636883173975162
0.0022827687776141,0.0048544578578101,0.02768345,0.99348056,0.96981853,0.9891118,0.0040297468586291
0.0225331369661266,0.037571671948561,0.04707097,0.97770125,0.9425882,0.9582782,0.037659816097007
0.0179675994108983,0.0029309934235835,0.10983817,0.86923116,0.915946,0.9366777,0.0030223101439718
0.0083946980854197,0.0650680540035538,0.1186454,0.89734435,0.88208413,0.8834114,0.0539986079056306
0.0229749631811487,0.0066680100386524,0.02204899,0.993081,0.97991973,1.0,0.0055317434150272
0.0082474226804123,0.0068695158365238,0.035651498,0.9853894,0.958945,0.97625536,0.006960471846723
0.014580265095729,0.0388356628624814,0.07019968,0.9322088,0.93679625,0.9494854,0.0322196578378576
0.0028718703976435,0.0080602319148546,0.059627987,0.9551477,0.9370496,0.9525369,0.0081510788731362
0.0112665684830633,0.0122552162523585,0.04782723,0.96097445,0.9541664,0.9725629,0.0123456790123456
0.0027982326951399,0.0122185788345637,0.044437345,0.9733243,0.95458114,0.9727381,0.0101293182400996
0.000441826215022,0.0261591163054827,0.096518055,0.90357244,0.9133396,0.9215348,0.0217056819430706
0.0010309278350515,0.0245653886314092,0.06386146,0.9432101,0.94086945,0.95497346,0.0203868556984283
0.1343888070692194,0.3051713715217351,0.13209012,0.8627016,0.8803719,0.8903601,0.2654870498589589
0.0003681885125184,0.0038102914506585,0.11326906,0.8923895,0.8931671,0.8981882,0.0039015276404
0.01480117820324,0.027276557548224,0.060174353,0.95451206,0.94041675,0.95547676,0.0226398505330256
0.011561119293078,0.0315631354302148,0.07389531,0.934411,0.9293718,0.94155014,0.0316518298714144
0.0133284241531664,0.0328454450530326,0.06808785,0.9368119,0.9377856,0.9511157,0.0272557423892735
0.000441826215022,0.0141603619776878,0.07073943,0.94277763,0.92967874,0.941505,0.0117412169835513
0.0303387334315169,0.1068530289985161,0.074551985,0.918096,0.9382572,0.94795686,0.1069348280030772
0.0007363770250368,0.0209016468519298,0.04689189,0.9669813,0.95164216,0.97077966,0.0173462285232809
0.1513991163475699,0.0971257945739984,0.11529081,0.8758733,0.89329,0.91177356,0.0972084844488405
0.0120765832106038,0.0319478283170602,0.06323141,0.9332223,0.9458145,0.9600424,0.0320364875261017
0.0073637702503681,0.0039385224129403,0.028497979,1.0,0.962494,0.9815318,0.0032604315492544
0.027761413843888,0.0689149828720071,0.06359679,0.9303037,0.94911164,0.9635539,0.0571857713301828
0.0130338733431516,0.1917968821557456,0.23246744,0.777297,0.76960635,0.76019245,0.1591750009158515
0.0195139911634757,0.0262507098499697,0.05919862,0.9503294,0.9434332,0.9589221,0.0263398908304941
0.0014727540500736,0.029401527780322,0.13379115,0.86348164,0.8775725,0.88131124,0.0243982855258819
0.0043446244477172,0.0045796772243492,0.057570703,0.9520651,0.940589,0.95750916,0.0046708429497747
0.0,0.0506512301013024,0.1156387,0.8789011,0.8970007,0.90282387,0.0420375865479723
0.0317378497790868,0.0889006942790672,0.068351604,0.9213564,0.94652385,0.9585152,0.0737810015752646
0.1645066273932253,0.0433970213779332,0.06470596,0.94274294,0.91631126,0.9322258,0.0434846320108436
0.0215022091310751,0.1029328252944732,0.109903365,0.8878866,0.90019524,0.9063248,0.1030149833315016
0.003460972017673,0.0330835882686988,0.09703277,0.89757884,0.91524404,0.92460424,0.027457229732205
0.0054491899852724,0.0099653776401839,0.03647584,0.9679315,0.9696377,0.986377,0.0082609810601897
0.0039764359351988,0.0105332576160032,0.06442707,0.9437224,0.93823034,0.95345384,0.008737223870755
0.0191458026509572,0.1863745443221161,0.14250237,0.85431665,0.8682836,0.8716288,0.1546690112466571
0.0011782032400589,0.0165967502610416,0.086877964,0.91203594,0.9218037,0.933091,0.0137744074440414
0.0280559646539028,0.0470058070307204,0.1553061,0.82965535,0.848825,0.8680994,0.0470930871524343
0.042341678939617,0.0168348934767077,0.043753967,0.9600024,0.9641542,0.9817678,0.0169249368062424
0.0369661266568483,0.1043433658795728,0.11712026,0.87342525,0.8849606,0.89693415,0.1044253947320218
0.0107511045655375,0.0444595064939823,0.0906804,0.8987103,0.9238385,0.93424773,0.0368905007876323
0.0029455081001472,0.080584000439649,0.21202773,0.7978757,0.790709,0.7840065,0.0668754808220683
0.0,0.0120170730366923,0.054018706,0.95723957,0.9451515,0.9634966,0.0099644649595193
0.0087628865979381,0.0824158713293887,0.098475985,0.9011528,0.9089298,0.9146234,0.0219254863171777
0.0057437407952871,0.0192896004689589,0.08436309,0.91539854,0.9232987,0.9350279,0.0174011796168077
0.0014727540500736,0.0079686383703676,0.053521026,0.9640896,0.94061106,0.95586014,0.0066124482543869
0.0957290132547864,0.0968876513583322,0.08245347,0.90752244,0.9306646,0.94470894,0.0804117668608272
0.0098674521354933,0.0057520745937826,0.040454842,0.9710693,0.9563948,0.9755412,0.0047624281056526
0.0,0.0061550861895253,0.0540855,0.9584294,0.9428961,0.9605206,0.0051104516979887
0.0026509572901325,0.0022715199032772,0.042040464,0.9761785,0.9510232,0.96993876,0.0018866542110854
0.0400589101620029,0.0775797321804759,0.0,0.9901659,1.0,0.9766576,0.0776642121844891
0.0073637702503681,0.0074923519390353,0.055335023,0.9545995,0.943265,0.9612197,0.007583250906693
0.0013254786450662,0.0243822015424352,0.09163049,0.9057179,0.9170052,0.9286749,0.0244715536505843
0.0173784977908689,0.045833409661287,0.08423179,0.9152176,0.91924906,0.9351967,0.0459207971571967
0.0126656848306332,0.003553829526095,0.04528398,0.97539145,0.94514817,0.96366274,0.0036450892039418
0.029160530191458,0.2017622597959295,0.11163604,0.8831403,0.90303504,0.908313,0.2018353665237938
0.2029455081001472,0.5995530235029035,0.28702933,0.7086734,0.69662267,0.7194249,0.5995896985016669
0.0058910162002945,0.044770924545238,0.13138255,0.86952126,0.87519014,0.879337,0.0371469392240905
0.0008100147275405,0.0040484346663247,0.0512289,0.96484756,0.9420906,0.9600227,0.0041396490456826
0.0334315169366715,0.0427009104398322,0.066343695,0.92941374,0.9420907,0.95534366,0.0427885848261713
0.0072901325478645,0.0537104544871677,0.078655906,0.91741437,0.9285943,0.9433273,0.0445653368502033
0.0363770250368188,0.1589147996849182,0.09709569,0.89538723,0.91317856,0.92206293,0.1589918306040957
0.0010309278350515,0.0135375258751763,0.0658629,0.9435996,0.93222934,0.94834846,0.0136278711946367
0.0168630338733431,0.148015167890967,0.13718894,0.88062817,0.85468745,0.85526246,0.1480931970546214
0.0012518409425625,0.0133909762039971,0.1754682,0.8368899,0.8230721,0.8213877,0.013481334945232
0.0052282768777614,0.0024363882833537,0.040837422,0.97429764,0.95252305,0.97355205,0.0020148734293145
0.0041237113402061,0.0073274835589587,0.055972453,0.94688827,0.94765323,0.96482396,0.0060812543502949
0.0124447717231222,0.0100569711846709,0.04862852,0.95849264,0.95102084,0.9682711,0.0083342491848921
0.0863770250368188,0.0698125996079796,0.06763202,0.91867673,0.9519153,0.964212,0.0579367696083818
0.1506627393225331,0.4116030702156112,0.26200977,0.7271205,0.719606,0.74493355,0.4116569586401436
0.0185567010309278,0.2302661708402791,0.21809499,0.7890823,0.78408194,0.7783399,0.2141810455361395
0.0075110456553755,0.0039018849951455,0.04736538,0.963815,0.9482725,0.9680846,0.0028757738945671
0.0039027982326951,0.0321493341149315,0.09743787,0.894682,0.91330785,0.9243075,0.0266695973916547
0.0220913107511045,0.0223488248548242,0.06294073,0.9392576,0.93908197,0.95438766,0.0224383631900941
0.0,0.0202421733316235,0.049243584,0.9544077,0.9541898,0.9693754,0.0167967175880133
0.0114138438880706,0.0586748245983623,0.10101269,0.8901298,0.9099755,0.9195178,0.0486866688647104
0.0011782032400589,0.012786458810383,0.06713229,0.9382338,0.9305309,0.9475256,0.0128768729164377
0.0077319587628865,0.0659290333217314,0.087491736,0.90458685,0.92225343,0.9357319,0.0660145803568157
0.2292341678939617,0.7702833904266427,0.28957486,0.70489264,0.71411395,0.71445453,0.6238597648093197
0.0105301914580265,0.0595724413343347,0.122889824,0.86748326,0.88694954,0.8963918,0.0518371982269113
0.0107511045655375,0.1264906849365256,0.09190466,0.8955497,0.9205258,0.93294454,0.1049749056672894
0.0,0.0109912253384381,0.05386945,0.956979,0.93947524,0.9567932,0.0110818038612301
0.0151693667157584,0.0394401802560955,0.07715686,0.9211927,0.9266948,0.9418979,0.0395281532769168
0.3639911634756995,0.3843814687940794,0.15632086,0.8243738,0.8518469,0.8677067,0.3844378503132212
0.005301914580265,0.0086281118906739,0.06288124,0.94047844,0.93843997,0.9552931,0.0071619591896545
0.0051546391752577,0.0485812159958966,0.07497047,0.91661793,0.9349257,0.94566655,0.0486683518335348
0.0167157584683357,0.1215263148253311,0.15176597,0.84360766,0.85698164,0.861561,0.1008535736527823
0.0650957290132547,0.1056989503379801,0.105011545,0.8804058,0.9075773,0.92091364,0.0877202622998864
0.002061855670103,0.0048544578578101,0.059503302,0.94646776,0.9392895,0.95779604,0.0040297468586291
0.0,0.0145816922823279,0.093891576,0.89690053,0.91686904,0.92909324,0.0120892405758874
0.0220176730486008,0.015369396764916,0.054855373,0.9542062,0.9411318,0.95972145,0.0081327618419606
0.0,0.0081518254593416,0.073887475,0.92728055,0.92864466,0.944827,0.0067589845037916
0.0081737849779086,0.0221656377658502,0.08526077,0.90902686,0.92145497,0.93591154,0.0193061508590687
0.0077319587628865,0.0250050376449467,0.09124243,0.90051115,0.91626114,0.9292835,0.0250943327105542
0.0101620029455081,0.0531608932202458,0.08411456,0.90936863,0.9234774,0.9373213,0.0532476096274315
0.0042709867452135,0.082800564216234,0.101761185,0.8886595,0.9083728,0.9186644,0.0828845660695314
0.000441826215022,0.0656176152704757,0.108745135,0.87927395,0.90179694,0.91350275,0.0544565336850203
0.1187776141384388,0.0459616406235688,0.07780836,0.91521674,0.9351864,0.95152336,0.0460490163754258
0.0,0.0,0.03785918,0.9795875,0.9494125,0.97156996,0.0
0.0,0.009324222828775,0.07850353,0.9202286,0.9252852,0.9410837,0.0077297871560977
0.0189248895434462,0.0194361501401381,0.06414864,0.936707,0.9394158,0.95462507,0.0161189874345166
0.0007363770250368,0.0032973676015314,0.08690337,0.9104174,0.91552734,0.9290306,0.0033886507674836
0.0276877761413843,0.0310135741632929,0.080756016,0.92606306,0.91389877,0.93193567,0.0311023189361468
0.0052282768777614,0.0327904889263404,0.13109736,0.860453,0.8755407,0.8845654,0.0285379345715646
0.0,0.0026928502079173,0.047561042,0.9642551,0.9458156,0.9639315,0.0022346778034216
0.1635493372606774,0.5618348018831633,0.16012649,0.82857186,0.8510784,0.8597382,0.4662783456057442
0.0060382916053019,0.0119437982011027,0.059466403,0.9467465,0.9391638,0.95623696,0.0120342894823606
0.0008100147275405,0.0550660389455751,0.18338239,0.81672084,0.8211998,0.82182544,0.0457009927830897
0.0182621502209131,0.0531608932202458,0.09189637,0.8975617,0.91743684,0.92916125,0.0532476096274315
0.0070692194403534,0.0103317518181318,0.07149569,0.93229187,0.92730474,0.94479316,0.0085723705901747
0.0040500736377025,0.0083350125483155,0.07205271,0.930556,0.9275222,0.9441403,0.00842583434077
0.0347569955817378,0.0902013226107824,0.075616494,0.92824525,0.92326635,0.9370103,0.0902846466644686
0.0262150220913107,0.1118723552364029,0.119677044,0.8698087,0.890942,0.90100247,0.1119536945451881
0.0169366715758468,0.0314532231768305,0.06640402,0.9347232,0.9362691,0.9512168,0.0261017694252115
0.0,0.0063016358607045,0.059947044,0.94951326,0.9342028,0.95354104,0.0052203538850423
0.0005154639175257,0.053399036435912,0.1430149,0.850257,0.86524314,0.8719668,0.0443088984137451
0.0002945508100147,0.0037736540328637,0.07445887,0.92790663,0.9247832,0.9414292,0.0038648935780488
0.0909425625920471,0.0674128487424206,0.13110587,0.8591913,0.86795527,0.8801332,0.0674982598820383
0.0200294550810014,0.053307442891425,0.084417105,0.91247153,0.91831267,0.93161964,0.0533941458768362
0.0117083946980854,0.0439465826448551,0.095174424,0.8956419,0.9116968,0.9235234,0.0440341429461112
0.0136966126656848,0.0553225008701386,0.09877298,0.8898314,0.91085297,0.92313415,0.0459024801260211
0.2896170839469809,0.4831925845866383,0.23396893,0.76694304,0.7771395,0.78722703,0.4832399164743378
0.0003681885125184,0.0268918646613786,0.08387461,0.90747964,0.9256796,0.93841577,0.022310143971865
0.01480117820324,0.0118338859477184,0.06736659,0.9369204,0.9310655,0.9480288,0.0098179287101146
0.0094256259204712,0.1309604499074905,0.16646251,0.8330417,0.8394088,0.84092045,0.0600249111623987
0.0033873343151693,0.0123101723790507,0.060292423,0.94887525,0.9334038,0.9507357,0.0086639557460526
0.0687776141384388,0.0374983971129714,0.11045879,0.8850817,0.88814485,0.9011545,0.0375865479723046
0.0014727540500736,0.0507611423546868,0.12676643,0.8637528,0.8821519,0.89155287,0.0421291717038502
0.0126656848306332,0.0496437011119456,0.07476522,0.91589224,0.9366152,0.94768447,0.0497307396417188
0.0037555228276877,0.0776896444338603,0.0945834,0.905712,0.9034867,0.9198026,0.0644759497380664
0.0,0.0019967392698162,0.068610795,0.93687737,0.9280174,0.94531715,0.0020881415540169
0.0053755522827687,0.0251515873161259,0.11182882,0.87853473,0.896398,0.90678644,0.0252408689599589
0.002061855670103,0.0199307552803678,0.073594205,0.9272542,0.92725194,0.941441,0.0165402791515551
0.0234167893961708,0.0091043983220062,0.10500508,0.8893292,0.89445925,0.90740323,0.0091951496501447
0.0385861561119293,0.0680906409716243,0.118187584,0.87275726,0.882832,0.89452535,0.068175990035535
0.0970544918998527,0.0891937936214255,0.21642111,0.7679667,0.7753916,0.7941362,0.0892772099498113
0.0079528718703976,0.0333766876110571,0.104430564,0.885336,0.9015718,0.9133589,0.0334652159577975
0.0143593519882179,0.0602868709813332,0.108555175,0.88042563,0.89771795,0.90985703,0.0524599772868813
0.0231958762886597,0.0191430507977797,0.17398879,0.809122,0.82554585,0.84286416,0.0192328827343664
0.0072164948453608,0.0521167268130942,0.14520021,0.84755486,0.8614047,0.8688698,0.043246510605561
0.0234167893961708,0.0344391727271061,0.07669523,0.9205602,0.9278866,0.9419007,0.0285745686339158
0.001840942562592,0.0214328894099543,0.107807666,0.8799315,0.9015189,0.9138093,0.017785837271495
0.0008836524300441,0.0033156863104288,0.05961163,0.9500307,0.9335216,0.9512596,0.0034069677986591
0.009720176730486,0.0228434299950539,0.07650961,0.92665184,0.9204224,0.9351839,0.022932923031835
0.1203240058910162,0.1287622048398028,0.11924038,0.8658054,0.8906716,0.9043828,0.1288419972890793
0.0005154639175257,0.0122918536701533,0.059625857,0.94751143,0.936131,0.9519941,0.0123823130746968
0.0337260677466863,0.0159739141585301,0.055859633,0.95140326,0.94063234,0.9560726,0.0160640363409898
0.006701030927835,0.1487479162468629,0.1896304,0.8090555,0.8138713,0.8155898,0.1234384730922812
0.0327687776141384,0.1501401381230651,0.17379586,0.8110767,0.8240624,0.83862245,0.1502179726709895
0.0008100147275405,0.0067962410009342,0.06774316,0.9391551,0.9270303,0.94438595,0.0056416456020808
0.0458026509572901,0.0757112238729414,0.077706724,0.91334456,0.93239003,0.9433852,0.0757958750045792
0.0197349042709867,0.1248053637179651,0.15682743,0.83884513,0.8452213,0.8511413,0.1248855185551525
0.0179675994108983,0.0298594955027569,0.083459474,0.9130777,0.9192226,0.9316186,0.0299483459720848
0.1443298969072164,0.1105900456135851,0.12520653,0.8611627,0.88394535,0.8999847,0.110671502362897
0.0237849779086892,0.1188517833263111,0.13949826,0.8506185,0.86319613,0.87399775,0.110579917207019
0.0237113402061855,0.0116140614409496,0.05922129,0.94673365,0.93761986,0.9529368,0.0117045829212001
0.019661266568483,0.0093974976643646,0.06727211,0.9366584,0.9306184,0.9463218,0.009488222148954
0.0198821796759941,0.0157907270695561,0.071401894,0.9277727,0.9310753,0.944897,0.0158808660292339
0.0021354933726067,0.0058803055560644,0.09525636,0.8961284,0.91171837,0.9247084,0.0059713521632413
0.1059646539027982,0.0606898825770759,0.23377927,0.744042,0.7632669,0.78431106,0.0607759094405978
0.006921944035346,0.0083533312572129,0.074836425,0.9266096,0.92466706,0.940197,0.0069238377843719
0.0231222385861561,0.1044349594240598,0.14294155,0.8447806,0.86021334,0.87257165,0.1045169798878997
0.0702503681885125,0.4820385059261023,0.23563503,0.7614364,0.7648429,0.7665122,0.4193501117338902
0.0390279823269514,0.207093004085072,0.13045354,0.8570684,0.87756103,0.8893365,0.1718687035205334
0.0036082474226804,0.0046529520599388,0.1814714,0.80093014,0.81778127,0.8361886,0.004744111074477
0.0002945508100147,0.027972668486325,0.09702098,0.89226604,0.9114052,0.9232818,0.0232076784994688
0.0806332842415316,0.2772353404532048,0.27293172,0.7060767,0.71404105,0.73510927,0.2773015349672125
0.0287923416789396,0.0719742072578724,0.08335061,0.9087691,0.9238126,0.9344979,0.0597318386635894
0.0013991163475699,0.0162853322097858,0.09886571,0.89081377,0.9090449,0.9214942,0.0135179690075832
0.0023564064801178,0.0478484676400007,0.1133411,0.87376225,0.8951333,0.9078881,0.0397113235886727
0.032621502209131,0.043891626518163,0.101224326,0.88953364,0.90548986,0.9190041,0.036414257977067
0.0045655375552282,0.017677554085988,0.105179675,0.8832839,0.9026621,0.91493446,0.0146719419716452
0.0067746686303387,0.0453754419388521,0.09778409,0.8923513,0.909157,0.9207448,0.045462871377807
0.0007363770250368,0.0031141805125574,0.06359885,0.9438197,0.93060446,0.9470948,0.0032054804557277
0.0,0.0097455531334151,0.06959017,0.93819755,0.92239213,0.9383656,0.0098362457412902
0.0042709867452135,0.0112110498452069,0.08166975,0.9175764,0.9185006,0.93226004,0.0093050518371982
0.0008836524300441,0.0223671435637216,0.10694209,0.8813521,0.9007593,0.9131199,0.0185551525808696
0.132621502209131,0.9551558006191724,0.41305456,0.5908145,0.58564097,0.58081895,0.7927061581858812
0.0316642120765832,0.0568246349997252,0.106558524,0.8831295,0.8990659,0.9109769,0.056911015862549
0.0027982326951399,0.0373518474417923,0.12953456,0.8573406,0.8760315,0.8890037,0.032512730336667
0.011561119293078,0.0576856143179028,0.10611995,0.8826736,0.90099305,0.91318434,0.0478624024618089
0.0251840942562592,0.0426642730220374,0.1049955,0.88525206,0.900177,0.91196555,0.0427519507638202
0.0177466863033873,0.0525014196999395,0.11352916,0.8767562,0.88957995,0.9013985,0.0456826757519141
0.0124447717231222,0.0321859715327263,0.21991704,0.75876546,0.7756722,0.7931183,0.0322746089313844
0.0237849779086892,0.022110681639158,0.06858576,0.93317044,0.93078977,0.9439504,0.0222002417848115
0.0017673048600883,0.0075289893568301,0.08362631,0.91505706,0.9156178,0.92876536,0.0076198849690442
0.0609720176730486,0.0679807287182399,0.09440592,0.89348346,0.916774,0.92911196,0.0612155181888119
0.0164948453608247,0.0045796772243492,0.11124639,0.8794514,0.890122,0.9014134,0.0046708429497747
0.000441826215022,0.0146000109912253,0.081751,0.91782665,0.91780126,0.9321146,0.012107557607063
0.0124447717231222,0.003462235981608,0.06867591,0.93678164,0.9265637,0.9424763,0.0035535040480638
0.0704712812960235,0.2507648060964663,0.17904797,0.810299,0.8248431,0.83410734,0.2081181082170201
0.018041237113402,0.2040887358258989,0.22167917,0.7777052,0.7753972,0.7768436,0.1775653002161409
0.0023564064801178,0.0020883328143032,0.08596568,0.9146953,0.91044635,0.92493117,0.0021797267098948
0.0047864506627393,0.0019967392698162,0.08031433,0.922327,0.9147716,0.92971003,0.0020881415540169
0.0061855670103092,0.0226052867793877,0.06860912,0.9344897,0.92900294,0.9423146,0.0226948016265523
0.013181148748159,0.1151330854201395,0.12656787,0.8629456,0.8786254,0.88980854,0.0955416346118621
0.008100147275405,0.0505596365568154,0.122697204,0.8663881,0.8801873,0.8925141,0.0506465912004982
0.0106038291605301,0.0158090457784535,0.07724525,0.9174084,0.9283583,0.9398659,0.0131149943217203
0.0,0.0123284910879481,0.08970094,0.90540475,0.913241,0.92602485,0.0102209033959775
0.0222385861561119,0.0157907270695561,0.08648496,0.9109865,0.91373557,0.9268008,0.0158808660292339
0.0075110456553755,0.1238894282730953,0.11882577,0.8688662,0.8870963,0.89984655,0.1028134959885701
0.002061855670103,0.1215446335342285,0.27588385,0.7315895,0.7180679,0.71043164,0.1008718906839579
0.0011045655375552,0.0084815622194947,0.08566214,0.9136827,0.91302776,0.9274591,0.0070337399714254
0.0,0.0215244829544413,0.08414917,0.9104519,0.92030615,0.9321724,0.0178591053961973
0.050441826215022,0.0461814651303376,0.19336528,0.7934729,0.7985789,0.81487525,0.0462688207495329
0.0058173784977908,0.1595376357874297,0.12648557,0.8619614,0.8788077,0.89078623,0.1596146096640656
0.0015463917525773,0.0030592243858652,0.07124328,0.937542,0.9186301,0.9351617,0.0031505293622009
0.0006627393225331,0.0512374287860191,0.23159806,0.76921254,0.76690614,0.7664211,0.0425138293585375
0.005081001472754,0.0174577295792192,0.10133388,0.89001006,0.90309995,0.914566,0.0144887716598893
0.0,0.0049277326933997,0.07602639,0.9282248,0.9187095,0.9343177,0.0040846979521559
0.0321060382916053,0.1416219384857755,0.1487751,0.8411935,0.8530968,0.8638095,0.1417005531743415
0.0138438880706921,0.0165601128432468,0.08798766,0.909357,0.91235656,0.9256509,0.0137377733816902
0.1399116347569955,0.2399567678470021,0.15094618,0.83365995,0.85379994,0.867756,0.2400263765248928
0.0088365243004418,0.0340544798402608,0.12352459,0.86454535,0.8807365,0.89345014,0.0296369564420998
0.0103092783505154,0.2472476139881661,0.55913544,0.47414914,0.43199763,0.4315958,0.2473165549327765
0.0028718703976435,0.0130429207349466,0.09494917,0.8978872,0.90925854,0.9210862,0.0108253654247719
0.0279086892488954,0.0432321529978567,0.09503194,0.89650136,0.9103647,0.9214735,0.0433197787302634
0.0019145802650957,0.0105149389071058,0.046883825,0.95156896,0.95844454,0.9664733,0.0106055610506649
0.0089101620029455,0.0428840975288061,0.13080348,0.8569311,0.87231845,0.88524973,0.0373301095358464
0.0630338733431516,0.0461631464214402,0.09722311,0.8960439,0.9049821,0.9155716,0.0462505037183573
0.001840942562592,0.0362527249079484,0.11450755,0.8748178,0.88987076,0.90200204,0.0300765651903139
0.0100883652430044,0.0327172140907508,0.08392444,0.9155624,0.91495776,0.92778355,0.0328058028354764
0.0170103092783505,0.0929124915275971,0.13595152,0.8540229,0.8672165,0.8781621,0.0929955672784555
0.0060382916053019,0.0620271483265859,0.11321649,0.8762219,0.8912817,0.9033526,0.0514708576033996
0.0976435935198821,0.2686805033981205,0.28153628,0.69399464,0.70604587,0.7256709,0.2731435688903542
0.001620029455081,0.01864844565755,0.09624213,0.8984098,0.90537375,0.91716385,0.0187383228926255
0.0052282768777614,0.0228434299950539,0.11140462,0.87926626,0.8916035,0.9032067,0.0189581272667326
0.0248895434462444,0.3066368682335269,0.25845724,0.74337214,0.7374604,0.735662,0.254478514122431
0.0,0.0805473630218542,0.2759718,0.72990704,0.71808934,0.7128826,0.0668388467597171
0.0448453608247422,0.0459982780413636,0.100781724,0.8897237,0.90489024,0.9164562,0.046085650437777
0.0074374079528718,0.0405393027899393,0.10704243,0.88245887,0.89876086,0.9107412,0.0406271751474521
0.024300441826215,0.1770136840755463,0.16184798,0.8238563,0.8423336,0.85510087,0.1469025900282082
0.0008100147275405,0.1085749876348715,0.44094548,0.6396011,0.57486355,0.5588559,0.0901014763527127
0.0033136966126656,0.0284123174998626,0.10809911,0.88291776,0.89512485,0.9065727,0.0235740191229805
0.0222385861561119,0.0583084504204143,0.08967104,0.9031295,0.9149837,0.9255926,0.0583946953877715
0.003460972017673,0.0100936086024656,0.082981504,0.9204261,0.9106458,0.9256339,0.0083708832472432
0.0078792341678939,0.0503214933411493,0.090758756,0.9015879,0.91435003,0.9251326,0.0417628310803385
0.0013254786450662,0.0293648903625272,0.089672714,0.9053692,0.9123096,0.92376316,0.0294537861303439
0.006921944035346,0.0126215904303064,0.09111668,0.9038268,0.9107336,0.9221145,0.0127120196358574
0.0087628865979381,0.0190880946710875,0.21640019,0.76435417,0.77821904,0.79496235,0.0191779316408396
0.0081737849779086,0.064756635952298,0.11291402,0.8777767,0.88971776,0.901343,0.0648422903615782
0.0572901325478645,0.0137207129641502,0.06716378,0.9261495,0.94124407,0.9507794,0.0138110415063926
0.0054491899852724,0.0726153620692813,0.23581602,0.767635,0.7565025,0.7546609,0.072700296735905
0.2151693667157584,0.8976716920991409,0.4128197,0.5687195,0.56314975,0.57523566,0.8976810638531707
0.0008836524300441,0.008078550623752,0.09178249,0.9042619,0.9082343,0.9204172,0.0067040334102648
0.1053755522827687,0.3148619685284581,0.1689309,0.823236,0.834935,0.84250396,0.3220317250979961
0.0248159057437407,0.0114675117697704,0.074626155,0.9237698,0.9258556,0.9370166,0.0103491226142066
0.0028718703976435,0.0173478173258348,0.09494224,0.89768475,0.90878665,0.919501,0.0143971865040114
0.003460972017673,0.0118888420744105,0.09051775,0.9049618,0.9107881,0.9224149,0.0098545627724658
0.1090574374079528,0.1560387623880268,0.21544622,0.7664866,0.7773132,0.79368764,0.1561160567095285
0.0111192930780559,0.0073824396856509,0.08350999,0.9158444,0.9142731,0.9270755,0.0066857163790892
0.0030927835051546,0.0395317738005825,0.17602645,0.8158541,0.82447714,0.8328458,0.0328058028354764
0.0054491899852724,0.0115041491875652,0.107122004,0.88458157,0.8947812,0.9058976,0.0094149540242517
0.0156848306332842,0.1636959827071388,0.117881075,0.871478,0.8856694,0.8978684,0.1358574202293292
0.0100147275405007,0.1906244847863122,0.21402347,0.77996546,0.78455734,0.7900894,0.1582041982635454
0.014580265095729,0.0841011925479492,0.15577137,0.834571,0.8434433,0.85426396,0.0841850752829981
0.0191458026509572,0.0161937386652988,0.21026753,0.77663904,0.78029126,0.79978114,0.0162838407150968
0.0259941089837997,0.4647456447269596,0.5375862,0.4949021,0.45402172,0.452014,0.4647946660805216
0.0046391752577319,0.0119987543277949,0.10084974,0.8919782,0.901117,0.9126324,0.0099461479283437
0.0039027982326951,0.0328088076352378,0.10700835,0.88396204,0.896527,0.9080148,0.0272191083269223
0.0558173784977908,0.0919965560827272,0.118363544,0.872602,0.88258326,0.8942759,0.0920797157196761
0.0095729013254786,0.0349520965762333,0.1180985,0.872193,0.8839661,0.89582056,0.035040480638898
0.0008100147275405,0.0015204528384839,0.09607515,0.9038783,0.8970207,0.910835,0.0016118987434516
0.0079528718703976,0.0274963820549927,0.23112975,0.74917233,0.76149046,0.77937734,0.0275854489504341
0.0142120765832106,0.1036655736503691,0.17403984,0.8171764,0.8259095,0.83502764,0.0860350954317324
0.0,0.0650130978768616,0.12819663,0.86089975,0.8734171,0.8858224,0.0539436568121039
0.0260677466863033,0.106431698693876,0.121615574,0.86766636,0.8812094,0.8934611,0.1065135362860387
0.0461708394698085,0.0166700250966311,0.09732254,0.899784,0.9006101,0.9132877,0.0167600835256621
0.009941089837997,0.0183919837329865,0.10581566,0.8860581,0.8962766,0.9073543,0.0184818844561673
0.0913843888070692,0.1019619337229112,0.1664072,0.82027185,0.8302,0.8441638,0.1020441806791955
0.006921944035346,0.0653794720548095,0.15381284,0.8359489,0.8462626,0.857387,0.0542550463420888
0.0149484536082474,0.0584000439649013,0.1375691,0.85084534,0.8629545,0.87577194,0.0584862805436494
0.0477172312223858,0.0842477422191284,0.098694086,0.89386374,0.9042831,0.91509104,0.0843316115324028
0.0339469808541973,0.0747586510102768,0.12494004,0.86351603,0.8783952,0.89102244,0.0748433893834487
0.001620029455081,0.0100569711846709,0.14386076,0.8441446,0.8565856,0.8694127,0.0101476352712752
0.0235640648011782,0.2409276594185641,0.15662456,0.8289825,0.84684616,0.86011773,0.1999487123127083
0.0009572901325478,0.0201139423693418,0.07110619,0.9243412,0.93342674,0.94275683,0.0166868154009598
0.0019145802650957,0.0549378079832933,0.22681503,0.7728203,0.76737237,0.76916814,0.0455910905960361
0.0102356406480117,0.0470607631574126,0.11980698,0.8707799,0.8814011,0.8932245,0.047148038245961
0.1013254786450662,0.4613750022898386,0.31737745,0.67037904,0.6446441,0.67791694,0.4614243323442136
0.0069955817378497,0.0033156863104288,0.08166191,0.9261213,0.9041578,0.9196028,0.002747554676338
0.0043446244477172,0.0069611093810108,0.1003729,0.8935223,0.8999224,0.91142386,0.0057698648203099
0.1090574374079528,0.2990712414589019,0.1453077,0.84491533,0.855258,0.86628497,0.2991354361285123
0.0379970544918998,0.0657824836505523,0.09762334,0.89329696,0.9077942,0.91884977,0.0545847529032494
0.0428571428571428,0.0368206048837677,0.09584799,0.8967793,0.9076649,0.91843265,0.0305528080008792
0.014580265095729,0.0202055359138287,0.09426662,0.89920026,0.9081923,0.91863143,0.0202952705425504
0.0094256259204712,0.0256095550385608,0.10719755,0.8845513,0.8950916,0.90630966,0.0212477561636809
0.0028718703976435,0.0299510890472439,0.11073402,0.8804956,0.89155483,0.902991,0.0248562113052716
0.019661266568483,0.0310685302899851,0.103598386,0.8887751,0.89853984,0.9095118,0.0311572700296735
0.0200294550810014,0.0819395848980563,0.18911964,0.79452294,0.80701953,0.8223093,0.0820236656042788
0.0182621502209131,0.1004964370111194,0.16722599,0.8196854,0.8312742,0.844397,0.0874455068322526
0.008100147275405,0.046199783839235,0.14483345,0.84531134,0.8554024,0.8665999,0.0462871377807085
0.2860824742268041,0.3094029932770338,0.16711812,0.8084691,0.8447114,0.8608017,0.3094662417115434
0.0301178203240058,0.1640623568850867,0.17978734,0.8098502,0.82028383,0.8303183,0.1361504927281386
0.0087628865979381,0.0704537544193885,0.14494406,0.84274113,0.85502654,0.86820287,0.0705388870571857
0.0024300441826215,0.0455219916100313,0.1409751,0.8470179,0.8594266,0.87242687,0.0377697182840605
0.0189985272459499,0.103061056256755,0.15677062,0.8304614,0.843244,0.85619116,0.0855222185588159
0.0133284241531664,0.0700873802414405,0.13403581,0.8547557,0.86671144,0.8793388,0.0581565739824889
0.0897643593519882,0.2530180072908461,0.1648021,0.81888396,0.8368185,0.85171,0.20998644539693
0.0445508100147275,0.0132077891150231,0.0788273,0.9160468,0.9247988,0.93445855,0.0132981646334762
0.1189985272459499,0.5379838428987525,0.24561465,0.7439493,0.7453456,0.75487953,0.5380261567205188
0.0006627393225331,0.0501749436699701,0.17225848,0.8179669,0.8256122,0.83613104,0.0416346118621093
0.0037555228276877,0.0168165747678103,0.13453585,0.8542581,0.86609226,0.8787314,0.0156976957174781
0.0101620029455081,0.1914854641044899,0.22347566,0.77105165,0.7718529,0.77741444,0.1589185624793933
0.021060382916053,0.0672662990712414,0.116895154,0.8738321,0.8847628,0.89647824,0.0673517236326336
0.0105301914580265,0.0149847038780706,0.10661634,0.8852326,0.8943922,0.9054882,0.0124372641682236
0.0029455081001472,0.0257011485830478,0.1152473,0.8753673,0.886967,0.8986694,0.0257903798952265
0.003460972017673,0.0535089486892963,0.12222151,0.8680175,0.8789759,0.89094645,0.044400483569623
0.0376288659793814,0.0635476011650698,0.12124076,0.86933106,0.87966084,0.8915238,0.0636333663039894
0.0084683357879234,0.0393485867116085,0.14467818,0.8431779,0.8550856,0.86821246,0.0342528482983478
0.0080265095729013,0.124384033413325,0.16939373,0.821358,0.8285395,0.8387684,0.124464226838114
0.0,0.0301709135540127,0.108973436,0.8828485,0.89265895,0.90387183,0.0250393816170275
0.0027245949926362,0.0568979098353148,0.14269774,0.8451392,0.85755205,0.87063426,0.0472213063706634
0.0124447717231222,0.0743190019967392,0.16236536,0.824894,0.83641404,0.8494166,0.0661611166062204
0.01620029455081,0.0586748245983623,0.1350133,0.8536391,0.86572266,0.87842923,0.0587610360112832
0.0,0.0050010075289893,0.10303011,0.8921464,0.8945993,0.90687853,0.0041396490456826
0.0,0.0221290003480554,0.12153973,0.8688316,0.8796072,0.8915276,0.0183536652379382
0.001620029455081,0.0146916045357123,0.12375464,0.8662425,0.87746906,0.8895383,0.0121808257317653
0.0889543446244477,0.1427576984374141,0.28329498,0.6912495,0.70576924,0.7258318,0.1428362091072279
0.0023564064801178,0.0039568411218377,0.110433914,0.881669,0.8889767,0.9006851,0.0040480638898047
0.0044918998527245,0.0598655406766931,0.19526425,0.79847246,0.8001111,0.8075555,0.0496757885481921
0.0029455081001472,0.0241806957445639,0.13102135,0.85811454,0.8698798,0.8823458,0.0200571491372678
0.0,0.3534961255930682,0.27924362,0.7187588,0.71079457,0.7125645,0.2933655713082023
0.016421207658321,0.0531792119291432,0.10714719,0.8848616,0.8947459,0.90589774,0.0441257281019892
0.0136229749631811,0.0258110608364322,0.11818066,0.87269074,0.8829556,0.89466715,0.0259002820822801
0.0104565537555228,0.1169649563098792,0.22520225,0.7710458,0.7675629,0.7724144,0.1170458292120013
0.0114874815905743,0.0261957537232775,0.108378224,0.8833709,0.89363873,0.90488607,0.0217423160054218
0.0913107511045655,0.1866859623733719,0.1293373,0.86038935,0.87102544,0.88330173,0.1867604498662856
0.000441826215022,0.0038469288684533,0.0959481,0.91018003,0.8869153,0.9029794,0.0039381617027512
0.111340206185567,0.0214145707010569,0.119153194,0.8733555,0.87892675,0.8905438,0.0215041946001392
0.0339469808541973,0.0371320229350235,0.11373007,0.8774496,0.88753283,0.8989593,0.0308092464373374
0.0005154639175257,0.0459616406235688,0.18612899,0.8039771,0.8103024,0.8206662,0.0381360589075722
0.0047128129602356,0.0094524537910568,0.11650831,0.8760092,0.88164526,0.89386344,0.0078396893431512
0.0440353460972017,0.0742823645789444,0.24001692,0.7460414,0.7449668,0.7646958,0.0743671465728834
0.0005154639175257,0.0441664071516239,0.20529498,0.78735805,0.7892151,0.79726577,0.0366523793823497
0.0041973490427098,0.0047995017311179,0.11139739,0.88203305,0.8857499,0.8979181,0.0048906473238817
0.0494845360824742,0.0782208869918848,0.14143269,0.8472112,0.85784316,0.8706921,0.0783053082756346
0.03100147275405,0.30696660499368,0.2352991,0.764471,0.75669134,0.75858706,0.3070300765651903
0.0047864506627393,0.0119254794922053,0.12190443,0.86842436,0.8791274,0.8910446,0.009891196834817
0.0301178203240058,0.0483797101980252,0.12407202,0.8662203,0.87661624,0.8886197,0.0484668644906033
0.006921944035346,0.0336697869534155,0.14405392,0.8436912,0.85602766,0.8691667,0.0337582884566069
0.001620029455081,0.0171463115279635,0.12267332,0.86766857,0.8782588,0.8902149,0.0142323332234311
0.0,0.0881313085053765,0.29171428,0.7123674,0.6950676,0.691293,0.0731399054841191
0.0586156111929307,0.1068530289985161,0.10761915,0.8844285,0.8941044,0.9052583,0.0886727479210169
0.0054491899852724,0.0568063162908278,0.2108969,0.78657,0.7828243,0.78713673,0.0568926988313734
0.001840942562592,0.0013922218762021,0.08806853,0.92183125,0.8892689,0.9056653,0.0011539729640619
0.008321060382916,0.0242906079979483,0.12372588,0.8664143,0.8772805,0.8893131,0.0201487342931457
0.0924889543446244,0.0276062943083771,0.16182478,0.82567775,0.83454627,0.84818965,0.0276953511374876
0.0706185567010309,0.1324809027459744,0.12805612,0.8619121,0.87222284,0.8844068,0.1325603546177235
0.0,0.0844675667258971,0.32093742,0.6847247,0.6662038,0.6603148,0.0700992783089716
0.0722385861561119,0.9433402333803512,0.31969404,0.67958236,0.6716816,0.6702666,0.5280616917609994
0.000441826215022,0.0269834582058656,0.13932055,0.8487603,0.86132437,0.87426126,0.0223834120965673
0.0497790868924889,0.3160893220245837,0.23427641,0.75472045,0.7579943,0.76812893,0.2749935890390885
0.0094256259204712,0.1086116250526662,0.22651955,0.7702234,0.76579946,0.770331,0.0901381104150639
0.0103829160530191,0.0440015387715473,0.1462804,0.84133005,0.8534997,0.86672807,0.036505843132945
0.0573637702503681,0.098353148070124,0.103650875,0.88885444,0.89882165,0.910769,0.0984357255376048
0.2001472754050073,0.6044624374874059,0.39014927,0.5860735,0.5882141,0.6047718,0.6044986628567242
0.0245949926362297,0.0924545238051622,0.15146518,0.835482,0.84816146,0.86168504,0.0925376414990658
0.0036082474226804,0.0122735349612559,0.11096978,0.88199997,0.8866361,0.898618,0.0123639960435212
0.0177466863033873,0.0129146897726648,0.10913867,0.8830242,0.8908082,0.90234923,0.0130050921346668
0.0102356406480117,0.01731117990804,0.12621991,0.8638608,0.8740616,0.88611454,0.0174011796168077
0.022680412371134,0.0208100533074428,0.11770177,0.8734638,0.8830498,0.8946681,0.0208997325713448
0.0195876288659793,0.0683471028961878,0.27604926,0.70021755,0.71238285,0.7323354,0.0684324284719932
0.001620029455081,0.0107714008316693,0.121743836,0.8684647,0.8783105,0.8899725,0.0108619994871231
0.0,0.0237410467310263,0.13230634,0.8568567,0.8682568,0.8807481,0.019690808513756
0.1232695139911634,0.0215977577900309,0.11815084,0.8732893,0.88210076,0.89366937,0.021687364911895
0.0125184094256259,0.1291285790177508,0.14610626,0.8416777,0.8534418,0.8666224,0.1071546323771843
0.0286450662739322,0.0433054278334463,0.13276939,0.8567691,0.86709857,0.8795075,0.0433930468549657
0.0279086892488954,0.0186667643664474,0.106592834,0.88588494,0.89340657,0.9047289,0.0187566399238011
0.0,0.0378647712909194,0.20338978,0.78781676,0.79137784,0.8005562,0.0314137084661318
0.0009572901325478,0.0342743043470296,0.14153707,0.8467623,0.85825485,0.87119263,0.0284463494156867
0.1044918998527246,0.057923757533569,0.17944942,0.8062032,0.8157646,0.8303105,0.0580100377330842
0.109941089837997,0.6597483009397498,0.41825798,0.566552,0.55702484,0.56653696,0.659779462944646
0.0103092783505154,0.0752898935683013,0.18717267,0.8006016,0.8092865,0.8213849,0.0624793933399274
0.0030191458026509,0.0329370385975196,0.0706947,0.9245419,0.9319584,0.9407836,0.0330256072095834
0.0013254786450662,0.0084449248016999,0.110723,0.8805729,0.88951373,0.9008693,0.0069971059090742
0.0038291605301914,0.0141054058509956,0.114574954,0.87805873,0.8832589,0.895382,0.0141956991610799
0.0043446244477172,0.0103683892359266,0.12412109,0.86553174,0.87550855,0.8871935,0.0104590248012602
0.0247422680412371,0.0134092949128945,0.098273166,0.8969033,0.8995521,0.9116678,0.0134996519764076
0.0114874815905743,0.022110681639158,0.1263083,0.86436117,0.8732736,0.88523877,0.0222002417848115
0.0228276877761413,0.0223121874370294,0.12719032,0.8626768,0.87279457,0.8848297,0.0224017291277429
0.0002945508100147,0.2889959515653337,0.47777262,0.567182,0.5264842,0.515107,0.251419569916108
0.0326951399116347,0.1697228379343824,0.18206471,0.8038724,0.81496984,0.82855654,0.169798878997692
0.0,0.0066863287475498,0.10404137,0.895297,0.88626313,0.8994922,0.0055500604462028
0.0072164948453608,0.0560002930993423,0.15371051,0.8329631,0.84582806,0.8594762,0.0560867494596475
0.0036082474226804,0.0063932294051915,0.25463647,0.7445532,0.71747375,0.7437949,0.0064842290361578
0.0013254786450662,0.0509260107347634,0.1264638,0.8636258,0.87399113,0.88610494,0.0422573909220793
0.0015463917525773,0.0380662770887907,0.114297815,0.87688094,0.8872505,0.8987882,0.0381543759387478
0.0385861561119293,0.2116726813094213,0.2021576,0.7850722,0.7929481,0.80514365,0.1841594314393523
0.0024300441826215,0.0095623660444411,0.12536484,0.8689303,0.86684704,0.88062984,0.0096530754295343
0.0046391752577319,0.0059169429738592,0.12035228,0.87031096,0.87890506,0.8910039,0.0060079862255925
0.0165684830633284,0.0029126747146861,0.103034824,0.902023,0.8776203,0.89302164,0.0030039931127962
0.0284977908689248,0.1204271922914873,0.13409348,0.8553528,0.86561394,0.878079,0.099937722094003
0.0308541973490427,0.0698675557346718,0.14151181,0.8470401,0.8578901,0.87076396,0.057973403670733
0.0711340206185567,0.0724504936892047,0.14384943,0.84315544,0.8566514,0.8693866,0.0725354434553247
0.0055964653902798,0.0096905970067229,0.0986365,0.8968215,0.8977972,0.9098291,0.0097812946477634
0.0021354933726067,0.0011907160783307,0.09658713,0.9144768,0.8755508,0.8931255,0.0009891196834817
0.1134020618556701,0.1426111487662349,0.1227872,0.86787456,0.8776174,0.88949645,0.1426896728578232
0.0047128129602356,0.043616845884702,0.19003208,0.7983677,0.80612755,0.8176957,0.03619445360296
0.0009572901325478,0.0279543497774276,0.10578781,0.8871773,0.8947394,0.9061213,0.0280433747298237
0.0192930780559646,0.0253897305317921,0.25655666,0.7484005,0.7099726,0.7386002,0.0254789903652416
0.0021354933726067,0.0269285020791734,0.18229917,0.8047233,0.8146525,0.82741773,0.0223467780342162
0.0182621502209131,0.075601311619557,0.123694845,0.86668736,0.87693906,0.8889105,0.0756859728175257
0.0022827687776141,0.0136840755463554,0.11255738,0.88091075,0.8847635,0.8969921,0.0113565593288639
0.0114138438880706,0.0417483375771675,0.12142349,0.8702937,0.877369,0.8897098,0.0418360992050408
0.0044182621502209,0.019619337229112,0.15623648,0.8304132,0.842758,0.8564751,0.0176942521156171
0.0256259204712812,0.1559288501346425,0.19972792,0.7867472,0.79564494,0.80845886,0.1294098252555225
0.0060382916053019,0.0751616626060195,0.13820516,0.8506641,0.8614606,0.8741726,0.0623694911528739
0.0,0.0216527139167231,0.17085658,0.8142198,0.82723904,0.84171444,0.0179690075832509
1.0,1.0,1.0,0.0,0.0,0.0,1.0
0.0014727540500736,0.01864844565755,0.12966205,0.86232096,0.86590755,0.8791196,0.015477891343371
0.0153902798232695,0.3602923665940024,0.19083968,0.7923808,0.8055185,0.82092077,0.3603509543173242
0.0008836524300441,0.0420231182106285,0.13630511,0.8527845,0.8634524,0.8760619,0.0348756273583177
0.0924153166421207,0.1369140302991445,0.1583789,0.82831514,0.84005296,0.8538124,0.1369930761622156
0.0293078055964653,0.0060818113539357,0.11262524,0.8860246,0.87556285,0.8901157,0.0050188665421108
0.004860088365243,0.0071259777610873,0.13088876,0.86342204,0.8599584,0.874342,0.0059164010697146
0.0238586156111929,0.0444045503672901,0.14152649,0.8470694,0.8578033,0.87066656,0.0368538667252811
0.0100147275405007,0.012694865265896,0.12574254,0.86614424,0.87057364,0.8834668,0.0105322929259625
0.0,0.0116506988587444,0.12548648,0.8646055,0.8730405,0.88522863,0.0117412169835513
0.0059646539027982,0.0785506237520379,0.25531453,0.742116,0.73430634,0.7377205,0.0651903139539143
0.0010309278350515,0.0417117001593727,0.1580183,0.82867104,0.8405038,0.85425544,0.0346191889218595
0.0780559646539028,0.0714246459909505,0.116447225,0.8746598,0.88471884,0.8963282,0.0664725061362054
0.0229749631811487,0.0989393467548407,0.17980865,0.80500203,0.8174978,0.83197904,0.0990218705352236
0.0041237113402061,0.0025463005367381,0.128198,0.8686767,0.85840684,0.8732365,0.0026376524892845
0.0053755522827687,0.0396600047628643,0.14218552,0.8462179,0.8572942,0.87022203,0.0329157050225299
0.0427835051546391,0.079155141145652,0.15763512,0.82934743,0.84051555,0.8541844,0.0656848737956552
0.0468335787923416,0.0723589001447178,0.20418125,0.78118026,0.7861716,0.8017959,0.0724438582994468
0.003240058910162,0.0432138342889593,0.15478195,0.8321725,0.84406954,0.8576742,0.0358647470417994
0.0058910162002945,0.0799062082104453,0.15986113,0.82661146,0.83857685,0.8524287,0.0663076528556251
0.0174521354933726,0.0690432138342889,0.16622576,0.8195344,0.8318641,0.8460529,0.0691284756566655
0.0030191458026509,0.0085548370550843,0.15063992,0.83679503,0.848412,0.861793,0.008645638714877
0.1391016200294551,0.4940372602538973,0.2761689,0.71655977,0.7117909,0.7183072,0.4940835989302853
0.0055964653902798,0.030464012896371,0.13777982,0.8512218,0.86177593,0.87444425,0.0305528080008792
0.0125184094256259,0.0615874993130484,0.17998932,0.80440134,0.81707895,0.83195376,0.0535956332197677
0.0,0.0076938577369067,0.13283247,0.8650496,0.8518446,0.8677878,0.0063743268491042
0.0130338733431516,0.0049277326933997,0.111400515,0.89082897,0.8713882,0.8871695,0.0050188665421108
0.2323269513991163,0.1381963399219623,0.2962164,0.6799296,0.6874643,0.70765185,0.1382752683445067
0.0268777614138438,0.0727435930315631,0.14746068,0.84043765,0.8515965,0.8647823,0.0603729347547349
0.0108983799705449,0.094616131455055,0.22397745,0.7672194,0.7688892,0.7776456,0.0946990511777851
0.0240795287187039,0.0464379270549011,0.14319511,0.845207,0.8560542,0.8690076,0.0465252591859911
0.0030191458026509,0.0366374177947938,0.1378282,0.85111356,0.8618108,0.8744953,0.0304062717514745
0.0674521354933726,0.4929381377200535,0.27481723,0.7160413,0.71665853,0.72372645,0.4584386562625929
0.0,0.0020150579787136,0.0980098,0.9028761,0.89060605,0.904399,0.0016668498369784
0.0197349042709867,0.0085914744728791,0.12215753,0.88144946,0.8557918,0.8725418,0.0086822727772282
0.0131075110456553,0.2293502353954093,0.18011674,0.80419254,0.81718946,0.8320413,0.2294208154742279
0.0071428571428571,0.006741284874242,0.121598385,0.87993085,0.8595112,0.875855,0.0068322526284939
0.0380706921944035,0.0137939877997398,0.11524494,0.878426,0.88110805,0.8937288,0.0138843096310949
0.0091310751104565,0.0439099452270604,0.17513843,0.8097578,0.82225394,0.8368814,0.0382093270322746
0.001620029455081,0.0120720291633845,0.15111378,0.83653045,0.84734017,0.8606431,0.0105139758947869
0.0047864506627393,0.0076755390280093,0.13322447,0.86688834,0.84758073,0.8643742,0.0077664212184489
0.0857142857142857,0.1056806316290827,0.1428962,0.8456025,0.8562702,0.86919194,0.1057625380078396
0.0580265095729013,0.0464196083460037,0.14749743,0.84103817,0.8505521,0.8635795,0.0465069421548155
0.0163475699558173,0.0431222407444723,0.168935,0.8169058,0.8284044,0.8426409,0.0432098765432098
0.1111929307805596,0.1899100551393137,0.21047185,0.77139324,0.783539,0.79980624,0.189984247353189
0.0103829160530191,0.0752166187327117,0.19099024,0.7952498,0.8052028,0.8183756,0.0624244422464007
0.0181885125184094,0.024693619593691,0.12596606,0.8730519,0.85921025,0.87498295,0.0068505696596695
0.0084683357879234,0.0088112989796479,0.25916564,0.75988686,0.6940453,0.7272,0.0057149137267831
0.0155375552282768,0.0513656597483009,0.16351302,0.8224749,0.8348438,0.84890807,0.051452540572224
0.001620029455081,0.0125483155947168,0.15344189,0.8352475,0.8429746,0.85703814,0.0104040737077334
0.0033136966126656,0.0180622469728333,0.1223624,0.87043667,0.8741659,0.8870009,0.0181521778950067
0.0130338733431516,0.0168532121856051,0.13013516,0.86179495,0.8654271,0.8787573,0.0139758947869729
0.0119293078055964,0.0136108007107659,0.14336096,0.8477626,0.8505686,0.86471486,0.0137011393193391
0.0125920471281296,0.0111560937185147,0.26824826,0.7501494,0.6840086,0.7178472,0.0112466571418104
0.0165684830633284,0.0085914744728791,0.12490892,0.87796634,0.8539536,0.8709342,0.0086822727772282
0.0175257731958762,0.0116690175676418,0.119905196,0.8736003,0.87390447,0.88719106,0.0105322929259625
0.053681885125184,0.2958105112751653,0.23728235,0.75020903,0.7545644,0.765831,0.2958750045792578
0.0102356406480117,0.0442396819872135,0.18262196,0.8014942,0.8142707,0.8292799,0.0443272154449206
0.0005154639175257,0.0056238436315008,0.14539078,0.84791374,0.84378684,0.8592163,0.0057149137267831
0.0177466863033873,0.0388539815713788,0.1504578,0.8371953,0.8482938,0.86161566,0.0322379748690332
0.0,0.0192712817600615,0.17201906,0.81312394,0.8257042,0.840192,0.0159907682162875
0.0708394698085419,0.3481104251772335,0.24018589,0.74639064,0.7514444,0.7633387,0.3028537934571564
0.0069955817378497,0.0110461814651303,0.14036202,0.8547997,0.847033,0.8626878,0.0091585155877935
0.003460972017673,0.0074923519390353,0.15411645,0.8329943,0.84381276,0.8572093,0.007583250906693
0.0026509572901325,0.0394584989649929,0.15045033,0.8371779,0.8483422,0.86167014,0.0395464703080924
