rely,data,cplx,time,stor,virt,turn,acap,aexp,pcap,vexp,lexp,modp,tool,sced,loc,Generated_Var_1,Generated_Var_2,Generated_Var_5,Generated_Var_8,actual
0.2,1.0,0.0,0.0,0.1071428571428572,0.6511627906976741,0.7142857142857147,0.64,0.6595744680851061,0.6527777777777778,0.645161290322581,0.2631578947368424,1.0,0.6585365853658539,0.173913043478261,0.0967056323060573,-0.30315885,-0.010577306,0.28150052,0.03261805,0.1785222176389534
0.2,1.0,0.1578947368421052,0.0,0.1071428571428572,0.3023255813953488,0.7142857142857147,0.3866666666666667,0.1914893617021278,0.4166666666666667,0.0,0.0,0.666666666666667,0.4146341463414635,0.0,0.2534973258305604,-0.28059492,0.016514383,0.25666597,0.034622945,0.1399057406903572
0.3846153846153847,1.0,0.1578947368421052,0.0,0.0,0.0,0.2499999999999999,0.2,0.0,0.2222222222222222,0.0,0.0,0.2142857142857144,0.1951219512195123,0.0,0.1132558666225327,-0.2982899,0.013610214,0.2569515,0.033856153,0.020809015192073
0.0,1.0,0.0,0.0,0.0,0.0,0.4642857142857144,0.64,0.1914893617021278,1.0,0.3225806451612903,0.0,1.0,0.4146341463414635,0.173913043478261,0.0505391892127314,-0.28665948,0.014166571,0.24934426,0.019304097,0.0205457210310599
0.2,0.0,0.3157894736842105,0.0,0.0,0.0,0.4642857142857144,0.3866666666666667,0.3829787234042554,0.2222222222222222,0.0,0.0,1.0,0.4146341463414635,0.0,0.0122123307956307,-0.27902633,0.02212999,0.22778125,0.03772538,0.0023784239211521
0.0,0.272727272727273,0.1578947368421052,0.0,0.3749999999999999,0.3023255813953488,0.4642857142857144,1.0,0.3829787234042554,1.0,0.0,0.0,1.0,0.6585365853658539,0.0,0.0017595512273305,-0.2980449,-0.004743777,0.27461922,0.0347665,0.0032560711245293
0.0,0.272727272727273,0.3157894736842105,0.0,0.0,0.0,0.0,0.3866666666666667,0.3829787234042554,0.4166666666666667,0.0,0.0,0.2142857142857144,0.1951219512195123,0.0,0.004285639623003,-0.25962484,0.024922289,0.22102939,0.04280771,0.0001843059127092
0.6153846153846153,0.0,0.6315789473684211,1.0,1.0,1.0,0.4642857142857144,0.0,0.1914893617021278,0.4166666666666667,1.0,1.0,0.666666666666667,0.6585365853658539,0.347826086956522,0.0174387205797808,-0.28443208,0.00869602,0.26275635,0.034239937,0.093829262513055
0.6153846153846153,0.0,0.6315789473684211,0.4545454545454546,0.3749999999999999,0.6511627906976741,0.4642857142857144,0.2,0.3829787234042554,0.2222222222222222,0.645161290322581,0.6315789473684218,0.2142857142857144,0.4146341463414635,0.0,0.0244072402919809,-0.27335745,0.014175087,0.24557193,0.0364001,0.0366066648528624
1.0,0.0,0.6315789473684211,0.1666666666666668,1.0,0.3023255813953488,0.7142857142857147,0.2,0.0,0.2222222222222222,0.0,0.2631578947368424,0.4285714285714286,0.4146341463414635,0.0,0.0235361753279559,-0.2836804,0.026699401,0.2583512,0.031196442,0.0276546633784151
1.0,0.0,0.6315789473684211,0.1666666666666668,1.0,0.3023255813953488,0.7142857142857147,0.2,0.0,0.2222222222222222,0.0,0.2631578947368424,0.4285714285714286,0.4146341463414635,0.0,0.026149370220031,-0.28371593,0.0266895,0.25839564,0.031192303,0.0186148971836301
0.6153846153846153,0.0,0.6315789473684211,0.1666666666666668,0.1071428571428572,0.3023255813953488,0.4642857142857144,0.2,0.0,0.2222222222222222,0.3225806451612903,0.0,0.2142857142857144,0.4146341463414635,0.347826086956522,0.0305046950401561,-0.2773875,0.033305116,0.23338701,0.037003342,0.0171228969378889
0.6153846153846153,0.0,0.6315789473684211,0.1666666666666668,0.1071428571428572,0.6511627906976741,0.4642857142857144,0.0,0.3829787234042554,0.0,0.645161290322581,0.2631578947368424,0.0,0.4146341463414635,0.0,0.0200519154718558,-0.2720901,0.01842168,0.2405153,0.03743009,0.0064156010566872
0.6153846153846153,0.0,1.0,0.4545454545454546,1.0,0.6511627906976741,0.4642857142857144,0.2,0.3829787234042554,0.0,0.645161290322581,0.6315789473684218,0.666666666666667,1.0,1.0,0.0008884862633055,-0.32077968,0.018651992,0.3028428,0.027824856,0.0047480713702705
1.0,0.0,0.6315789473684211,0.4545454545454546,0.1071428571428572,0.6511627906976741,0.0,0.2,0.6595744680851061,0.2222222222222222,1.0,1.0,0.2142857142857144,0.4146341463414635,1.0,0.001672444730928,-0.30081648,-0.0029134601,0.2670631,0.04052648,0.0048358360906082
1.0,0.272727272727273,0.6315789473684211,0.4545454545454546,1.0,0.3023255813953488,0.0,0.2,0.3829787234042554,0.2222222222222222,0.3225806451612903,0.2631578947368424,0.4285714285714286,0.4146341463414635,0.0,0.003588787651783,-0.29994833,0.025176868,0.2757358,0.031428143,0.0029927769635162
1.0,0.272727272727273,0.6315789473684211,0.4545454545454546,1.0,0.3023255813953488,0.0,0.2,0.0,0.2222222222222222,0.3225806451612903,0.2631578947368424,0.4285714285714286,0.4146341463414635,0.0,0.0014111252417205,-0.2979277,0.022865035,0.2757327,0.02992595,0.0002720706330469
0.6153846153846153,1.0,0.4736842105263157,0.4545454545454546,0.3749999999999999,0.3023255813953488,0.7142857142857147,0.2,0.3829787234042554,0.4166666666666667,0.3225806451612903,0.2631578947368424,1.0,0.6585365853658539,0.347826086956522,0.2770160798592359,-0.30052498,0.021545872,0.27763215,0.031076763,1.0
0.6153846153846153,0.636363636363637,0.3157894736842105,0.1666666666666668,0.3749999999999999,0.0,0.2499999999999999,0.0,0.1914893617021278,0.4166666666666667,0.3225806451612903,0.2631578947368424,0.2142857142857144,0.1951219512195123,0.0,1.0,-0.32403526,0.017334305,0.25488612,0.03766132,0.5787293423789506
1.0,0.636363636363637,0.6315789473684211,0.1666666666666668,0.3749999999999999,0.6511627906976741,0.7142857142857147,0.0,0.0,0.527777777777778,0.645161290322581,0.6315789473684218,1.0,0.4146341463414635,0.347826086956522,0.2587237156147105,-0.2778348,0.024325624,0.25258064,0.031888615,0.5611763983114068
0.3846153846153847,1.0,0.4736842105263157,0.090909090909091,0.2499999999999998,0.0,0.0,0.2,0.3829787234042554,0.4166666666666667,0.3225806451612903,0.2631578947368424,0.2142857142857144,0.1951219512195123,0.0,0.2177836623055347,-0.30334106,0.0027615502,0.27432832,0.032207817,0.2149445765791067
0.6153846153846153,0.272727272727273,0.3157894736842105,0.4090909090909091,0.1071428571428572,0.3023255813953488,0.4642857142857144,0.2,0.0,0.2222222222222222,0.0,0.2631578947368424,0.2142857142857144,0.4146341463414635,1.0,0.1010609571261824,-0.30060902,0.024996415,0.23976575,0.04273273,0.0630238456745157
0.6153846153846153,0.272727272727273,0.3157894736842105,0.1212121212121213,0.1071428571428572,0.3023255813953488,0.4642857142857144,0.2,0.0,0.2222222222222222,0.0,0.2631578947368424,0.4285714285714286,0.4146341463414635,1.0,0.0653472936011567,-0.2973579,0.016562328,0.24553399,0.042405427,0.0467873724120378
0.2,0.272727272727273,0.1578947368421052,0.090909090909091,0.1071428571428572,0.3023255813953488,0.0,0.3866666666666667,1.0,0.4166666666666667,0.645161290322581,0.0,0.0,0.0,0.0,0.0766711381334819,-0.28523037,0.0058807135,0.24284913,0.037587263,0.039239606462994
0.6153846153846153,1.0,0.6315789473684211,0.2272727272727271,0.1071428571428572,0.3023255813953488,0.0,0.2,0.3829787234042554,0.2222222222222222,0.645161290322581,0.2631578947368424,0.0,0.1951219512195123,0.347826086956522,0.0313757600041811,-0.31544954,-0.0037326738,0.29103214,0.035708632,0.0453831368866343
0.2923076923076922,0.272727272727273,0.1578947368421052,0.1060606060606061,0.1071428571428572,0.6511627906976741,0.7142857142857147,0.2,0.3829787234042554,0.2222222222222222,0.645161290322581,0.2631578947368424,0.2142857142857144,0.6585365853658539,0.347826086956522,0.0400864096444312,-0.27784318,0.020228088,0.23514192,0.039913606,0.0334471349207045
0.6153846153846153,0.0,0.4736842105263157,0.5303030303030305,0.3749999999999999,0.3023255813953488,0.0,0.3866666666666667,0.3829787234042554,0.4166666666666667,0.3225806451612903,0.2631578947368424,0.0,0.6585365853658539,0.347826086956522,0.0064633020330656,-0.29212657,0.02622684,0.24926299,0.037136246,0.0072054835397267
0.6153846153846153,0.636363636363637,0.6315789473684211,0.1666666666666668,0.3749999999999999,0.6511627906976741,0.7142857142857147,0.2,0.3829787234042554,0.2222222222222222,0.645161290322581,0.6315789473684218,0.666666666666667,0.6585365853658539,0.0,0.0095991359035556,-0.29351413,0.008191377,0.2752197,0.032013904,0.0080831307431038
0.2,0.272727272727273,0.3157894736842105,0.0,0.0,0.3023255813953488,0.4642857142857144,0.5200000000000001,1.0,0.2222222222222222,0.3225806451612903,0.2631578947368424,0.2142857142857144,0.1951219512195123,1.0,0.000139370394244,-0.3013338,0.01641348,0.2469704,0.051550772,0.0001228706084728
0.2,0.272727272727273,0.3157894736842105,0.0,0.0,0.3023255813953488,0.4642857142857144,0.3866666666666667,1.0,0.2222222222222222,0.3225806451612903,0.2631578947368424,0.2142857142857144,0.1951219512195123,1.0,0.0,-0.297926,0.017689645,0.24184823,0.052129738,0.0
1.0,0.636363636363637,0.3157894736842105,0.7272727272727273,1.0,0.6511627906976741,0.7142857142857147,0.2,0.0,0.2222222222222222,0.645161290322581,0.6315789473684218,0.4285714285714286,0.4146341463414635,0.0,0.0522813191407815,-0.2925116,0.025582656,0.268619,0.030193299,0.0927760858690023
0.2,0.636363636363637,0.1578947368421052,0.0,0.0,0.3023255813953488,0.4642857142857144,0.0,0.0,0.4166666666666667,0.3225806451612903,0.2631578947368424,0.666666666666667,0.6585365853658539,0.0,0.337990627340987,-0.27023032,0.0288966,0.22928628,0.03509212,0.0610930218270859
1.0,0.636363636363637,0.6315789473684211,0.7272727272727273,1.0,0.6511627906976741,0.2499999999999999,0.2,0.0,0.2222222222222222,0.0,0.2631578947368424,0.2142857142857144,0.1951219512195123,0.0,0.0348600198602811,-0.29550883,0.019743145,0.27330154,0.03261026,0.0525798439543272
0.6153846153846153,0.636363636363637,0.3157894736842105,0.090909090909091,0.0,0.3023255813953488,0.0,0.3866666666666667,0.3829787234042554,0.4166666666666667,0.3225806451612903,0.2631578947368424,0.2142857142857144,0.6585365853658539,1.0,0.0183097855438058,-0.31683248,0.009087905,0.27359346,0.04283744,0.0196680738276827
0.0,0.0,0.6315789473684211,0.090909090909091,0.3749999999999999,0.6511627906976741,0.4642857142857144,0.3866666666666667,0.1914893617021278,0.4166666666666667,0.645161290322581,0.2631578947368424,1.0,1.0,0.0,0.0095991359035556,-0.29161444,0.013463065,0.26761648,0.032387346,0.0066788952177003
0.2,0.5000000000000006,0.1157894736842106,0.0,0.0,0.0,0.0,0.64,0.3829787234042554,0.6527777777777778,0.0,0.0,0.4285714285714286,0.1951219512195123,0.173913043478261,0.0113412658316057,-0.2775707,0.015888765,0.23809893,0.039762173,0.0043092477685819
0.2,0.0,0.0,0.0,0.1071428571428572,0.3023255813953488,0.4642857142857144,0.2,0.0,0.2222222222222222,0.3225806451612903,0.2631578947368424,0.4285714285714286,0.4146341463414635,0.0,0.0505391892127314,-0.2688333,0.032707073,0.20977925,0.03551199,0.0036071300058802
0.3846153846153847,0.272727272727273,0.4736842105263157,0.0,0.0,0.0,0.0,0.0,0.1914893617021278,0.4166666666666667,0.0,0.0,0.0,0.1951219512195123,0.0,0.0113412658316057,-0.25620136,0.031912826,0.21109574,0.043384127,0.00053536479406
0.3846153846153847,0.272727272727273,0.4736842105263157,0.0,0.0,0.0,0.4642857142857144,0.0,0.0,0.0,0.3225806451612903,0.0,0.2142857142857144,0.6585365853658539,0.0,0.0036758941481855,-0.26714504,0.036760114,0.22657068,0.03362239,0.0001843059127092
0.3846153846153847,0.0,0.6315789473684211,0.0,0.0,0.3023255813953488,0.0,0.2,0.0,0.6527777777777778,0.3225806451612903,0.2631578947368424,0.666666666666667,0.4146341463414635,0.0,0.0008884862633055,-0.27192152,0.024946794,0.23523928,0.036265157,0.0001843059127092
0.2,0.0,0.3157894736842105,0.0,0.0,0.0,0.0,0.3866666666666667,0.0,0.0,0.0,0.0,0.2142857142857144,0.1951219512195123,0.0,0.002891935680563,-0.28168038,0.026148334,0.23412628,0.03669309,8.776472033771834e-06
0.2,0.454545454545455,0.3894736842105264,0.0,0.1071428571428572,0.0,0.7142857142857147,0.2,0.3829787234042554,0.3194444444444446,0.0,0.0,0.3095238095238095,0.2926829268292683,0.173913043478261,0.0379087472343687,-0.261409,0.03539256,0.21915808,0.03876782,0.0034316005652047
0.3846153846153847,0.454545454545455,0.3894736842105264,0.0,0.3749999999999999,0.0,0.7142857142857147,0.2,0.3829787234042554,0.4166666666666667,0.0,0.0,0.4285714285714286,0.4146341463414635,0.173913043478261,0.0231877493423459,-0.2731338,0.031386383,0.23615508,0.037530463,0.0067666599380381
0.2,0.454545454545455,0.3894736842105264,0.090909090909091,0.3749999999999999,0.0,0.7142857142857147,0.3866666666666667,0.3829787234042554,0.4166666666666667,0.0,0.0,0.666666666666667,0.4146341463414635,0.173913043478261,0.0249298792703959,-0.28020948,0.02893041,0.24350423,0.03230928,0.0071177188193889
0.2,0.454545454545455,0.3894736842105264,0.0,0.1071428571428572,0.0,0.7142857142857147,0.3866666666666667,0.3829787234042554,0.4166666666666667,0.0,0.0,0.4285714285714286,0.2926829268292683,0.173913043478261,0.028762565112106,-0.2681409,0.031438813,0.2270322,0.03894628,0.0087852485058056
0.2,0.454545454545455,0.3894736842105264,0.0,0.1071428571428572,0.0,0.7142857142857147,0.3866666666666667,0.3829787234042554,0.2222222222222222,0.0,0.0,0.4285714285714286,0.4146341463414635,0.173913043478261,0.0618630337450567,-0.27549356,0.030766174,0.23779969,0.037222683,0.01054054291256
0.0,0.0,0.6315789473684211,0.0,0.0,0.0,0.0,0.0,0.0,0.0,0.645161290322581,0.6315789473684218,0.666666666666667,0.4146341463414635,0.173913043478261,0.0183097855438058,-0.26824015,0.01611092,0.2389954,0.03494108,0.0026417180821653
0.2,0.0,0.1578947368421052,0.0,0.0,0.0,0.4642857142857144,0.64,0.1914893617021278,0.6527777777777778,0.0,0.0,0.666666666666667,0.4146341463414635,0.173913043478261,0.4024494346788383,-0.28268716,0.015337676,0.23346901,0.04677889,0.1111189124195855
0.3846153846153847,0.272727272727273,0.1578947368421052,0.0,0.0,0.3023255813953488,0.0,0.0,0.3829787234042554,0.0,0.645161290322581,0.2631578947368424,0.0,0.1951219512195123,0.0,0.077542203097507,-0.27654597,0.022194117,0.2266344,0.0369021,0.0131734845226915
0.6153846153846153,0.272727272727273,0.3157894736842105,0.4545454545454546,0.3749999999999999,0.3023255813953488,0.0,0.2,0.3829787234042554,0.2222222222222222,0.645161290322581,0.2631578947368424,0.4285714285714286,0.4146341463414635,0.0,0.0191808505078308,-0.2812784,0.022980638,0.24963258,0.035495207,0.0149287789294459
0.2,0.272727272727273,0.3157894736842105,0.0,0.0,0.3023255813953488,1.0,0.64,0.3829787234042554,1.0,0.3225806451612903,0.0,1.0,0.6585365853658539,0.173913043478261,0.0069859410114806,-0.2885941,0.0085683465,0.24359293,0.04232963,0.0101894840312091
0.2,0.0,0.1578947368421052,0.0,0.1071428571428572,0.6511627906976741,0.4642857142857144,0.3866666666666667,0.3829787234042554,0.4166666666666667,0.645161290322581,0.6315789473684218,1.0,0.6585365853658539,0.0,0.0054180240762356,-0.29128322,0.0052362755,0.2546416,0.03943027,0.0030805416838539
0.2,0.0,0.4736842105263157,0.1666666666666668,0.3749999999999999,1.0,0.4642857142857144,0.0,0.3829787234042554,0.0,0.645161290322581,0.6315789473684218,0.4285714285714286,0.6585365853658539,0.347826086956522,0.002891935680563,-0.2813844,0.0050661564,0.25167227,0.03899996,0.0007108942347355
0.3846153846153847,0.0,0.3157894736842105,0.0,0.1071428571428572,0.6511627906976741,0.0,0.3866666666666667,0.0,0.4166666666666667,0.3225806451612903,0.0,0.2142857142857144,0.6585365853658539,0.0,0.0021079772129405,-0.2908995,0.013918906,0.25653276,0.039550595,0.0012374825567618
0.2,0.0,0.0,0.0,0.0,0.0,0.0,0.2,0.0,0.6527777777777778,0.0,0.0,0.666666666666667,0.4146341463414635,0.0,0.003763000644588,-0.2847641,0.023278177,0.22029069,0.040373392,0.0010619531160863
0.6153846153846153,0.0,0.6315789473684211,0.4545454545454546,0.3749999999999999,0.3023255813953488,0.4642857142857144,0.2,0.1914893617021278,0.4166666666666667,0.645161290322581,0.6315789473684218,0.666666666666667,0.6585365853658539,0.347826086956522,0.0217940453999059,-0.2695334,0.028410837,0.23684876,0.034684453,0.0835607902335419
0.3846153846153847,0.0,0.4736842105263157,0.1666666666666668,0.3749999999999999,1.0,0.4642857142857144,0.3866666666666667,0.3829787234042554,0.4166666666666667,0.645161290322581,0.6315789473684218,0.666666666666667,0.6585365853658539,1.0,0.0130833957596557,-0.29147154,0.008347943,0.24908717,0.04075242,0.0202824268700467
1.0,0.0,0.6315789473684211,1.0,0.3749999999999999,0.3023255813953488,0.4642857142857144,0.0,0.0,0.0,0.0,0.0,0.2142857142857144,0.4146341463414635,0.0,0.0200519154718558,-0.28552386,0.0295382,0.24655043,0.038914282,0.0108916017939108
0.3846153846153847,0.0,0.4736842105263157,0.090909090909091,0.1071428571428572,0.3023255813953488,0.0,0.3866666666666667,0.3829787234042554,0.4166666666666667,0.3225806451612903,0.2631578947368424,0.2142857142857144,0.4146341463414635,0.0,0.0183097855438058,-0.26171485,0.024478026,0.22782677,0.036676966,0.0056257185736477
0.6153846153846153,0.0,0.6315789473684211,0.1666666666666668,0.1071428571428572,0.3023255813953488,0.4642857142857144,0.2,0.6595744680851061,0.2222222222222222,0.645161290322581,0.6315789473684218,0.666666666666667,0.6585365853658539,0.347826086956522,0.004111426630198,-0.28501073,0.016216949,0.24564567,0.038396858,0.0044847772092574
0.3846153846153847,0.0,0.4736842105263157,0.0,0.0,0.0,0.0,0.2,0.3829787234042554,0.2222222222222222,0.0,0.2631578947368424,0.0,0.4146341463414635,0.0,0.0226651103639309,-0.24858794,0.03296358,0.21184392,0.037470065,0.0038704241668933
0.2,0.0,0.6315789473684211,0.1666666666666668,0.3749999999999999,0.6511627906976741,0.4642857142857144,0.0933333333333334,0.0,0.0,1.0,1.0,0.2142857142857144,1.0,0.0,0.0062019825438581,-0.29119024,-0.004224509,0.27572265,0.035855018,0.0028172475228407
0.3846153846153847,0.0,0.4736842105263157,0.0,0.0,0.3023255813953488,0.0,0.0,0.0,0.2222222222222222,0.3225806451612903,0.2631578947368424,0.0,0.4146341463414635,0.0,0.0069859410114806,-0.26447034,0.023076996,0.22468928,0.039477296,0.0007986589550732
