size_D,duration_D,app,har,dba,source,nlan,telonuse,t02,t03,t05,t07,t08,t13,Generated_Var_1,Generated_Var_2,Generated_Var_4,effort_D
-0.26692563,0.32321307,0.6583009,0.6714078,1.2904767,1.2524729,0.3245795,-0.39156613,1.0573272,0.5462142,0.9050941,0.16929863,0.8580094,1.0204055,0.8135889,0.6019259,1.3915727,-0.27231863
-0.13223018,0.1220932,0.45478877,0.38995862,0.63909847,0.83773506,0.22699039,-0.08497073,0.58595824,0.21405317,0.49422595,0.232557,0.51679426,0.5524024,0.48709393,0.3297243,0.63082707,-0.059991077
-0.11952792,0.13502392,0.38499716,0.3784843,0.6600923,0.7921095,0.294721,-0.011415929,0.5627862,0.21541208,0.5138514,0.2035793,0.49067736,0.5500321,0.43231094,0.36041117,0.6361506,-0.06792484
-0.14159417,0.14371045,0.6830101,0.6161618,0.83266306,1.1849496,0.27863216,0.1996088,0.6991259,0.11494875,0.52479845,0.26501566,0.6077752,0.6265211,0.53344774,0.20730457,0.64654267,-0.06408356
0.06805168,0.32142553,0.78287876,0.6630584,0.67034894,0.8443674,0.34708694,0.28352448,0.53481835,0.28117228,0.41393095,0.32916555,0.48612505,0.48590842,0.25527593,0.15638472,0.36235762,0.098602265
-0.02321851,0.071349934,0.29475343,0.39160067,0.56260943,0.6873002,0.47242057,0.29850402,0.39389673,0.21157493,0.5266237,0.29754567,0.38068652,0.4590791,0.20244434,0.3120998,0.3740088,0.0057596266
-0.12665455,0.13486284,0.5823289,0.5118426,0.7334234,1.014718,0.23663768,0.023870522,0.6330468,0.17643794,0.49151817,0.24959363,0.5587674,0.5937416,0.54136556,0.22766058,0.6208003,-0.072135314
-0.0011388869,0.08070168,0.34509766,0.4622025,0.60542846,0.78313255,0.49481153,0.4340272,0.37441313,0.16549405,0.5311484,0.31442422,0.38283944,0.45198005,0.18729705,0.27192867,0.34896564,0.014788393
-0.11285566,0.10631179,0.50695443,0.47014797,0.69901615,0.9634063,0.32372072,0.16267762,0.58564085,0.115237996,0.4969914,0.25547683,0.5093826,0.53678524,0.4695873,0.28059104,0.55204684,-0.029265799
-0.13595404,0.16979581,0.7116717,0.5682924,0.7665451,1.1409013,0.23433647,0.020387776,0.7086818,0.2058101,0.5101647,0.2985824,0.60851157,0.6446077,0.6014186,0.2151679,0.6460902,-0.061094884
-0.0676734,0.20054948,0.75030994,0.6328584,0.7507169,1.1418872,0.3390866,0.25229862,0.66845894,0.15603137,0.48955148,0.3365768,0.5852487,0.59546477,0.49224263,0.17933607,0.50104207,0.013100389
-0.22755997,0.26353595,0.9183712,0.8945075,1.31506,1.6444927,0.3544456,0.1361792,1.0508665,0.20896211,0.76168436,0.19354875,0.85034055,0.9337892,0.8202001,0.27507752,1.1166267,-0.19719921
-0.09247839,0.080080494,0.61449647,0.49210584,0.6568093,1.0400323,0.29230493,0.22194946,0.5806938,0.09921789,0.48115295,0.33291194,0.5442812,0.51834667,0.5005554,0.23583066,0.456527,0.008980844
-0.105882436,0.086055614,0.578285,0.50373894,0.67629206,1.0397239,0.28246418,0.24890448,0.57077247,0.073080055,0.4771638,0.3002064,0.53025484,0.5139851,0.46360472,0.2095069,0.47174615,-0.010037374
1.1099924,2.094607,3.1508234,2.481441,2.4730732,1.5745542,1.4460175,0.8557547,1.4192873,1.7432153,0.87261736,0.98946834,1.6207753,1.3732826,-0.103016146,0.6941554,1.234778,0.6886743
-0.11879258,0.15559253,0.08109866,0.21756552,0.6951121,0.34596825,0.39845645,-0.38153338,0.508831,0.5999097,0.6830801,0.14006288,0.45168406,0.66506916,0.2773762,0.6585334,0.825003,-0.12705538
-0.14826934,0.14123043,0.4613371,0.43453437,0.7055535,0.8930385,0.22947243,-0.063074574,0.6127132,0.22007434,0.5234277,0.19962966,0.5290082,0.5950797,0.48026937,0.31608802,0.69534606,-0.09160955
-0.049409896,0.09564146,0.35670543,0.44528478,0.60740304,0.7951466,0.4223958,0.29239795,0.44293803,0.19758366,0.5186445,0.27927756,0.4128986,0.47486594,0.25873485,0.27303582,0.40729538,0.002408594
0.11214431,0.11736032,0.27896455,0.5604951,0.7558403,0.75816035,0.88708615,0.70176995,0.34596497,0.377689,0.7443871,0.44161752,0.43970108,0.5552949,0.002841875,0.4461226,0.43657565,0.03043307
-0.16081968,0.15880646,0.36270994,0.36816627,0.71339226,0.7389654,0.2275876,-0.22832261,0.6139137,0.33664554,0.5686406,0.17413524,0.53228325,0.6229718,0.46951988,0.41406256,0.79792774,-0.12383734
-0.1339243,0.1944735,0.13758878,0.26473576,0.81278026,0.43092173,0.39975673,-0.5059375,0.5956096,0.6888852,0.7575417,0.15141836,0.5184586,0.77578133,0.36487857,0.7145411,0.9776563,-0.15591528
-0.22069971,0.2763307,1.1160493,0.8801187,1.0996435,1.5717397,0.11602962,-0.11980209,1.0286216,0.38043702,0.63044095,0.34551215,0.9060417,0.9247445,0.82247007,0.10196445,1.0274289,-0.22764573
-0.0019525071,0.17993945,0.6082761,0.5847593,0.7200878,0.9644456,0.44105893,0.39261225,0.5279262,0.1513878,0.49532953,0.3213423,0.5009127,0.51428753,0.2961863,0.22071,0.41764778,0.041747104
-0.11266802,0.12624805,0.6207485,0.5454107,0.70845973,1.0682757,0.30843538,0.2321202,0.63768506,0.10309699,0.49747753,0.30748552,0.5514707,0.57001233,0.5143341,0.23408416,0.508874,0.0058435053
-0.103854686,0.14440075,0.3133466,0.33445382,0.68318707,0.6368214,0.30384845,-0.23596665,0.5507134,0.39896482,0.56925553,0.1849463,0.46540302,0.61310375,0.416849,0.433182,0.7480608,-0.112707056
-0.13455908,0.16469146,0.69686246,0.6001152,0.7334623,1.1365799,0.27591047,0.1870111,0.65700656,0.16731372,0.48188785,0.28562087,0.58497584,0.6033504,0.5011367,0.15791033,0.5658012,-0.038241077
-0.15003796,0.15620846,0.41446152,0.41320568,0.73470193,0.8178617,0.23335244,-0.19226375,0.6261837,0.3099355,0.55267787,0.18255123,0.5483469,0.62401146,0.5021444,0.37681156,0.7832387,-0.11879878
0.10398787,0.20535882,0.43943897,0.6168021,0.7895622,0.8223301,0.78546727,0.6735771,0.4028852,0.32822996,0.67649716,0.4096698,0.48007244,0.55631363,0.03527481,0.39565867,0.43979052,0.055752773
0.18444741,0.53940004,0.89210093,0.8865928,1.0234894,0.83950067,0.6220293,0.53119385,0.5952703,0.44779027,0.5617819,0.32536146,0.6182293,0.562159,-0.023629695,0.2655148,0.5192855,0.14541554
0.19162731,0.18007982,0.2877329,0.66896576,0.87405074,0.7015326,1.1538237,0.76882267,0.36370057,0.56207335,0.8896385,0.5450585,0.50300777,0.65577304,-0.1203506,0.58403325,0.5134388,0.06755252
0.26812664,0.15902108,0.082969874,0.7513596,1.1330492,0.5986906,1.7052296,0.98816776,0.44743213,0.98398167,1.2525028,0.725605,0.6230532,0.9776569,-0.31190118,1.0303389,0.81516707,0.05143966
-0.14730857,0.14877442,0.499546,0.45196235,0.75559163,0.9316158,0.25618738,-0.06093135,0.65345144,0.21448474,0.53337765,0.21532524,0.5592317,0.62656325,0.52639157,0.33503574,0.71966517,-0.09138021
-0.09730364,0.11491817,0.5100504,0.5167789,0.70950603,0.986735,0.31447226,0.26269633,0.55304915,0.09356145,0.49658924,0.26649538,0.48437548,0.5238277,0.39226237,0.2148927,0.5050446,-0.028289832
-0.09140787,0.10469411,0.59934425,0.5314825,0.66979104,1.0473545,0.36845088,0.3213488,0.5970858,0.118665114,0.5048225,0.32925728,0.5236384,0.5448843,0.46808758,0.22983696,0.45730647,0.0292246
-0.19998561,0.2611911,0.73564756,0.6216011,1.0423474,1.1517051,0.18645349,-0.3722141,0.89497006,0.5066317,0.68628615,0.26268572,0.79092234,0.9019386,0.7520046,0.39340955,1.0924432,-0.20703857
0.096414216,0.19903669,0.39847532,0.55376554,0.7181827,0.7375883,0.7385818,0.5511811,0.36988908,0.34130007,0.6641603,0.40160504,0.4415154,0.5172239,0.036014557,0.36497337,0.37136552,0.05870011
0.11044241,0.1436685,0.3188437,0.4964441,0.59757185,0.6143231,0.7045007,0.48349956,0.3146823,0.35491538,0.6060581,0.40922958,0.39256424,0.47920835,0.024415292,0.36320645,0.32042372,0.061577912
-0.15016864,0.18421301,0.86670375,0.6699678,0.79854727,1.2431612,0.15793511,0.06934498,0.7475997,0.2217729,0.4849562,0.31844977,0.6750313,0.6521373,0.59544873,0.123776294,0.6639798,-0.08168548
-0.12363544,0.13196778,0.38247755,0.45566547,0.7224556,0.85999703,0.28883934,0.038004316,0.56020063,0.21027249,0.5360818,0.17858854,0.50719076,0.55321157,0.4196562,0.29702055,0.67568743,-0.09617278
0.04265809,0.15891083,0.30540362,0.43870074,0.59820247,0.57170093,0.5193526,0.30564597,0.36884654,0.30291796,0.51378983,0.31335625,0.35751927,0.45640615,0.070265934,0.29275143,0.3458453,0.0220395
-0.055977724,0.120555006,0.4799801,0.5442598,0.7544668,1.0050104,0.4647031,0.4091364,0.52305514,0.10298438,0.5441882,0.2987095,0.48499638,0.53580207,0.34583813,0.2590317,0.45921913,0.0054292157
-0.18238802,0.20673431,0.9117751,0.75253487,0.96430737,1.3968954,0.21597576,0.08500071,0.8567564,0.23576759,0.5686249,0.2734021,0.7351264,0.7557392,0.7004843,0.15106317,0.81299955,-0.13268204
-0.051590554,0.21808788,0.7190045,0.63016045,0.7054456,1.0213424,0.31914726,0.23639774,0.5984953,0.20990553,0.46815675,0.34094808,0.5369342,0.5630758,0.38338706,0.15387428,0.42667973,0.03389636
-0.06687028,0.09736203,0.55733,0.50482094,0.67138135,1.0133886,0.36781293,0.3214543,0.54866713,0.09204767,0.50221527,0.32070163,0.50970227,0.5050912,0.4079594,0.24409562,0.43829352,0.015999746
0.059383843,0.14512198,-0.06574947,0.43056875,0.8343279,0.29233146,1.1455395,0.3565818,0.40812394,0.8363753,0.9888545,0.4479372,0.4867832,0.8187911,-0.21063265,0.8711645,0.7052296,-0.056211434
-0.10332236,0.10929378,0.28806925,0.33435392,0.5878952,0.6772435,0.35661706,0.0543101,0.5002958,0.24747661,0.5314788,0.1955669,0.42719793,0.5225857,0.3387635,0.38315302,0.5496719,-0.038283102
0.07280065,0.33464482,0.75413656,0.7139601,0.8401005,1.0191877,0.52027166,0.42288443,0.6115798,0.23976539,0.5024065,0.33708903,0.53408927,0.5756024,0.28794026,0.24875024,0.47344872,0.07487512
-0.06801381,0.118355334,0.5813159,0.522064,0.6634396,0.98724914,0.3485973,0.29872963,0.5507854,0.11924902,0.4899584,0.33445567,0.49721026,0.5085048,0.40462792,0.22205642,0.41212344,0.036210958
-0.06976887,0.15472575,0.69729733,0.5802024,0.69780576,1.091052,0.33651707,0.29043093,0.62111825,0.12919307,0.47843835,0.35114613,0.5643517,0.553426,0.46707278,0.20260811,0.4485539,0.025818612
-0.20132639,0.25501803,0.5191488,0.4913162,1.022106,0.90879655,0.27757406,-0.48247752,0.8474048,0.5887859,0.7569868,0.20819275,0.71737665,0.8843792,0.68593717,0.58484477,1.1670202,-0.18667735
0.0031321184,0.082257845,0.3058434,0.41051227,0.55389893,0.67094445,0.48827362,0.34142804,0.36021188,0.21142516,0.51082855,0.31401974,0.36718142,0.44319215,0.15841235,0.27907538,0.34317082,0.020094614
-0.12766546,0.15324795,0.672459,0.6082395,0.80992085,1.1822792,0.33070695,0.23961468,0.6880464,0.11285053,0.51647955,0.2878453,0.59852546,0.61288697,0.5387456,0.21863483,0.5954372,-0.03528935
-0.038034808,0.21771057,0.7182667,0.58681303,0.6961601,0.9592906,0.2936644,0.23629284,0.5714169,0.22074336,0.44923174,0.30774355,0.5197911,0.522353,0.3406848,0.12088343,0.4235519,0.018568475
-0.111841455,0.09832955,0.49182957,0.4519512,0.67096424,0.9428234,0.3048215,0.15583038,0.5675256,0.13270167,0.5011299,0.25933224,0.50884867,0.5290783,0.46845135,0.27639782,0.5318175,-0.0178979
-0.03508519,0.06874107,0.3994346,0.43398017,0.59367573,0.81831324,0.41417247,0.3055286,0.44346637,0.14188485,0.5061638,0.31249452,0.4111336,0.46524635,0.27858442,0.23925282,0.38103214,0.015214492
-0.22665419,0.24432135,0.9229394,0.78941196,1.098831,1.46206,0.18094084,-0.08914335,0.96466494,0.30438423,0.67379224,0.23766471,0.82240736,0.8583578,0.7940513,0.20355569,1.0570012,-0.23131937
-0.095101394,0.0852468,0.62170017,0.5109541,0.66878676,1.0588415,0.29980385,0.24844289,0.5934231,0.09216468,0.4879334,0.3348772,0.54806644,0.52421695,0.50633097,0.23674329,0.45615092,0.01626921
0.046560332,0.11344343,0.33976412,0.4884845,0.6069121,0.7215296,0.600307,0.4859345,0.36116487,0.24148428,0.5686318,0.35435095,0.38142794,0.46416003,0.10399472,0.29671812,0.3375123,0.04355887
0.02682048,0.06598356,0.30226487,0.4439839,0.5742077,0.73439705,0.563986,0.4574803,0.35129723,0.21401443,0.555931,0.3385761,0.39047164,0.4499274,0.17141934,0.31239855,0.33874124,0.022910926
-0.15688436,0.23334278,-0.15750785,0.18638285,0.9722639,0.13368288,0.73551154,-0.4830044,0.58314884,0.9787731,1.0151199,0.13090383,0.5348078,0.938648,0.14261098,1.1073678,1.1560205,-0.17372951
-0.07606748,0.08861085,0.54112756,0.47577482,0.6332183,0.99166656,0.33342996,0.26609382,0.5665518,0.13111612,0.50158966,0.31132454,0.49733424,0.52598214,0.4664814,0.21096492,0.46377662,-0.005478576
-0.040458344,0.10638466,0.43713182,0.5275364,0.71802825,0.98658097,0.4787689,0.46009633,0.48605782,0.108114414,0.561427,0.29928607,0.47246253,0.5217804,0.31373358,0.25381726,0.4222289,0.014375266
-0.08356223,0.24487673,0.78690076,0.7393082,0.9791399,1.3022575,0.42652795,0.33594227,0.7748203,0.18400903,0.5792011,0.30181062,0.63782316,0.6742097,0.5424333,0.2403976,0.6289108,-0.020637041
-0.08698027,0.20162643,0.74852383,0.64594,0.76098055,1.1467826,0.29597908,0.22903377,0.7027332,0.1859989,0.5063116,0.2960263,0.56963503,0.62893695,0.5125218,0.14135294,0.5657078,-0.025621213
-0.16906145,0.22635762,0.5513052,0.59144765,0.99331826,1.1185714,0.37818423,0.0023267847,0.7925499,0.2565676,0.6465132,0.17892215,0.6363314,0.7456815,0.6291973,0.42770433,0.8984365,-0.12763678
-0.07384001,0.1148512,0.20903246,0.27325708,0.5636302,0.507661,0.34582007,-0.117687136,0.44633815,0.35719395,0.5378659,0.18018621,0.3986445,0.5167518,0.28049174,0.43629473,0.59032696,-0.07460914
-0.16320765,0.16022095,0.7760459,0.618528,0.7604501,1.1594146,0.15055633,0.047263294,0.70372653,0.19222213,0.4760465,0.29121923,0.64799213,0.6299042,0.56733835,0.14746657,0.6755171,-0.09087157
0.02170211,0.07322831,-0.069925226,0.3468625,0.70164645,0.29288954,0.928046,0.38478258,0.33817494,0.6318008,0.8234416,0.33306718,0.38422072,0.6373295,-0.1330888,0.7449725,0.61603284,-0.056789998
0.2168443,0.23197988,0.31919613,0.6880388,0.9106614,0.6397882,1.1843133,0.7728037,0.3509902,0.609359,0.8914426,0.55264366,0.5166946,0.6806944,-0.18406166,0.61321914,0.5469027,0.07566202
-0.15112843,0.1358655,0.6334963,0.5167464,0.70382786,1.0079366,0.15378562,-0.024483562,0.6456928,0.20853327,0.4809583,0.25493437,0.57552046,0.5897797,0.5237942,0.20002577,0.6549373,-0.094779596
-0.15170446,0.15631929,0.72416437,0.5629089,0.7364479,1.0875531,0.15033029,-0.033850674,0.69056255,0.22321749,0.4834225,0.2879312,0.62188596,0.6229519,0.5747523,0.18490656,0.67321396,-0.094355255
-0.21877103,0.25578094,0.58641756,0.5427645,1.0235869,1.0135772,0.220737,-0.4349051,0.8909592,0.5167328,0.7315606,0.21037674,0.74381924,0.8919965,0.71312654,0.5165036,1.1724734,-0.18978763
0.06698253,0.21687809,0.51760507,0.55664164,0.6105144,0.7353864,0.4659323,0.37983748,0.41021773,0.24151851,0.47823802,0.35619137,0.42222762,0.4392283,0.16101477,0.23219217,0.3228159,0.08315006
0.032216176,0.4174984,1.1106421,0.83090276,0.8769603,1.1885525,0.25593972,0.17959243,0.7541433,0.40982348,0.45808977,0.3710331,0.6859038,0.6469849,0.42653447,0.06644164,0.5356355,0.039583933
-0.03008272,0.07324926,0.11026233,0.33454335,0.62211823,0.49086112,0.61259055,0.28518665,0.35112864,0.35121697,0.6339594,0.2595174,0.3448444,0.51272595,0.055764534,0.48263818,0.4818521,-0.050619084
-0.12529728,0.16675211,0.7874595,0.6387704,0.8437239,1.2558732,0.26937836,0.12512566,0.76558083,0.1646901,0.519119,0.31743157,0.64895225,0.66388583,0.62862384,0.19512078,0.6489454,-0.05330218
-0.08271638,0.108434394,0.13456282,0.25872627,0.5664729,0.4543751,0.38674125,-0.049421463,0.41336313,0.35394108,0.56147695,0.16317676,0.375144,0.50986344,0.22886601,0.4739079,0.5811395,-0.08023138
-0.075069785,0.12904114,0.6612631,0.5567389,0.729083,1.1140472,0.36680913,0.30451056,0.6171326,0.09533382,0.49858692,0.33281282,0.5661612,0.54774004,0.46639407,0.23355778,0.4778078,0.0063598044
-0.078572065,0.12915862,0.66927683,0.56129974,0.6693743,1.0542346,0.31419036,0.29157358,0.6011293,0.11872445,0.47587162,0.35418743,0.53986144,0.5401739,0.47157148,0.20173685,0.43645325,0.031804424
-0.04144674,0.08935614,0.23098053,0.30441514,0.5485069,0.5436841,0.4076005,0.058032434,0.41686144,0.3034004,0.52726,0.21693388,0.38134414,0.47755724,0.22030373,0.39171982,0.4879223,-0.04717564
0.17955416,0.20944935,0.20821936,0.7212299,1.0056204,0.65014315,1.3106658,0.7423793,0.38304442,0.68250805,0.982618,0.59180117,0.5412407,0.76226765,-0.18142371,0.69358605,0.6122593,0.045418065
-0.12045364,0.10435844,0.20191927,0.33276427,0.6541099,0.6161587,0.40473887,0.049323358,0.48179302,0.2683452,0.57717746,0.15495677,0.4164086,0.5216056,0.30745858,0.4560957,0.63292617,-0.08363336
-0.13433954,0.09839858,0.5865048,0.5152823,0.7125603,1.052825,0.27342463,0.19802065,0.60309744,0.08898434,0.4957813,0.26173085,0.540175,0.55406463,0.48875597,0.2078788,0.55529225,-0.038918387
-0.0817271,0.2820392,0.82834864,0.79228157,1.0823781,1.4031346,0.48458326,0.38505808,0.83174676,0.1869309,0.6196115,0.29514897,0.7072406,0.745772,0.5512707,0.28572172,0.7291328,-0.046653073
-0.20331657,0.21980031,0.5607346,0.56143355,0.9684047,1.0888633,0.2541094,-0.17448626,0.8223866,0.32005996,0.6699182,0.15778586,0.67811346,0.77130336,0.6554639,0.40372974,1.010463,-0.18008237
0.36496446,0.6849881,1.0917997,0.9915893,1.0233597,0.8399081,0.7583002,0.5174745,0.6095975,0.58554614,0.5492931,0.46408588,0.6621271,0.61308354,-0.007826249,0.35719824,0.51327974,0.254927
-0.13565443,0.14890188,0.29754797,0.30374786,0.64407504,0.6321691,0.26623884,-0.23060541,0.5634242,0.35729396,0.5575347,0.17498629,0.49240917,0.58459514,0.42074916,0.47256094,0.73625565,-0.09763764
-0.08449743,0.12537712,0.088010445,0.21848215,0.6344226,0.34216815,0.39164293,-0.32784328,0.4625915,0.5479321,0.63247526,0.14222866,0.40992004,0.61277294,0.2511456,0.5891605,0.7406616,-0.122182876
0.014620684,0.31415448,0.8641366,0.687776,0.735859,1.0348352,0.31978825,0.23498115,0.6276303,0.27428567,0.44292015,0.35294327,0.5812874,0.56503093,0.35169694,0.12011872,0.4355769,0.052628588
0.5292166,0.8929216,1.2693121,1.182337,1.1841754,0.806214,0.94204855,0.5785426,0.6341402,0.77659667,0.62695426,0.57841206,0.7365547,0.6854904,-0.10063049,0.4551617,0.59153646,0.33169654
-0.064347066,0.20734423,0.7597617,0.6045347,0.6761512,1.0184208,0.24585915,0.18953393,0.6069751,0.19517252,0.4355646,0.3198846,0.5610428,0.5392409,0.43365422,0.14174192,0.45264885,0.021516431
-0.07361266,0.09369743,0.5714034,0.5340885,0.6953988,1.0575793,0.35961422,0.32276723,0.57003343,0.091591224,0.5124014,0.31602207,0.53073853,0.5384722,0.4742957,0.24258628,0.45467967,0.026784662
-0.11265242,0.1411952,0.2629627,0.3030168,0.63797665,0.5705363,0.2892481,-0.24683905,0.52562463,0.3963306,0.5573753,0.16869119,0.45912957,0.5821726,0.3988844,0.4669521,0.7116221,-0.102139086
-0.12061277,0.1128159,0.6425314,0.5348416,0.7409837,1.103229,0.2845816,0.17376252,0.65232575,0.11250243,0.49498266,0.30357283,0.5678588,0.5740123,0.5434561,0.23427708,0.54839,-0.023881337
0.17943963,0.33037826,0.55617726,0.6857674,0.8164832,0.7339444,0.7108835,0.6130251,0.44008327,0.3899032,0.57814866,0.3934282,0.50151443,0.52027166,0.028640904,0.38708353,0.38992044,0.118778795
-0.1398043,0.1524606,0.4184263,0.40099907,0.68736625,0.7908298,0.23921332,-0.17237192,0.5908886,0.30954748,0.53516823,0.18898445,0.51527977,0.60560346,0.4807104,0.34577596,0.7428227,-0.112531334
-0.13652678,0.1636446,0.79490054,0.59519905,0.71327883,1.135669,0.17034157,0.051069032,0.6847122,0.19874065,0.45782566,0.32970205,0.63194007,0.6100802,0.5734137,0.147165,0.5972773,-0.05750871
0.14531562,0.39738274,0.8035573,0.70992804,0.7194735,0.75945926,0.42894578,0.3618431,0.50233793,0.33506662,0.41627192,0.32849428,0.49247336,0.46806467,0.1229315,0.2002874,0.3600058,0.13938253
-0.121316664,0.12844336,0.38010857,0.3502167,0.6197278,0.73935723,0.2559005,-0.11635402,0.55129546,0.25430256,0.49935374,0.20776461,0.49038458,0.5410635,0.44847286,0.3751673,0.6365533,-0.06453442
-0.1155591,0.08669493,0.44297925,0.45538974,0.7048811,0.93111634,0.33083,0.2150421,0.55174464,0.10107076,0.50971377,0.24170002,0.4814977,0.52491915,0.42490432,0.2725672,0.53999126,-0.02528153
-0.15160362,0.20020606,0.40648416,0.41823846,0.7637841,0.78892136,0.3136114,-0.225888,0.6551883,0.44027793,0.616684,0.2133757,0.5592049,0.72062033,0.5087059,0.47624046,0.8337384,-0.098128706
0.015563728,0.14218916,0.41073212,0.49748224,0.72065955,0.84278643,0.58128214,0.42492554,0.4342863,0.2589118,0.58506304,0.32959706,0.4462464,0.49269307,0.16352986,0.31014645,0.41147614,0.00062148273
-0.1352268,0.12649558,0.39894727,0.37166834,0.62901276,0.7889838,0.22676677,-0.093506664,0.5672043,0.23000623,0.49998513,0.2031304,0.49866092,0.54884607,0.44997987,0.33101052,0.6423706,-0.07504592
-0.13029571,0.10272869,0.52796626,0.44212943,0.64317006,0.95325124,0.23322137,0.063112654,0.5808023,0.13759263,0.4809754,0.26147214,0.5219708,0.53664875,0.47950315,0.25638694,0.54788285,-0.03665209
0.25562215,0.54364693,0.8960326,0.8065269,0.8582002,0.7012621,0.5906236,0.39049456,0.51612926,0.5120483,0.49135154,0.40400252,0.5399886,0.52442014,0.0007779272,0.26765567,0.42975163,0.17986582
-0.09265792,0.09725304,0.63140917,0.51896673,0.67699945,1.068289,0.31035584,0.25942072,0.5944606,0.09659009,0.4852529,0.3297969,0.54639584,0.5281803,0.4887218,0.22737792,0.46333855,0.009881031
-0.06691286,0.08585797,0.15390038,0.2700671,0.55603105,0.49938712,0.41180214,0.05471406,0.3862617,0.30212027,0.5452681,0.21021692,0.34941143,0.48287892,0.17791246,0.40155727,0.48965356,-0.06125836
-0.1260279,0.12526226,0.6332526,0.5239654,0.7011878,1.0724647,0.27127284,0.14445487,0.6443894,0.12937129,0.4957793,0.3013672,0.56435174,0.5813596,0.5328187,0.22419745,0.5390983,-0.014177106
-0.094597235,0.120252974,0.46432865,0.55456054,0.803763,1.0283952,0.44905767,0.36928403,0.51983416,0.14257233,0.5822224,0.26800856,0.48280078,0.56465304,0.31289628,0.22467023,0.5797069,-0.072161846
-0.10920411,0.18568765,0.6422808,0.5570429,0.7516433,1.0540216,0.2824369,0.07809674,0.67178303,0.23096403,0.5094148,0.27989274,0.53532267,0.6081154,0.5307702,0.21711724,0.60273343,-0.0437386
0.001881496,0.10852917,0.34485662,0.49492842,0.6769913,0.8488889,0.59524786,0.53360295,0.4074054,0.18357411,0.6124967,0.3245995,0.40951073,0.50589687,0.16000074,0.29739705,0.402077,0.001523111
-0.18255502,0.28923383,0.79732704,0.7521831,1.1441705,1.3982742,0.4011677,0.07605778,0.92288697,0.2708782,0.6883722,0.23892155,0.76004684,0.85852253,0.72381216,0.3790843,0.96367854,-0.15477683
-0.111357965,0.111821055,0.63218164,0.4985727,0.6556524,1.0126567,0.22928461,0.10194802,0.6035376,0.1586583,0.47151032,0.31514335,0.55125564,0.5469029,0.5112048,0.21600552,0.50986904,-0.017244067
-0.2318826,0.24800457,0.87430644,0.746606,1.1309896,1.401952,0.17997658,-0.18476449,0.98941785,0.34037977,0.69744474,0.24057387,0.83070886,0.9035217,0.80883366,0.29092425,1.1163465,-0.23244774
-0.10433057,0.090985976,0.5595679,0.49101466,0.68708533,1.0184883,0.27828124,0.20550318,0.5745969,0.09200224,0.49086407,0.2812342,0.5320541,0.53081375,0.4721414,0.23096134,0.5079776,-0.011515368
-0.12780303,0.12611943,0.43101716,0.41777605,0.6902675,0.84582174,0.24346799,-0.04724967,0.58579785,0.20908032,0.5092706,0.20488608,0.5146595,0.5674541,0.47748882,0.31573868,0.6492869,-0.07838252
0.047804154,0.062094357,0.19757286,0.39914352,0.54970753,0.5842427,0.6263666,0.42241,0.30773067,0.29039764,0.5781503,0.33862045,0.3541624,0.44513577,0.068404235,0.370718,0.3450593,0.006446015
0.17837656,0.12328628,0.13759431,0.6169062,0.8855121,0.5982872,1.2639797,0.78353614,0.37093323,0.6940312,0.98988324,0.5660895,0.503777,0.74005824,-0.18444128,0.74436873,0.6227027,0.03191592
0.2103249,0.17224558,0.22327909,0.66513675,0.8822156,0.61197317,1.2344192,0.7368888,0.36728978,0.660477,0.9251227,0.5853838,0.50202715,0.7118473,-0.15144892,0.6656674,0.5502677,0.05667219
-0.0650246,0.16815019,0.64093876,0.60490125,0.8349412,1.1476227,0.44786534,0.34330747,0.6429777,0.11722513,0.54573935,0.31225705,0.57328767,0.59030366,0.44354326,0.26574886,0.5523055,-0.013624135
-0.03590681,0.059954315,0.23303263,0.34514946,0.5575455,0.6302079,0.46627915,0.25406155,0.387473,0.23630224,0.53481704,0.2537498,0.38241494,0.45584738,0.21720822,0.37487406,0.42932987,-0.018535435
0.44905856,0.7341871,1.0197277,1.0603774,1.1095932,0.76119936,0.9820194,0.67945254,0.57164824,0.6722922,0.6497414,0.53429306,0.6663286,0.64331895,-0.13358742,0.50695354,0.5705061,0.26944816
-0.16174589,0.21757284,0.41164526,0.40552807,0.78342396,0.7823535,0.2950828,-0.23047514,0.59795797,0.4432627,0.6189587,0.23407222,0.54412967,0.707479,0.40803784,0.3597648,0.77332425,-0.122120336
-0.0173571,0.27235824,0.8122982,0.6501569,0.6867889,0.9842037,0.27217633,0.19801216,0.6103234,0.24600624,0.42522153,0.33077055,0.5508574,0.5446398,0.3976871,0.13341473,0.4379983,0.04614525
-0.115605325,0.1304503,0.63363683,0.574438,0.768384,1.1262522,0.32550403,0.2661409,0.6592877,0.10672052,0.5079402,0.29999718,0.5564813,0.579885,0.5234481,0.22393215,0.5333075,-0.0056420304
-0.14615972,0.16352476,0.6463734,0.5544402,0.73095894,1.0605401,0.1986528,-0.00047434308,0.651348,0.24597405,0.48979068,0.2538965,0.58791035,0.6205748,0.49397174,0.1627446,0.64776856,-0.088909626
-0.12643799,0.26026607,0.58041346,0.79704964,1.2946907,1.3485545,0.8295988,0.6014042,0.7434375,0.29835433,0.87423384,0.3260079,0.66272557,0.8182442,0.32619962,0.4858982,0.8299741,-0.09009674
-0.11860209,0.16848949,0.5838214,0.5323599,0.79056144,1.0633122,0.33711806,0.138424,0.6686981,0.14740917,0.51001143,0.2635988,0.55481744,0.6141687,0.5250656,0.29098216,0.62660664,-0.04402821
0.25362805,0.7493599,1.4338664,1.1256422,1.1665145,1.133405,0.54146266,0.41136974,0.8339778,0.6775125,0.5223223,0.41639188,0.8032816,0.7267118,0.16944335,0.17953606,0.6126999,0.17095013
-0.07236535,0.0549631,0.33688286,0.3554926,0.56927437,0.718451,0.36672544,0.16873792,0.45991102,0.19610801,0.51513284,0.26831993,0.4279856,0.47289032,0.32435462,0.33167237,0.44623294,-0.021432752
-0.023620972,0.29512155,0.871235,0.75489146,0.8706695,1.1765469,0.2985116,0.33369106,0.6902177,0.26512894,0.5277359,0.29348677,0.66054934,0.6161632,0.35283342,0.092643976,0.5543863,-0.018678881
0.4169565,0.8888953,1.5731369,1.2338053,1.2523053,1.176063,0.6612755,0.42565498,0.8726013,0.75946385,0.5544317,0.5269823,0.8598688,0.7824088,0.17583525,0.2627341,0.6484606,0.25260735
0.057502795,0.421022,1.0130892,0.779544,0.81995845,1.0148195,0.27574384,0.19281273,0.669569,0.40546942,0.4266434,0.3515417,0.620594,0.58440626,0.29954872,0.0583803,0.5119701,0.048541423
-0.09211276,0.10192733,0.63336754,0.5630671,0.72756994,1.1245652,0.3441302,0.2920472,0.62165505,0.09508539,0.51267016,0.32393348,0.56925267,0.5705046,0.52935094,0.2359682,0.498533,0.019926127
-0.17347309,0.17671585,0.42828184,0.4066097,0.77715975,0.81283534,0.21750055,-0.26726556,0.67859876,0.35913694,0.5902816,0.18350315,0.58220625,0.6784205,0.53918797,0.42742497,0.87748826,-0.13421397
-0.15059444,0.18590651,0.589744,0.60044205,0.89413667,1.1449779,0.3473546,0.12076737,0.729067,0.18244122,0.5855122,0.22481388,0.62088144,0.7044033,0.5851261,0.31410378,0.74172324,-0.07351411
-0.094494335,0.08678284,0.6619183,0.51701725,0.6551043,1.0772442,0.2752369,0.2278071,0.59265226,0.111911505,0.48071697,0.35027754,0.56627804,0.5234828,0.5146841,0.21622515,0.4557007,0.01429354
-0.11917414,0.33257565,1.0374528,0.8199167,0.9579126,1.2802141,0.14422226,0.07350546,0.81838965,0.37390524,0.51917106,0.31823164,0.7428656,0.68770355,0.4739969,-0.012279838,0.73130137,-0.12266946
0.040202048,0.10425652,-0.22407264,0.29664516,0.7896448,0.08186166,1.1309818,0.2091848,0.38859785,0.9214533,0.9976242,0.35322192,0.4347471,0.8178909,-0.23389399,1.0086441,0.7890785,-0.082644075
-0.11750488,0.12381827,0.332072,0.33206928,0.601439,0.67337406,0.28221795,-0.094997585,0.5275314,0.2870844,0.51852745,0.19004768,0.45139122,0.54659873,0.39613998,0.3946349,0.6208102,-0.061892625
0.022194114,0.10710113,0.2407294,0.47786075,0.70146435,0.69212186,0.743683,0.53803754,0.3434613,0.31834978,0.67543566,0.35500857,0.3936305,0.5188223,0.028913774,0.39836764,0.44338152,0.0028776824
-0.061528154,0.12082039,0.64430904,0.54378825,0.6905893,1.0781852,0.36966503,0.3281667,0.59367424,0.0969707,0.489969,0.34960964,0.54088753,0.5275897,0.44714582,0.22893961,0.4324491,0.024730835
0.16590995,0.17238659,0.27537352,0.61362565,0.76318496,0.6572,1.0039108,0.66802365,0.32588905,0.48821133,0.78633535,0.4958163,0.44565874,0.59601676,-0.06960254,0.5059317,0.45032632,0.053599272
-0.094075695,0.0949813,0.59862876,0.513707,0.692795,1.04943,0.3130964,0.2643994,0.5926256,0.087910235,0.49978936,0.320211,0.54245365,0.53856915,0.49917346,0.24247803,0.46253058,0.016783264
0.20175906,0.25647265,0.41793543,0.6620033,0.79718554,0.6625273,0.9667214,0.6729929,0.35649616,0.4850902,0.7496409,0.4888927,0.4757852,0.5864477,-0.082553074,0.47202587,0.4475194,0.0994619
0.008961875,0.112632826,0.10860676,0.4985873,0.872481,0.65889835,0.95944405,0.5973689,0.41626388,0.47933555,0.8308527,0.3599681,0.44953603,0.63663065,0.004354614,0.60321146,0.6049026,-0.031205952
-0.15175185,0.17641331,0.6199573,0.5057133,0.7582092,0.9787146,0.18337381,-0.19471405,0.69624466,0.30799776,0.5302838,0.2547155,0.60865736,0.6673777,0.60245013,0.28357857,0.7653102,-0.1119369
0.25306213,0.3430299,0.4793073,0.74101585,0.8659502,0.63021326,1.0508739,0.6686531,0.36410147,0.5689297,0.77773494,0.54024285,0.524816,0.6110376,-0.12960632,0.54215586,0.4705737,0.13970815
0.16269279,0.5039313,0.96766555,0.82005334,0.84331244,0.8487973,0.45091477,0.3741022,0.58468586,0.44806427,0.4394061,0.343366,0.5878402,0.5335218,0.11237333,0.18662418,0.44620526,0.14798446
-0.16076191,0.17014867,0.33551946,0.4324472,0.8139809,0.8117584,0.36086187,-0.010530807,0.60263795,0.3022166,0.623771,0.16212784,0.5257199,0.63469476,0.4095424,0.4531197,0.7768112,-0.1255658
-0.12196967,0.13902187,0.6665101,0.5610776,0.75008947,1.113074,0.2709483,0.13235718,0.6654157,0.12298789,0.4865814,0.30422354,0.5950429,0.609981,0.547032,0.20876788,0.57735413,-0.036181495
-0.078046076,0.13791505,0.713572,0.5789015,0.69535714,1.1244977,0.32452297,0.2877175,0.6372665,0.1268609,0.48481017,0.35477257,0.5751313,0.5540739,0.4954414,0.1950948,0.450119,0.023586016
-0.14123976,0.14127952,0.6439016,0.5238432,0.6926364,1.0310771,0.18794909,0.0045491243,0.6431107,0.19787014,0.47402123,0.27279693,0.57634455,0.5867388,0.5169398,0.18741871,0.6173389,-0.06618309
0.15642452,0.14319587,0.18958233,0.5380797,0.70410085,0.52394545,0.95202994,0.54956174,0.3232963,0.5355113,0.7475565,0.48029175,0.41422582,0.5816774,-0.07667793,0.5372368,0.44520083,0.034329716
0.13338006,0.49121848,1.0234852,0.81655806,0.82738996,0.89910495,0.36103392,0.27720362,0.6200572,0.44590956,0.41433334,0.3461756,0.60479033,0.54412514,0.19697767,0.120525084,0.45715725,0.12460737
-0.08040291,0.06920742,0.32146522,0.35102516,0.56642026,0.7117704,0.34820846,0.12407726,0.46466118,0.18653588,0.51030463,0.23476142,0.4302836,0.4696515,0.348362,0.33842218,0.47902435,-0.023458797
0.20938392,0.17907508,0.25005096,0.6775038,0.9156752,0.6880027,1.2090335,0.8079323,0.3728151,0.63351095,0.89386594,0.5715928,0.5144854,0.703935,-0.12756,0.64749295,0.5735312,0.034281146
-0.1171295,0.11614919,0.32861003,0.35741597,0.64635694,0.72026825,0.29901516,-0.04303068,0.5288179,0.2399525,0.519283,0.176127,0.45421964,0.53570527,0.41044515,0.37560493,0.6458353,-0.07830258
-0.09529856,0.24959387,0.9156618,0.6966285,0.8075572,1.2139047,0.22979541,0.12570941,0.7381502,0.29976648,0.4885142,0.33731,0.6409378,0.6468883,0.5322289,0.07536568,0.57364374,-0.037265755
-0.06419398,0.14063327,0.6529149,0.56994766,0.7319203,1.1021861,0.39575544,0.3421498,0.6092968,0.10125099,0.5026719,0.34013855,0.55449784,0.5460434,0.44017625,0.24016784,0.4586459,0.01853611
-0.123880066,0.14789297,0.30616406,0.34549993,0.69251096,0.6731671,0.28818738,-0.20486325,0.5678746,0.34454703,0.55835783,0.16335121,0.4944358,0.59028727,0.45449135,0.44272792,0.74497366,-0.10624356
0.042798866,0.08311017,0.26351577,0.42243886,0.55935,0.6257856,0.59334826,0.41522637,0.3258653,0.26391158,0.55805814,0.34587878,0.35573435,0.44895288,0.086046614,0.32346547,0.3191898,0.030756932
-0.13747314,0.13248597,0.58805203,0.49094117,0.6895469,1.0063285,0.22790484,0.033953257,0.63016784,0.15958218,0.488068,0.26931554,0.5562041,0.5829163,0.53380907,0.24802113,0.59577405,-0.048972186
0.047502857,0.11857068,0.36983368,0.5347417,0.6728797,0.8644,0.6630944,0.6074786,0.39350152,0.23422098,0.6252526,0.36366364,0.43388468,0.5212935,0.16644283,0.32911086,0.37024453,0.028366793
0.07537724,0.10706934,0.28358933,0.5107082,0.7056879,0.716295,0.8045534,0.59598714,0.35680482,0.36952454,0.7007821,0.39782083,0.4069482,0.53679353,0.022456476,0.41777897,0.42123702,0.022793982
-0.07610898,0.0715003,0.46521738,0.45308977,0.6372271,0.90646875,0.3661932,0.28704584,0.51197433,0.12267773,0.49387828,0.29949087,0.4597907,0.4955928,0.3807517,0.25810957,0.42869964,0.0105031915
-0.11211672,0.11712837,0.6027278,0.55580693,0.75520366,1.1029983,0.36698294,0.30624974,0.6297502,0.10128881,0.5252626,0.29547858,0.5400809,0.5735104,0.49905434,0.24601081,0.53211945,-0.00054130703
-0.10342537,0.119628936,0.5563817,0.54917526,0.77370834,1.071635,0.35839903,0.30240294,0.59370786,0.07874164,0.52118814,0.28249758,0.52945524,0.5575946,0.45082557,0.23105712,0.5119511,-0.015090559
-0.059378646,0.098742776,0.5131651,0.5218234,0.66548204,0.9754883,0.40145558,0.36682567,0.5254295,0.111395635,0.51573056,0.3053233,0.4763552,0.5084451,0.3861909,0.23068903,0.41904795,0.030839581
-0.124632806,0.10613931,0.60224557,0.5333975,0.7434103,1.0799425,0.31006002,0.2033747,0.6327408,0.10397974,0.5043873,0.27947122,0.56016093,0.5765616,0.5231816,0.23231128,0.5597412,-0.028287033
0.32013094,0.74217993,1.3727556,1.0826732,1.0822071,1.0752038,0.5425198,0.34122366,0.79534996,0.65106237,0.49029845,0.45494658,0.7486152,0.7128985,0.2087101,0.20551653,0.5626183,0.19612606
0.033931617,0.39206585,0.87392783,0.8506757,1.0504006,1.1989504,0.5394389,0.47971225,0.7332041,0.27977097,0.5880696,0.3017053,0.64123785,0.66686183,0.32606396,0.25828016,0.5903907,0.048279185
-0.03824065,0.18731062,0.7599907,0.5977337,0.6688202,1.0284376,0.27943492,0.22601588,0.59639573,0.17223753,0.4475449,0.35736975,0.55992126,0.5309778,0.43353096,0.15149903,0.40530157,0.04589283
-0.1209943,0.18840602,-0.01759477,0.19034722,0.81345314,0.22509016,0.5311285,-0.52334994,0.55011654,0.8123177,0.8265482,0.14482838,0.5005683,0.8116525,0.23175174,0.8604712,0.98707116,-0.15154023
-0.11853579,0.13693002,0.6506189,0.5742608,0.78368163,1.1354179,0.30392534,0.19751562,0.6813948,0.11128127,0.50522184,0.29399663,0.57808894,0.6010236,0.54562956,0.22999772,0.57465446,-0.02357201
-0.1740417,0.17036527,0.5887835,0.5149049,0.7658728,0.99588406,0.1799899,-0.10903522,0.68790567,0.2555271,0.53510076,0.21619388,0.5952105,0.65321064,0.5599394,0.26378676,0.77722144,-0.12621592
-0.18606135,0.2105715,0.893252,0.72239256,0.8766226,1.3106844,0.14767846,-0.008830076,0.8200376,0.2810225,0.52222985,0.31177807,0.74614674,0.7404665,0.6544811,0.11528882,0.7837048,-0.14163193
-0.066051066,0.17891817,0.7452179,0.60920954,0.7359598,1.1176878,0.33306125,0.26862323,0.6353131,0.14724404,0.47114664,0.33984315,0.59237117,0.561687,0.4553066,0.17836832,0.46942297,0.011895243
-0.16752085,0.21036305,0.5023335,0.55314547,0.9420369,1.051853,0.3727539,-0.0041052364,0.75635684,0.27284208,0.64582306,0.17440191,0.6109403,0.7254244,0.5924343,0.43023372,0.86319935,-0.11466791
-0.047356527,0.087463684,0.20239905,0.30102623,0.55628186,0.53714013,0.41870946,0.0699431,0.39641055,0.30216193,0.5342188,0.23295034,0.37662154,0.49224144,0.20435004,0.40452713,0.4871901,-0.03857398
-0.15692797,0.184554,0.75375175,0.6397879,0.89471143,1.2418339,0.2523805,0.07209052,0.77835387,0.18497376,0.5617886,0.25688457,0.6779033,0.7011249,0.62373054,0.22923063,0.77641445,-0.11791837
-0.15181376,0.12542926,0.6531459,0.59370464,0.7841961,1.1571077,0.27066833,0.21109189,0.66420704,0.10737664,0.5121166,0.25866932,0.58862466,0.59975004,0.5315735,0.18197003,0.6064412,-0.057524927
0.20361893,0.4420237,0.7176094,0.7719216,0.88641405,0.7838168,0.7071729,0.55471873,0.4944703,0.37760425,0.566293,0.38063607,0.5210117,0.5263656,-0.0065377867,0.32598066,0.44833273,0.14322485
-0.04505443,0.1261539,-0.19281702,0.20406005,0.72869307,0.06504187,0.8125993,-0.072711855,0.39262906,0.7890727,0.85248816,0.21616825,0.38299507,0.7183927,-0.092947975,0.87144667,0.77898425,-0.11749248
-0.15981083,0.23383668,0.03992704,0.23237307,0.95259184,0.3361478,0.5313643,-0.61343867,0.66800064,0.88099843,0.91091686,0.1265674,0.59542,0.9151438,0.3574339,0.96016115,1.169352,-0.16660328
-0.08506711,0.12394943,0.5941099,0.5307955,0.6633345,0.98248625,0.29017705,0.25665244,0.54937625,0.10796536,0.46437657,0.29693788,0.50101167,0.50255793,0.40620387,0.19233376,0.45173556,0.011131417
0.060598988,0.1406567,0.34853756,0.5632568,0.7018937,0.8272021,0.7404438,0.6211126,0.39401805,0.3032742,0.64939594,0.3889307,0.4429443,0.5653479,0.12973222,0.36737162,0.38952512,0.028100792
-0.1698896,0.17289567,0.79113483,0.6807435,0.90920544,1.2887839,0.2068322,0.06682656,0.7900062,0.1846957,0.5580337,0.24608982,0.68623376,0.7042641,0.64386165,0.17079458,0.79343396,-0.12874016
-0.19298208,0.26091367,0.7595105,0.7117315,1.1256726,1.3614737,0.35555205,0.030248653,0.92408454,0.24188566,0.6954059,0.20670393,0.75274014,0.85234797,0.73046136,0.37976032,0.99869627,-0.16350348
0.06811071,0.28311476,0.63791907,0.5967514,0.6619624,0.77055526,0.42427582,0.31160828,0.46093255,0.26964903,0.46916363,0.348749,0.44453132,0.47575912,0.1573016,0.1781337,0.34552217,0.08943717
0.20676987,0.22162868,0.34849873,0.6948151,0.8931953,0.7845856,1.119448,0.8587973,0.3934767,0.5316566,0.8614577,0.53040045,0.53064907,0.6569682,-0.06554323,0.59351254,0.51494277,0.060778756
-0.1216783,0.12125897,0.41251743,0.36408168,0.6181401,0.76268923,0.23945026,-0.10313451,0.55172306,0.2454212,0.49140435,0.21639894,0.48849392,0.53978205,0.46260053,0.34444666,0.62062216,-0.06156685
-0.07910215,0.07988373,0.59033144,0.50143605,0.6442223,1.0163337,0.3162054,0.27215055,0.5581295,0.10067229,0.49145046,0.3334778,0.5175829,0.50019926,0.45886275,0.2221822,0.42985255,0.025127348
-0.12321862,0.098273255,0.5963341,0.49867755,0.69465214,1.0478961,0.25999352,0.16793253,0.6063644,0.10226351,0.48728818,0.28456166,0.5514644,0.5495556,0.5040487,0.22578093,0.53396386,-0.022684565
-0.1658119,0.181594,0.770453,0.67993504,0.8713545,1.2405158,0.17872772,0.066750616,0.74425757,0.18374987,0.5418675,0.25118724,0.682143,0.6618225,0.57522327,0.14116085,0.7732117,-0.13584429
-0.20333157,0.21060662,0.85626996,0.6671046,0.88980776,1.2414479,0.12216906,-0.16508758,0.82340837,0.33098894,0.56841534,0.28038839,0.74004525,0.758237,0.6945962,0.17598322,0.90023434,-0.18934476
-0.12368733,0.14558893,0.23465034,0.33945924,0.70473987,0.6169842,0.35598725,-0.129605,0.536134,0.3449102,0.58814573,0.13873832,0.4469971,0.58084416,0.38219428,0.48440218,0.7341777,-0.11426143
0.102609135,0.108798645,0.062797576,0.4425875,0.66811466,0.38439244,0.9297389,0.42947695,0.31362623,0.5747861,0.7650698,0.42586094,0.39727807,0.5960374,-0.13101445,0.6285979,0.4884483,0.007128004
-0.12059868,0.14489925,0.31276134,0.3357488,0.6469688,0.64470184,0.3019607,-0.163011,0.5430857,0.35168147,0.5616546,0.16931139,0.44550967,0.5950656,0.41198406,0.43314534,0.6925237,-0.08511804
-0.103461586,0.08699683,0.52654815,0.436325,0.6189671,0.9311367,0.2667197,0.1035098,0.5581687,0.14767563,0.4814787,0.29082397,0.5149193,0.5074617,0.4785237,0.274374,0.495606,-0.010930419
-0.11589126,0.14731033,-0.0009901151,0.20470457,0.677825,0.28173113,0.4714173,-0.25019512,0.45999604,0.59115034,0.70007,0.12251025,0.41067946,0.6306547,0.1882006,0.7010644,0.78685445,-0.12347269
-0.15319273,0.14561555,0.4032005,0.37034786,0.6790352,0.7789427,0.2384306,-0.14600556,0.6158963,0.28299195,0.54210556,0.1892868,0.5184795,0.60936254,0.47170806,0.39152992,0.7325828,-0.08489845
-0.1571493,0.18915088,0.73803043,0.6350112,0.7926095,1.1281698,0.19932455,-0.0012722239,0.7215092,0.25480032,0.50559235,0.2776828,0.6404914,0.6903407,0.550947,0.16716857,0.69031245,-0.083109334
-0.15772784,0.18313064,0.70357215,0.60252005,0.7977165,1.1480188,0.21935959,0.008524086,0.72519356,0.22747616,0.5101346,0.27708793,0.64761364,0.6900382,0.60054946,0.20400316,0.70789254,-0.08847514
-0.15395851,0.23186794,0.17869599,0.34906447,0.9590424,0.5593674,0.45469302,-0.45987225,0.69344527,0.6677033,0.8179209,0.11165618,0.5880382,0.81309676,0.47537884,0.7610481,1.0957729,-0.19259395
-0.16227497,0.34821907,1.1616701,0.9921227,1.2661952,1.743892,0.33669037,0.22900352,1.0796553,0.2983176,0.70476973,0.28572297,0.90309805,0.9202474,0.76718974,0.15854338,0.9758563,-0.14935392
-0.14087081,0.16643248,0.31683674,0.34140182,0.69171757,0.6597984,0.29122198,-0.22311474,0.58693975,0.3935222,0.58806014,0.17004462,0.5064598,0.64327013,0.4323437,0.48977572,0.76939887,-0.092882484
-0.08062672,0.09266261,0.5072713,0.45903867,0.6248679,0.9170302,0.3238782,0.20842229,0.5259595,0.15200868,0.4867845,0.29947978,0.46434128,0.50273484,0.37250513,0.19368683,0.43913427,-0.002021145
-0.01768298,0.113431744,0.16689803,0.3498776,0.64028966,0.5257741,0.5878391,0.20714106,0.37401184,0.40407884,0.63387686,0.29834467,0.3820789,0.53577715,0.09053237,0.43846995,0.46856335,-0.04903356
0.15219328,0.48666257,1.0493513,0.82367927,0.8328151,0.9498248,0.38463628,0.29264832,0.6416591,0.44531685,0.43212485,0.36346135,0.6072017,0.56812716,0.24125805,0.14178938,0.44588235,0.12908211
-0.03881978,0.050223768,0.19412439,0.305596,0.54722375,0.5538225,0.4595697,0.19772199,0.39486784,0.29817116,0.54994386,0.25700635,0.37767786,0.47241238,0.19094345,0.40963858,0.44211832,-0.04261612
-0.09527369,0.10156836,0.37497786,0.38517612,0.61641026,0.7708254,0.31314057,0.09227565,0.49532318,0.2228312,0.50511974,0.2501667,0.4364491,0.5204545,0.3369718,0.2768001,0.51503193,-0.048570868
-0.1763016,0.25693235,1.0072845,0.80132675,0.9824073,1.44313,0.16773796,-0.01976771,0.9123124,0.32902443,0.55718684,0.34148872,0.8222184,0.82464784,0.7283008,0.12631436,0.84384567,-0.14656854
-0.109357856,0.14121853,0.6015152,0.5257645,0.74001724,1.0660819,0.31969604,0.18307929,0.6235323,0.11387681,0.49885073,0.28531218,0.5576476,0.5792688,0.50167876,0.24539731,0.55729336,-0.033558257
-0.026080113,0.075543776,0.4151523,0.44127363,0.6239464,0.84098506,0.44905803,0.33810347,0.45137227,0.14732715,0.5120014,0.31000477,0.44165534,0.47079203,0.2791204,0.28090814,0.39571086,0.006774742
0.039118066,0.08203213,0.23259453,0.4560141,0.64241236,0.6681273,0.71738434,0.5378703,0.32862312,0.31709665,0.6618798,0.35907888,0.39160478,0.49344423,0.031365152,0.41098207,0.413034,0.0046115182
0.041052494,0.18029317,0.43015498,0.54573566,0.64353055,0.7473942,0.5532074,0.45115077,0.41198993,0.24632978,0.531328,0.3363714,0.3974079,0.4938648,0.14718312,0.27849895,0.337317,0.059643764
0.18957873,0.1767946,0.20369054,0.667929,0.9129793,0.6054368,1.2479116,0.7380758,0.3757775,0.6578671,0.94119966,0.5810902,0.50827485,0.7307855,-0.15232123,0.6892856,0.5666862,0.05236822
0.08838236,0.33337677,0.7353939,0.6810938,0.6964946,0.8615593,0.43276548,0.37619808,0.5288288,0.24884386,0.4488028,0.3252672,0.48015893,0.5031312,0.23462142,0.18825832,0.3667427,0.112865925
0.48333833,0.85427,1.2735521,1.1406153,1.1290643,0.79978096,0.8091693,0.55765057,0.64693487,0.7185627,0.53949,0.5124774,0.70593077,0.64579606,-0.071000814,0.40128297,0.5714991,0.3111821
-0.15541635,0.19324017,0.86905265,0.67976326,0.9076672,1.310142,0.20263363,-0.0046330597,0.8324697,0.23510616,0.539239,0.3075871,0.7211771,0.7429424,0.708083,0.19047306,0.7808671,-0.12394303
0.03981962,0.13943154,0.15125842,0.5582307,0.9149759,0.6611861,1.0962679,0.6773373,0.40370882,0.561419,0.938068,0.45020646,0.48891062,0.7208706,-0.118609995,0.62037665,0.6166474,-0.017567214
-0.08666658,0.08058572,0.3004091,0.36573416,0.6010176,0.70770645,0.33931378,0.13088,0.45097598,0.18324491,0.5113974,0.21285594,0.41465706,0.4764526,0.30159724,0.30500686,0.4992262,-0.04751164
0.20398179,0.18081552,0.31084096,0.65787446,0.8160653,0.7284796,1.0870513,0.7629253,0.33862185,0.5347441,0.834992,0.53143275,0.5005638,0.63025784,-0.062125906,0.54978865,0.4935648,0.06356864
-0.063310124,0.11716034,0.40681428,0.54229265,0.8036682,0.9602711,0.5806134,0.4696212,0.5020946,0.18111818,0.62681973,0.28002152,0.47246188,0.5651441,0.26367912,0.34372514,0.519811,-0.01993705
-0.013693817,0.2217848,0.68815553,0.6124674,0.65980655,0.92399347,0.34794685,0.30066165,0.5510243,0.18289569,0.4489253,0.34638366,0.4956019,0.5107027,0.33138585,0.17646687,0.3874855,0.0740297
0.079997376,0.21062765,0.50780463,0.54791856,0.62116516,0.72016525,0.4994092,0.42985675,0.39960766,0.23249991,0.482887,0.34394875,0.4027816,0.4443866,0.12399881,0.23701294,0.30952525,0.085370496
-0.14225204,0.14338247,0.4982602,0.44070864,0.72263557,0.90788364,0.22764389,-0.07946615,0.6328556,0.21351045,0.5138594,0.23177657,0.546586,0.61098945,0.50739986,0.32556188,0.68874985,-0.08605918
-0.07094382,0.07110277,0.5371965,0.48077726,0.6402626,0.98372793,0.33551008,0.26221004,0.5410324,0.10763797,0.49485746,0.32481605,0.49967057,0.5073367,0.43729022,0.21444559,0.43088213,0.0034188516
0.054813396,0.2916756,0.6597233,0.69529337,0.827093,0.976642,0.56139374,0.47631484,0.5741118,0.21547715,0.53391737,0.30832896,0.51058984,0.5632633,0.22294983,0.25883192,0.47858867,0.065694705
0.005603952,0.10526303,0.45316637,0.5180496,0.64164215,0.88016975,0.49125138,0.4462088,0.4418848,0.15013975,0.5260905,0.34453505,0.42899418,0.4793841,0.26766828,0.2410564,0.36137745,0.038884554
0.080978096,0.06971626,-0.076696,0.39282978,0.76251227,0.3126356,1.0660746,0.45459262,0.3616438,0.696421,0.87742794,0.42491958,0.4171635,0.7013841,-0.15018116,0.7906576,0.62875164,-0.048273608
-0.17108957,0.21610503,0.9565625,0.7348465,0.8601758,1.3251481,0.1251246,-0.009167928,0.8228521,0.29019344,0.50666034,0.33865383,0.75721496,0.72619504,0.6523387,0.08323005,0.75344527,-0.13556741
0.51555055,0.9145427,1.4147946,1.2082555,1.1665862,0.88195336,0.7831701,0.52317244,0.69692737,0.760776,0.5251931,0.53779936,0.75972825,0.67689157,-0.01420493,0.3943447,0.57313323,0.3211558
-0.030008024,0.09441019,0.4655341,0.5150642,0.66603076,0.9434478,0.44461825,0.41701367,0.48867437,0.17026418,0.5383277,0.33616897,0.46512115,0.50448555,0.28805825,0.23502462,0.40823683,0.004584864
-0.1919939,0.22120331,0.65262926,0.576701,0.93083876,1.0969684,0.24477458,-0.202875,0.79689485,0.3553307,0.6208895,0.22184296,0.6662648,0.76543427,0.6849382,0.35209692,0.9294309,-0.15283537
0.39713287,0.79528373,1.2746736,1.0953023,1.1122973,0.9043143,0.691278,0.44127342,0.6976112,0.6899467,0.5263451,0.47752404,0.694202,0.657097,0.061485376,0.32218653,0.5587781,0.253695
-0.07261576,0.11065771,0.63837457,0.5398067,0.6658266,1.0456182,0.32325172,0.29451942,0.58114094,0.1008768,0.47894764,0.3397716,0.5306452,0.51908857,0.47565654,0.2167039,0.42096737,0.033069674
0.08376878,0.13113378,0.09518521,0.57314503,0.9215036,0.60055554,1.1818564,0.72590643,0.39062992,0.64403653,0.926386,0.4814827,0.4862104,0.71980613,-0.12134087,0.71424,0.64568126,-0.012485646
-0.12029732,0.11087636,0.5558348,0.44923586,0.6715175,0.9158615,0.21016061,-0.034522492,0.5993687,0.19384576,0.48233604,0.2561078,0.51924837,0.56394804,0.52110296,0.25237858,0.58986163,-0.057572275
0.2319684,0.26480797,0.36536163,0.69008535,0.87470037,0.6235446,1.0805826,0.69743335,0.3424905,0.56935143,0.7943192,0.5284394,0.49021792,0.6136139,-0.14795013,0.55267864,0.49546316,0.08418417
-0.13873763,0.20804244,0.8430762,0.7091351,0.8788106,1.3137468,0.29070657,0.20160353,0.790408,0.19031209,0.5391027,0.29012638,0.6710157,0.68360144,0.60378695,0.16503115,0.6747569,-0.059598163
-0.14760922,0.14568835,0.57253826,0.4721979,0.6906234,0.93935096,0.20097223,-0.07130259,0.6382288,0.21524513,0.48824623,0.25231075,0.5578016,0.605185,0.54399526,0.26796848,0.6544449,-0.07089308
0.12538874,0.10228931,0.24086289,0.5228548,0.6679103,0.6499814,0.86127496,0.61292434,0.31002748,0.41819024,0.71061075,0.44615775,0.41423267,0.53184503,-0.016015515,0.4560598,0.40984124,0.04082598
-0.086178556,0.23369579,0.863297,0.728431,0.8959373,1.3009262,0.33945233,0.2546692,0.7800854,0.20057538,0.5365085,0.32859817,0.65172195,0.66787595,0.5622842,0.15932432,0.5980162,-0.026765298
-0.11339346,0.09328775,0.44930282,0.385526,0.60915285,0.8269198,0.24901386,-0.016837806,0.5485959,0.1924571,0.48264265,0.24916565,0.49087834,0.5238826,0.45785445,0.3063466,0.5557454,-0.043146838
-0.16287346,0.17082296,0.4837638,0.62103474,0.99518424,1.1635678,0.54462236,0.36150536,0.6757285,0.20600164,0.68516004,0.21578512,0.5567418,0.6884058,0.4330145,0.39491117,0.75142896,-0.08947924
-0.070013806,0.097810976,0.52928114,0.51571393,0.709193,1.0240082,0.37296975,0.3262099,0.54768735,0.07616816,0.5037968,0.31022286,0.49539053,0.5211589,0.42474055,0.21799812,0.43866318,0.006189484
-0.11482748,0.10658767,0.6024492,0.49546754,0.6483916,1.0164751,0.24078538,0.11329067,0.5907778,0.14609653,0.47954234,0.2961731,0.545116,0.53785276,0.49514577,0.22586496,0.52459127,-0.021637779
-0.17168655,0.2051396,0.7480707,0.6185601,0.8403964,1.171249,0.17513987,-0.11858551,0.7597991,0.28996503,0.55714506,0.2475175,0.6578904,0.7131157,0.64021575,0.19725437,0.82729226,-0.16128446
-0.13201205,0.149255,0.6580913,0.622584,0.85531455,1.1885478,0.32948703,0.2655465,0.6856394,0.10361311,0.532501,0.27198642,0.6043149,0.61562324,0.5017388,0.22683325,0.6258633,-0.04723066
0.43942696,0.82107764,1.2860684,1.1153839,1.0996052,0.8570595,0.74226284,0.510007,0.6712312,0.68983567,0.50992376,0.48587602,0.7109098,0.64430875,-0.0044513447,0.3654616,0.54364073,0.29845762
-0.1397466,0.15219073,0.15244924,0.27536145,0.71201533,0.48142305,0.32947248,-0.33660892,0.5383449,0.49657732,0.6475321,0.1527811,0.48408258,0.6549538,0.3283152,0.5502257,0.8279843,-0.13668251
-0.035781592,0.07712877,0.45534703,0.46669418,0.6131913,0.88548505,0.41707188,0.3684297,0.4618193,0.13584141,0.5165015,0.33175135,0.4450094,0.47622055,0.31253982,0.2463582,0.37719238,0.027928632
0.02027643,0.3561017,0.90450037,0.71532154,0.7459339,0.96382284,0.2764837,0.2211794,0.625366,0.3325429,0.4177976,0.3147097,0.5757214,0.5448174,0.29373688,0.074279,0.46969885,0.04719657
-0.16348894,0.19712384,0.78371584,0.68423474,0.8814084,1.2887838,0.23038451,0.100662455,0.7764681,0.18650343,0.5502453,0.25950882,0.67576855,0.69609284,0.627483,0.17801026,0.7515901,-0.098207146
0.4462571,0.9636991,1.6243176,1.2757928,1.2844466,1.0710282,0.69411564,0.39211422,0.84203494,0.8344001,0.55526435,0.5610395,0.88132536,0.7849566,0.09681617,0.28502482,0.6702771,0.2941312
-0.12102323,0.14600731,0.3301635,0.34244353,0.66193515,0.68487763,0.28156778,-0.1798152,0.5652387,0.3352558,0.55137366,0.17413099,0.48856604,0.5922875,0.44197932,0.4365871,0.7167512,-0.089906424
0.12193553,0.38658223,0.80912817,0.7261353,0.76148325,0.8671502,0.44505548,0.363516,0.5567851,0.30934912,0.44990018,0.33055997,0.50414515,0.5158294,0.20007902,0.19340995,0.40350327,0.11453712
-0.14821213,0.2503066,0.9228009,0.8041474,1.0418283,1.4633832,0.36096328,0.24200939,0.887788,0.21811818,0.61223495,0.28665465,0.74321955,0.77676386,0.66242397,0.19305511,0.7830185,-0.087440476
-0.13279378,0.17729096,0.6761869,0.55591744,0.71817845,1.0392175,0.20507485,-0.026267853,0.6468815,0.27593595,0.48584715,0.27898708,0.58915454,0.6245354,0.49552035,0.17293732,0.6241465,-0.069155596
-0.16286118,0.16954234,0.69461584,0.6659171,0.8531423,1.1931095,0.24640349,0.18066275,0.6767337,0.16598785,0.53930384,0.24873997,0.6203905,0.6221754,0.4593748,0.09550179,0.6834443,-0.12421985
0.119236246,0.13127562,0.23855492,0.57825905,0.7715456,0.6978158,0.9678167,0.65125424,0.36199868,0.4504856,0.7693619,0.46629724,0.4398238,0.6013535,-0.010639931,0.4997722,0.45122528,0.035297062
0.08732121,0.10526057,0.032516345,0.4777453,0.7918819,0.43190247,1.0585623,0.528187,0.35611266,0.62505364,0.8622153,0.44993752,0.42702693,0.6690234,-0.15032826,0.6997713,0.56166023,-0.010672748
-0.102629155,0.16008212,0.64624655,0.53854024,0.73580575,1.0769233,0.3024451,0.15283203,0.64296585,0.14470473,0.4956206,0.29902962,0.57347834,0.58849585,0.516982,0.2428525,0.55942684,-0.028320294
-0.12918012,0.15356009,0.38359904,0.4066577,0.6831092,0.7985145,0.31099755,-0.033291522,0.58856285,0.24884923,0.54224175,0.19499478,0.50097793,0.5974309,0.4655693,0.38263762,0.6554552,-0.060693145
0.2344933,0.67403483,1.3452603,1.0217016,1.0131862,1.1182681,0.45569032,0.2921344,0.79193467,0.59733135,0.458529,0.4307887,0.75328434,0.699493,0.26543215,0.1421476,0.55413556,0.15588324
-0.092059426,0.1094992,0.55261815,0.5207117,0.7440888,1.0512462,0.38849846,0.29442438,0.5933938,0.08913214,0.52188605,0.2851204,0.53517,0.541312,0.4340112,0.27192676,0.52100945,-0.010800727
-0.022107024,0.09176713,-0.03769269,0.21698576,0.5671206,0.21696702,0.6151916,0.014033884,0.33754894,0.55935645,0.6705546,0.22922127,0.33889562,0.55811214,-0.014526575,0.62180626,0.5477021,-0.074860215
0.022769125,0.093608126,0.31115815,0.47855198,0.601024,0.74994254,0.58500636,0.47832948,0.36796167,0.23147756,0.56917703,0.33702648,0.39109153,0.47063223,0.15759814,0.3165385,0.35315013,0.024889704
0.5036002,0.93976104,1.3492953,1.272211,1.3460945,0.9184742,1.0072211,0.6920505,0.737804,0.78969526,0.68122107,0.5413294,0.80725765,0.75244147,-0.1300422,0.4553795,0.6859372,0.3325823
0.3067272,0.60352004,0.9523108,0.9141962,0.92051184,0.7807151,0.66449654,0.5303017,0.55772835,0.5067598,0.5087922,0.42054546,0.60002166,0.5559035,0.015050813,0.33893567,0.4398997,0.21956119
-0.1298428,0.13216272,0.2989914,0.3033036,0.62881684,0.6203462,0.25641206,-0.220838,0.5421856,0.35657996,0.547419,0.18644956,0.47338516,0.57076174,0.4083532,0.44620615,0.70419866,-0.099222906
0.1577416,0.40103996,0.7592108,0.72345394,0.7439418,0.7633033,0.50913227,0.42937812,0.5038828,0.33200443,0.4530856,0.33676165,0.487176,0.49460292,0.102708735,0.24262176,0.37583852,0.14505193
-0.1364081,0.1465332,0.4777313,0.47320497,0.77690995,0.95680726,0.32598194,0.07607093,0.63152754,0.16013014,0.5506455,0.21627945,0.5484636,0.59951985,0.48070994,0.34596294,0.6870829,-0.08127439
-0.11710374,0.19829848,0.7650871,0.6322328,0.82713175,1.2159473,0.30680284,0.16115218,0.7254476,0.17724463,0.51675177,0.30290014,0.64570373,0.6592428,0.57233256,0.21264401,0.64121985,-0.05698414
-0.07994585,0.0677619,0.5466702,0.46932292,0.6465844,0.9779993,0.31779552,0.24481106,0.5434457,0.09445894,0.49116153,0.30892897,0.5078338,0.5068325,0.4672218,0.24589764,0.436891,0.013827313
-0.077578686,0.11521566,0.5404657,0.5345541,0.67594475,0.99392223,0.3493101,0.34048256,0.51641846,0.12154549,0.5018308,0.28553206,0.49802035,0.5118065,0.35071796,0.18181199,0.43646213,-0.01213631
0.113176,0.5124193,1.0217257,0.9274008,1.0681409,1.223794,0.55690914,0.41063312,0.761988,0.38288814,0.5754821,0.3482634,0.6494068,0.6901049,0.3427263,0.2431983,0.58414644,0.09083949
0.20272537,0.18025568,0.33128163,0.6581768,0.81272054,0.75456893,1.0444922,0.77332795,0.33908683,0.49308914,0.8025437,0.51815844,0.489124,0.6059315,-0.035998207,0.52676976,0.47449628,0.0637615
-0.14068632,0.1677302,0.19872856,0.30710372,0.7259043,0.5488816,0.3199751,-0.32958865,0.566486,0.48950988,0.65226805,0.14786804,0.5068496,0.65127575,0.37793958,0.5324926,0.85149544,-0.13583146
0.050612703,0.15171406,0.4310291,0.49415398,0.59020257,0.701813,0.47363964,0.4215661,0.36922792,0.20738794,0.49079496,0.32725334,0.38781357,0.4288468,0.12658061,0.24129438,0.29578954,0.061606113
-0.20477867,0.19767451,0.81803644,0.698604,0.94992286,1.3142459,0.15618321,-0.07043719,0.8464059,0.2510425,0.5890204,0.24356684,0.73932695,0.7558091,0.687986,0.1754858,0.9388346,-0.19535407
0.091517024,0.08051946,0.18123142,0.449782,0.62033796,0.56807804,0.788754,0.49737254,0.3141753,0.39451838,0.6679545,0.39666262,0.37144363,0.5055537,-0.0017272225,0.43298537,0.37875184,0.020744842
0.0065887556,0.13899153,0.49820125,0.5443272,0.6338922,0.8558631,0.47323552,0.4199597,0.4479604,0.17336744,0.53055215,0.37102854,0.45554435,0.4697421,0.24533099,0.26486796,0.32163465,0.069370046
-0.05373684,0.0735272,0.45742476,0.49027008,0.65629834,0.93242073,0.42856273,0.3783013,0.49192196,0.12362436,0.5332339,0.31443247,0.47060597,0.49630558,0.35775664,0.2649191,0.42655534,0.020272408
0.016873566,0.061975736,0.33907738,0.43780118,0.553714,0.7391014,0.5132012,0.42545477,0.3626671,0.20468152,0.53201544,0.34088257,0.39877766,0.43848124,0.17605099,0.29259,0.33040068,0.026792217
0.25811785,0.15199612,0.15413064,0.71690834,0.9727662,0.6620958,1.4433887,0.90905136,0.3826285,0.8009291,1.0719686,0.6538719,0.58349544,0.8385417,-0.1784794,0.84295076,0.70080817,0.035363723
0.53446037,0.8689086,1.1071894,1.2113906,1.3142089,0.7441813,1.212301,0.76802284,0.62202,0.89539784,0.79000324,0.6381116,0.7584487,0.75877017,-0.23706844,0.6505349,0.6700606,0.31431228
-0.19005647,0.21806031,0.5804335,0.5491118,0.95349705,1.0187963,0.21455209,-0.27458248,0.8142946,0.39709228,0.6595932,0.20469606,0.68340415,0.7887694,0.6623876,0.41344976,1.0018108,-0.17902307
-0.10973157,0.11708232,0.17187117,0.25467533,0.594568,0.47653183,0.30862698,-0.20680785,0.46441355,0.388,0.5542101,0.1638919,0.4202394,0.54364073,0.29972044,0.4743613,0.6699231,-0.10256046
0.2548972,0.50430286,0.8663957,0.8252934,0.8496688,0.77480197,0.6272111,0.50561357,0.5258254,0.44429845,0.49936026,0.40058455,0.5619421,0.5345649,0.04418983,0.3167116,0.4087446,0.18721803
-0.15723668,0.1551978,0.51632535,0.45481777,0.7243572,0.8998885,0.1820891,-0.16984975,0.64565206,0.27260542,0.5221456,0.20677257,0.5636722,0.62230444,0.5330281,0.28904545,0.76081634,-0.12752248
0.011813216,0.39147598,0.90517557,0.87298065,1.140236,1.3605181,0.58431816,0.47699,0.8133361,0.24550493,0.62422436,0.31223485,0.6988442,0.73539436,0.4367893,0.30712765,0.6846376,0.0067038126
-0.15028115,0.1705355,0.41854006,0.38467038,0.7226124,0.76130795,0.21440037,-0.2730052,0.6206475,0.36669052,0.5625734,0.20932046,0.54434,0.644394,0.50224584,0.4228931,0.810037,-0.117254674
-0.10134184,0.13200822,0.7275803,0.57384557,0.71451056,1.1593423,0.23427707,0.18575843,0.6652818,0.14876325,0.49856526,0.32427698,0.5939279,0.5929681,0.52999896,0.16088751,0.5363842,-0.018975157
-0.036811467,0.10500764,0.025403671,0.23409599,0.58268523,0.2880525,0.5769087,-0.019932617,0.35603175,0.52882195,0.6480781,0.2114577,0.3285578,0.5661234,0.047751088,0.54817414,0.5562918,-0.06968929
0.11599706,0.6901972,1.5632787,1.1266552,1.1553932,1.3734486,0.3221294,0.15995319,0.9478094,0.7187326,0.5110369,0.47104952,0.90967476,0.82330114,0.38123462,0.031083344,0.7027169,0.06447926
0.09380257,0.0815008,0.17122318,0.45556676,0.6288381,0.5439656,0.8013743,0.49405047,0.29731724,0.40872878,0.66369635,0.4025932,0.37604916,0.50782174,-0.029431399,0.44516176,0.40068266,0.015728053
-0.111370265,0.107314475,0.37765297,0.36264986,0.5953883,0.7411758,0.2440728,-0.05907735,0.51533437,0.22761141,0.48671514,0.20889044,0.45621824,0.5188631,0.41466203,0.30998456,0.5846068,-0.06569883
-0.09374201,0.12858011,0.029362915,0.20104928,0.62960017,0.29354644,0.46637538,-0.23742795,0.43728215,0.57959014,0.66259176,0.14418158,0.4019977,0.605351,0.19558218,0.66677266,0.7294268,-0.1034888
-0.07693411,0.09518804,0.65252936,0.5251401,0.6692558,1.0796361,0.32069623,0.28045872,0.5900385,0.09512374,0.48608002,0.3502664,0.551123,0.52086633,0.4905955,0.22643062,0.43575144,0.021861102
0.0820126,0.16149944,0.38933447,0.53420687,0.61398757,0.7313287,0.6288134,0.55891687,0.36513594,0.27517557,0.54658824,0.3704599,0.41936696,0.4864889,0.1007672,0.3193887,0.32703483,0.061450627
-0.08088317,0.105134666,0.22108923,0.27139327,0.5534144,0.52703285,0.3124885,-0.118645415,0.43286186,0.3364432,0.5284472,0.17909001,0.37649333,0.5109624,0.28615212,0.39071137,0.56353724,-0.068479106
-0.12180636,0.14095695,0.6044152,0.5004301,0.658715,0.9680767,0.21082117,0.012833713,0.59807736,0.21483617,0.4687437,0.27117297,0.53057647,0.5645859,0.4803071,0.19054152,0.5631706,-0.047621608
-0.11603492,0.09730726,0.60945415,0.49507445,0.6949554,1.049675,0.27203065,0.16138168,0.6169864,0.11532601,0.485346,0.3033126,0.5504833,0.54943967,0.5278576,0.23778448,0.5203663,-0.016394868
-0.14638497,0.14278698,0.51166236,0.47536016,0.7646245,0.94107497,0.26631266,-0.027512413,0.6501312,0.21703771,0.5329693,0.21266302,0.5136463,0.60410666,0.535982,0.30440223,0.67539775,-0.06992656
-0.026300283,0.10507659,0.49765912,0.49454266,0.6520856,0.92538106,0.4401062,0.38813645,0.48783752,0.1384731,0.5136065,0.33730987,0.4635811,0.48838258,0.30052412,0.24737412,0.38576576,0.027607363
-0.06708489,0.106346086,0.63899684,0.53521764,0.6735738,1.0681767,0.34748083,0.31323203,0.58334154,0.09425892,0.48883352,0.3508817,0.53621715,0.52117985,0.46800238,0.22532208,0.42576241,0.030266535
-0.115671314,0.10638151,0.57433856,0.4871363,0.68681854,1.0182425,0.28339505,0.16244905,0.60195374,0.0961598,0.48404053,0.29134142,0.54019594,0.54612124,0.4982045,0.2544391,0.51697236,-0.018190429
-0.14530507,0.15657039,0.72917473,0.6088539,0.7481538,1.1234411,0.19309121,0.09257586,0.6660338,0.16355729,0.47930163,0.27870136,0.59172916,0.6041995,0.53295773,0.13009876,0.62392133,-0.07985434
0.053382136,0.15350303,0.42043772,0.5264333,0.6478288,0.7755585,0.5904131,0.47438532,0.39209843,0.26543468,0.55295116,0.3627159,0.4165805,0.4841628,0.13495006,0.29253834,0.33158314,0.04768957
-0.087022655,0.17630547,0.61617446,0.6146348,0.7706556,1.11427,0.31817642,0.27020144,0.62931585,0.15761495,0.5347711,0.272664,0.58512723,0.59466124,0.4628982,0.20412919,0.5688638,-0.033971258
-0.12429645,0.23153058,0.93103397,0.6924886,0.7852576,1.2174847,0.1554877,0.02871694,0.75965685,0.27833483,0.46894124,0.3494269,0.6942797,0.6659324,0.59635174,0.10753314,0.6441138,-0.061021373
-0.10121004,0.09434801,0.4480495,0.42132312,0.6479504,0.8628174,0.28290614,0.094946116,0.5370459,0.1473147,0.491965,0.2501969,0.4845931,0.52513677,0.42965287,0.26909727,0.533933,-0.038631354
-0.03446783,0.13199833,0.47391427,0.54609215,0.73462915,0.98561597,0.5101349,0.49042895,0.515328,0.15497798,0.5638269,0.30635667,0.50317776,0.53861135,0.3170584,0.30876446,0.4673192,0.011432108
-0.11203925,0.16347158,0.6873559,0.610734,0.75197214,1.1122249,0.3042994,0.25518033,0.6516112,0.13266146,0.4951306,0.28658053,0.5650094,0.58366174,0.47840968,0.17316553,0.544552,-0.007928655
-0.13147543,0.13786112,0.6273787,0.60951984,0.87355787,1.1899837,0.3734106,0.27033982,0.7032847,0.11859092,0.57048315,0.26225916,0.58727187,0.6374738,0.5603721,0.2663811,0.6361895,-0.033309165
-0.117276706,0.09315528,0.5315917,0.51056623,0.7352612,1.0499077,0.35776094,0.3140301,0.57572955,0.08322223,0.5330124,0.27848786,0.5160699,0.54141194,0.45014668,0.2476542,0.5317617,-0.015103735
-0.13252088,0.19833153,0.72250414,0.67386,0.9505327,1.283984,0.37964264,0.22766781,0.78371114,0.15687451,0.5754158,0.282471,0.6339652,0.694948,0.6161511,0.26781625,0.7072291,-0.05876338
-0.17127448,0.19749223,0.6953138,0.7326501,1.074613,1.3774512,0.4344999,0.32104358,0.8322879,0.13236961,0.67257947,0.22949578,0.6799867,0.7625263,0.6216084,0.3139283,0.81040144,-0.073991634
-0.105591886,0.12467738,0.6479546,0.5408963,0.6786564,1.035529,0.24332277,0.19974865,0.5916533,0.12139533,0.46267068,0.29154712,0.54570234,0.5340874,0.464092,0.17644015,0.48617095,-0.01061805
-0.12579781,0.13396423,0.72400165,0.5914937,0.7480775,1.145112,0.23177966,0.18208882,0.65442854,0.13862571,0.48982093,0.29214013,0.5981757,0.5894814,0.51679796,0.17066133,0.5646056,-0.036853448
-0.07792952,0.06459695,0.44410187,0.38758063,0.5839039,0.80420077,0.28259522,0.08661522,0.50534856,0.1718366,0.47772762,0.26961285,0.4517126,0.49333674,0.39980096,0.26366353,0.46431848,-0.019026574
-0.095680565,0.12536462,0.6874323,0.57755446,0.74636257,1.1483943,0.32527855,0.2703098,0.6471714,0.10543311,0.49697044,0.32427266,0.59460264,0.56640375,0.50193983,0.20929268,0.5080079,-0.010076661
-0.03613859,0.10830083,0.075661905,0.28209448,0.5987157,0.39152527,0.54746306,0.06334765,0.35493547,0.440045,0.6339543,0.24336363,0.35085446,0.5441903,0.04743965,0.48363692,0.4978365,-0.057538986
0.056723166,0.1045189,0.31214806,0.48690283,0.62712437,0.72827065,0.6462939,0.5167892,0.3375182,0.25397047,0.58093613,0.36946908,0.3865524,0.46649167,0.09515711,0.3312748,0.34242636,0.024270158
-0.19292578,0.22566414,0.9015745,0.708278,0.9044589,1.2880856,0.1314407,-0.1260772,0.84599304,0.33346254,0.5516638,0.30838495,0.76686627,0.77278,0.69340324,0.15711832,0.857373,-0.15655689
-0.050179847,0.099532224,-0.024156183,0.19978124,0.5839525,0.22248504,0.5264405,-0.1140324,0.36944556,0.5469702,0.64000297,0.1696189,0.34357846,0.5588678,0.06412613,0.61933845,0.61029744,-0.084070124
0.04481397,0.07592305,0.16044974,0.40087527,0.59483546,0.5208099,0.6887299,0.39221808,0.30711073,0.35216445,0.60748667,0.34904382,0.35435927,0.48129973,0.005541113,0.41161078,0.37648436,0.0013859347
0.2379669,0.52765065,0.93636215,0.83696866,0.8420923,0.82352877,0.5613888,0.41274267,0.57056826,0.4239599,0.46510303,0.38187253,0.54387,0.5522403,0.10721474,0.24136335,0.4345746,0.1827575
-0.12485915,0.13131246,0.6197573,0.5480312,0.73404795,1.0865593,0.29571503,0.14909184,0.6591232,0.13267931,0.500641,0.28880027,0.5785604,0.60963786,0.55931324,0.24769914,0.57491344,-0.016911287
-0.2185838,0.24877493,0.78310573,0.64811033,1.0166348,1.1906649,0.17658085,-0.3632105,0.90200174,0.48569882,0.6963913,0.26515457,0.78961736,0.8785209,0.7535615,0.34580803,1.1170477,-0.22232501
0.08790091,0.07442791,0.122104466,0.427594,0.6326953,0.48660052,0.83175254,0.49331385,0.31057382,0.48472762,0.7011193,0.3998779,0.40016764,0.53807306,-0.060097314,0.54973817,0.4609743,-0.001409635
-0.1071158,0.09413467,0.5690969,0.48960817,0.6895163,1.0352308,0.2771827,0.17210944,0.58779424,0.10023577,0.49313673,0.28483695,0.5483858,0.5450973,0.50702125,0.24215452,0.5162105,-0.015355457
-0.07244836,0.1565397,0.6364069,0.56858104,0.7729277,1.1072247,0.3950255,0.2978305,0.62218666,0.10766487,0.5084667,0.30936563,0.5618938,0.5672446,0.44930768,0.2561785,0.5243729,-0.012261111
-0.021105768,0.34546354,0.93679416,0.7375792,0.77018446,1.050157,0.20682742,0.18616053,0.66212475,0.33641517,0.42173272,0.319665,0.6421685,0.5645785,0.35087556,0.07496105,0.50324637,0.02121814
0.0005530757,0.1522196,0.48077932,0.54316014,0.6278142,0.85636723,0.46439478,0.43917125,0.42748517,0.18849528,0.51128113,0.3204615,0.44725168,0.48058635,0.18982609,0.2144877,0.33192778,0.037307817
-0.17012675,0.1986273,0.86206067,0.68376464,0.87235266,1.2872591,0.20277607,0.023431707,0.81395084,0.2297954,0.51458246,0.32338762,0.6979508,0.71157545,0.68332535,0.17441358,0.730269,-0.08036075
-0.027158916,0.06267273,0.13370329,0.35036278,0.5896116,0.57286614,0.5641706,0.34649333,0.3427897,0.29165637,0.5924695,0.25606042,0.35954183,0.459619,0.089484885,0.4283458,0.4462676,-0.03587254
-0.088201076,0.07863368,0.6325431,0.5031759,0.6546056,1.056924,0.2925135,0.23881377,0.58046615,0.09991562,0.48311284,0.34389782,0.55366755,0.5144835,0.50915974,0.23430255,0.44721666,0.01595072
-0.12220833,0.1415459,0.30955976,0.35144204,0.66909635,0.6823553,0.32055253,-0.10002497,0.5537653,0.2880153,0.5501442,0.17626204,0.46733803,0.5808221,0.4194391,0.42471957,0.6711384,-0.083957866
-0.13899833,0.19285193,0.71727216,0.5887316,0.797597,1.1173078,0.2287342,-0.02382218,0.7295631,0.2395589,0.52484256,0.2834788,0.6223493,0.68784094,0.60535413,0.23298584,0.69818586,-0.0763457
-0.07580803,0.21735719,0.67656314,0.59823406,0.68990296,0.99531686,0.28120756,0.17551014,0.59976214,0.21361813,0.46176592,0.28818312,0.5254111,0.5669959,0.38631347,0.15282236,0.47484204,0.008219302
-0.004149766,0.42150214,1.119039,0.8781316,0.9647212,1.2707783,0.2320485,0.23004127,0.803499,0.38713622,0.49749574,0.3480658,0.75624806,0.6907311,0.37663868,0.024057169,0.653933,-0.03039724
-0.13259591,0.1092267,0.39593315,0.43139362,0.7016769,0.8641274,0.2944016,0.1321002,0.5306491,0.1309206,0.5042766,0.20816979,0.45666897,0.5209374,0.38737884,0.27066648,0.57327944,-0.06124355
0.0013171826,0.1228746,0.30283988,0.44797283,0.61645365,0.70916116,0.5618278,0.39145422,0.3805643,0.2594272,0.57899296,0.32880867,0.37683934,0.49343494,0.122108124,0.31211454,0.3702273,0.014389578
0.13446403,0.09804783,0.07944384,0.4948902,0.7308667,0.42853808,1.0415711,0.515421,0.3213705,0.6052971,0.819719,0.47418296,0.41047406,0.6270398,-0.14643691,0.6142927,0.50587267,0.011367492
-0.09469048,0.0785525,0.40047476,0.40326792,0.6129247,0.83172524,0.32814205,0.15805747,0.51168644,0.15346622,0.49058843,0.24915163,0.45290488,0.49705687,0.39657328,0.28929073,0.4886282,-0.019779108
-0.1614652,0.15777558,0.76238406,0.6487804,0.8566408,1.2450781,0.23320536,0.11117923,0.7534736,0.16009432,0.53087884,0.26678428,0.6581374,0.67047465,0.60809004,0.17551589,0.7116451,-0.098284975
-0.20858145,0.3148152,0.15529054,0.35144395,1.2102569,0.5260445,0.5347142,-0.71809024,0.86377114,0.93460757,1.0415348,0.15054381,0.74570924,1.0742508,0.5449579,1.0329887,1.4167601,-0.2320127
-0.036820427,0.19725053,0.7000438,0.60384566,0.7127539,1.0384858,0.36446932,0.31485057,0.59950775,0.16094714,0.46891,0.3432203,0.5394664,0.5341288,0.40400207,0.19988087,0.42829093,0.04669829
0.06290959,0.057997,0.0730837,0.3620665,0.57838756,0.39925388,0.7475816,0.36445028,0.30519447,0.45787042,0.6610786,0.3513909,0.3477205,0.513259,-0.040906,0.51054436,0.41595563,-0.01203974
-0.05579646,0.18046576,0.69037795,0.5675909,0.64235556,0.96614456,0.2753914,0.22559258,0.56712985,0.16606244,0.43756744,0.32205242,0.5229428,0.50039905,0.4049636,0.16607119,0.41882947,0.03863397
-0.042055476,0.19694614,0.69087565,0.60448986,0.7413382,1.0578288,0.37195903,0.2867359,0.5977089,0.15864164,0.47736806,0.32674998,0.55140376,0.5520734,0.39144468,0.1817581,0.4496835,0.021413136
-0.07486997,0.10741318,0.49952474,0.5511341,0.7431807,1.0208292,0.4469272,0.38351223,0.56893164,0.12705329,0.550063,0.29133704,0.5002624,0.56302845,0.40271005,0.26612437,0.47419277,0.015342806
-0.17381278,0.22843899,0.73001146,0.67989254,0.9990139,1.2951298,0.36804792,0.12786406,0.8433844,0.19646701,0.63570154,0.23311149,0.6752415,0.76904756,0.66427755,0.309474,0.83694625,-0.10615465
0.009405388,0.21149181,0.56334746,0.5838165,0.6543281,0.835454,0.41682738,0.32283396,0.49173516,0.21017121,0.4800646,0.30071402,0.4241522,0.4911304,0.22192208,0.19593398,0.38017848,0.07142463
0.024365991,0.21142131,0.5766758,0.5912435,0.6743962,0.8659942,0.40913695,0.4428903,0.4749071,0.16718331,0.47025654,0.28529173,0.47728735,0.46533486,0.19816168,0.19469996,0.3608354,0.07272649
-0.097848065,0.07992782,0.6054586,0.50012106,0.6616422,1.0478405,0.28507686,0.24875514,0.572382,0.08760007,0.4846065,0.32318288,0.5418895,0.512091,0.48364335,0.22845514,0.46261048,0.006553676
-0.087958865,0.09817067,0.21201111,0.26248604,0.5317167,0.51912534,0.33187577,-0.05650154,0.43256786,0.31440288,0.5185119,0.18090953,0.39089423,0.48048642,0.2717749,0.43079656,0.55443925,-0.064612456
-0.12058197,0.14049824,0.55768967,0.4929247,0.67181396,0.97463,0.2528592,0.06233269,0.59437317,0.18779534,0.48366168,0.26625413,0.51371,0.57290983,0.46159664,0.2117592,0.5573423,-0.040362198
-0.054601215,0.15558134,0.52504635,0.6070523,0.8487824,1.0623225,0.5387333,0.49013093,0.56864464,0.14376292,0.6078439,0.30894002,0.5365768,0.58214706,0.31216136,0.31469882,0.5512042,-0.008262027
-0.112207405,0.1354841,0.4166345,0.5601582,0.852336,1.0171618,0.52242893,0.39304486,0.5806201,0.18481381,0.61552423,0.23310685,0.4907741,0.5978016,0.35426277,0.3499385,0.5959096,-0.032333072
-0.10184299,0.119108796,0.14414074,0.2906536,0.6207474,0.5144372,0.39754662,-0.002951812,0.42224747,0.33041286,0.57338506,0.16935544,0.38550818,0.5130058,0.23564823,0.45962423,0.6003361,-0.09121255
0.06478091,0.0860506,-0.17054076,0.33155686,0.78556836,0.15519854,1.1240463,0.3280658,0.3832501,0.8509746,0.95442003,0.4132302,0.43688357,0.7873001,-0.23372445,0.94756657,0.73051095,-0.06244505
-0.12255144,0.15105642,0.13221121,0.2348529,0.686956,0.40933374,0.36026707,-0.3745858,0.53225625,0.55728984,0.6592864,0.13348936,0.47349733,0.65093005,0.33351874,0.62564707,0.8292717,-0.122588664
0.13388854,0.1266426,0.088881776,0.54217476,0.79484034,0.47280827,1.1062229,0.5609541,0.34059674,0.6275662,0.8604677,0.5040872,0.4359696,0.66772723,-0.14797994,0.6702503,0.53372294,0.017089013
-0.13824205,0.14753942,0.32743946,0.44840115,0.77096224,0.8184774,0.43949628,0.12246825,0.55526054,0.27440345,0.6068897,0.16511995,0.46492273,0.59395164,0.368574,0.43902504,0.70276076,-0.101116896
-0.1656621,0.17191762,0.6944237,0.6246261,0.8807331,1.2204859,0.31934237,0.15780738,0.74475515,0.16630912,0.5605109,0.24837148,0.6180828,0.6805446,0.61851734,0.24348214,0.713272,-0.07285746
-0.11740996,0.108836375,0.70325756,0.5624032,0.7180654,1.1360625,0.24287729,0.21327476,0.643497,0.11389935,0.4832402,0.3132922,0.5981027,0.56476516,0.5198397,0.1819161,0.5302748,-0.021115001
-0.11377961,0.08732379,0.54282594,0.49880606,0.7016736,1.0212042,0.2980771,0.25273252,0.5724527,0.07286734,0.4921813,0.2772591,0.506674,0.5245799,0.44568154,0.21072695,0.49183443,-0.021274896
-0.0438836,0.12321005,0.4529157,0.47837925,0.69773734,0.900735,0.4404292,0.30007896,0.50961727,0.18485682,0.52311474,0.29560488,0.43708146,0.50665766,0.30307522,0.26078805,0.44830784,-0.0074336417
0.25204715,0.3292132,0.43507013,0.71910226,0.8665334,0.580515,1.0517706,0.6927502,0.36446682,0.5907997,0.76920784,0.5183569,0.5052211,0.62334216,-0.15551513,0.55605745,0.48897782,0.11614983
-0.1272504,0.10654847,0.4878118,0.44105995,0.68128556,0.90624106,0.2841155,0.09146026,0.5762155,0.16283138,0.49814937,0.2378211,0.46651548,0.5367632,0.45044446,0.25485432,0.5490487,-0.033222962
0.098710254,0.11839367,0.23517495,0.5102687,0.71482706,0.6373952,0.8681574,0.5768266,0.33025378,0.41401327,0.7190796,0.4250935,0.39880532,0.5438408,-0.0391706,0.45553553,0.4276031,0.026518393
-0.08938878,0.20484902,0.62603235,0.63120455,0.85734993,1.1148266,0.4223412,0.303947,0.68072426,0.17608343,0.55458283,0.27939355,0.5194402,0.62679845,0.46122694,0.2731235,0.5745734,-0.0056909993
-0.18058006,0.18807246,0.7881957,0.6446518,0.8316996,1.1941962,0.15994069,-0.040872045,0.75742376,0.26163626,0.53775185,0.2611395,0.67771274,0.6900526,0.6369848,0.15803176,0.79120547,-0.15172547
0.4723647,1.0923979,1.8699677,1.4483755,1.4230417,1.2645998,0.701532,0.3924976,1.0016047,0.9192775,0.55815315,0.5803254,0.9944314,0.8994157,0.18373415,0.2578988,0.75544894,0.29663005
0.004855068,0.06972326,0.3053541,0.43983382,0.5866175,0.74172187,0.5462573,0.42764446,0.37058872,0.20600152,0.55717885,0.32030788,0.38865787,0.4568647,0.18879704,0.30939627,0.3516362,0.018644985
-0.057716563,0.10079218,0.52899885,0.540649,0.70300597,1.040507,0.40339664,0.40621334,0.530777,0.09697324,0.5258053,0.30151415,0.52073365,0.5197859,0.40103018,0.23553714,0.4439767,0.020163815
-0.14523098,0.15898556,0.39362124,0.3795644,0.7091433,0.78871775,0.26619977,-0.16959444,0.6171163,0.29041067,0.5469922,0.18679976,0.5375343,0.6109041,0.50726587,0.4152844,0.7598594,-0.09393419
0.094364546,0.18454579,0.377863,0.5143399,0.606331,0.60994923,0.6230643,0.4062324,0.34852883,0.33981884,0.57644475,0.38741383,0.39261323,0.47986236,0.042001333,0.31921965,0.3231098,0.07966402
0.38288048,0.5540152,0.7137823,0.9251756,1.0365235,0.65815616,1.103722,0.74242455,0.44362667,0.66262186,0.74791306,0.5631377,0.5904329,0.64826006,-0.1803172,0.56684047,0.54763085,0.19473429
0.04701046,0.18732426,0.5204428,0.53757054,0.610496,0.7808173,0.44601947,0.37991253,0.4286475,0.20368458,0.48824653,0.34018525,0.41966563,0.4543571,0.1827202,0.23066656,0.3094448,0.078654274
-0.10257804,0.08981226,0.5784942,0.4922409,0.6502832,1.0059001,0.29967684,0.20777191,0.58578825,0.11309318,0.48562825,0.31072605,0.5287672,0.5226074,0.49229667,0.24801505,0.47690275,0.007357452
-0.06238372,0.10429669,0.081584126,0.26496664,0.5666082,0.39809167,0.48434588,0.0273301,0.38532025,0.4188372,0.59904045,0.18230596,0.3603189,0.52218986,0.14642254,0.52773666,0.5642987,-0.06309477
-0.13581249,0.14110205,0.6766447,0.61533767,0.7764327,1.1634358,0.27278924,0.21705814,0.6716684,0.1328015,0.49914932,0.28015015,0.59741753,0.60008633,0.52526397,0.16503382,0.57839024,-0.047801018
-0.13672629,0.13540292,0.47066402,0.4141997,0.66415054,0.8670734,0.24310863,-0.052607868,0.6068192,0.20227402,0.49894005,0.23409139,0.52640754,0.57781255,0.5020084,0.32971835,0.63211834,-0.054785874
0.3105775,0.3784484,0.4408069,0.8011123,0.9510542,0.60355383,1.2030658,0.72331136,0.3998662,0.70648086,0.8714345,0.6046629,0.56474197,0.6898685,-0.18770775,0.6567757,0.5426878,0.12516738
-0.06412161,0.15889691,0.58995223,0.56309307,0.75510865,1.0560973,0.40968603,0.33021995,0.59476554,0.13305627,0.5120275,0.30775493,0.52038527,0.5473194,0.39983547,0.24558322,0.4845227,0.0047097206
0.17415349,0.2189388,0.38231817,0.66543186,0.7860482,0.78959346,0.9545225,0.7132567,0.37720487,0.445997,0.7715413,0.49627987,0.50604457,0.60684663,0.011274929,0.47492683,0.4318645,0.069982156
-0.1970265,0.20093447,0.81100535,0.7504111,1.0339842,1.3948923,0.2325934,0.08045605,0.8625822,0.19632186,0.62456167,0.22135192,0.7489425,0.76365566,0.67777807,0.18907525,0.9113287,-0.16683282
-0.06359251,0.09386169,0.36632144,0.41169316,0.6357251,0.79231036,0.3997091,0.22918217,0.47836038,0.1705618,0.5066924,0.25358003,0.4302081,0.4782206,0.2963111,0.3029229,0.4683696,-0.018471017
-0.16235554,0.18027876,0.4238147,0.4219585,0.7872067,0.81366444,0.242203,-0.24266389,0.67132044,0.35863107,0.5889699,0.18294145,0.5750621,0.68113476,0.5440182,0.43918836,0.8600058,-0.12951681
-0.009675337,0.16275124,0.58781385,0.57715166,0.67123675,0.9286889,0.41233665,0.3851478,0.5284266,0.13491443,0.48069462,0.32597536,0.46571267,0.5077804,0.3303695,0.20346539,0.3936542,0.06018624
-0.12917455,0.1362016,0.3466836,0.31979802,0.61929524,0.6768975,0.24582039,-0.1917938,0.5561454,0.31181026,0.52057636,0.19844282,0.49326313,0.5600245,0.4436718,0.42007,0.68611026,-0.078009546
-0.120932356,0.10137316,0.59990454,0.5334983,0.74076325,1.0933813,0.3031564,0.24376512,0.6231861,0.0910258,0.50365907,0.282407,0.5455083,0.558794,0.50773704,0.22731604,0.53823483,-0.01710334
0.0693482,0.0703484,0.11064952,0.41334373,0.6192234,0.47800833,0.7900541,0.4591834,0.29498777,0.43365014,0.68253946,0.37769434,0.36744153,0.511218,-0.05597166,0.5018869,0.43004563,0.0023248494
0.16573025,0.1072576,0.14366938,0.55688524,0.7547831,0.5570507,1.0767857,0.6593214,0.33574843,0.60084987,0.84723496,0.51425886,0.45757782,0.6428884,-0.118065715,0.6497967,0.5316354,0.029110465
-0.17468087,0.21203257,0.5055189,0.45206964,0.8761195,0.8686881,0.21531124,-0.39073244,0.74612087,0.4599601,0.6450878,0.2139481,0.64714795,0.7655216,0.6123881,0.47355592,0.993372,-0.1668215
-0.04608999,0.10061524,0.03864168,0.23635656,0.58982205,0.31248087,0.5153383,-0.06775889,0.37969628,0.48985213,0.623402,0.17875084,0.35927457,0.53912383,0.108424366,0.5618745,0.57533985,-0.07347986
0.04592435,0.12064451,0.24748695,0.45437258,0.65526897,0.60685015,0.689569,0.42571062,0.33927915,0.32407296,0.60525495,0.3576756,0.37417746,0.4907423,0.016311586,0.3665743,0.37703672,0.016876157
0.25123477,0.5280722,0.89606225,0.8292174,0.83589363,0.7811786,0.56620425,0.43336904,0.54649746,0.4401127,0.46699148,0.37845457,0.5241846,0.53077435,0.08408893,0.27417597,0.4195446,0.18214157
-0.23336288,0.26827106,0.6753869,0.66897887,1.1341189,1.2831439,0.3044089,-0.15871204,0.93487304,0.34261334,0.7468882,0.14841348,0.76632756,0.87534386,0.76140654,0.41985428,1.1539056,-0.22071634
-0.09977328,0.11678438,0.47316512,0.50423115,0.7271954,0.93513227,0.38454503,0.29838568,0.5124546,0.14771691,0.5413805,0.2651335,0.46100682,0.52496165,0.28354907,0.1771514,0.5032087,-0.053108767
0.15753528,0.14269623,0.2674368,0.62765354,0.8050514,0.7636838,1.0515236,0.7893298,0.3587856,0.48480022,0.8371136,0.5044388,0.48450744,0.6434625,-0.033732127,0.5494353,0.49534264,0.035578948
-0.0963293,0.13157809,0.51848,0.58945817,0.85257065,1.0932385,0.46945775,0.40741676,0.6047445,0.09615945,0.5860947,0.27812272,0.5331442,0.5809674,0.40354362,0.29032546,0.563568,-0.015271228
0.14004984,0.11948741,0.13894522,0.54672027,0.78248143,0.53248894,1.0539553,0.58962435,0.33435625,0.5674361,0.82446754,0.49005777,0.42813826,0.62764764,-0.13124156,0.5861899,0.5086545,0.023912575
0.4824576,0.9220373,1.3625236,1.202185,1.2525606,0.8775903,0.8260397,0.55568135,0.70660406,0.7790512,0.5787201,0.5166817,0.76528114,0.68930906,-0.053730145,0.4047686,0.61135876,0.30417436
-0.14611109,0.1886235,0.2842369,0.32432753,0.79818755,0.5911097,0.29229376,-0.45465466,0.6437594,0.5694964,0.67063916,0.18130466,0.5644216,0.7370609,0.47878787,0.61162186,0.9650469,-0.1402174
-0.10326943,0.17510875,-0.12151264,0.212754,0.8383563,0.14971568,0.7385315,-0.24233913,0.4845091,0.8164094,0.879289,0.10819923,0.4188522,0.7698196,0.08224407,0.9350236,0.939755,-0.15265493
-0.14979146,0.20611583,0.17426175,0.28010565,0.85717314,0.4619391,0.39466065,-0.55707836,0.66138,0.7149319,0.7741485,0.14742057,0.5790165,0.81254846,0.44640464,0.7696286,1.0562541,-0.16143739
0.0076924,0.21907441,0.71801174,0.5906235,0.6660076,0.9197788,0.31901032,0.2839346,0.53187037,0.18928798,0.4348711,0.32827103,0.50635105,0.4870729,0.32668704,0.1536969,0.3620135,0.06586219
0.043634836,0.118269905,0.4245555,0.5231493,0.6241022,0.80555,0.56034696,0.5223099,0.39880198,0.20584774,0.5317629,0.35655648,0.41575426,0.46903786,0.1853301,0.2900166,0.34405902,0.050050046
-0.0944936,0.07116688,0.5570526,0.44916433,0.6268617,0.9432076,0.2723284,0.16913117,0.5655815,0.1227115,0.46978068,0.29788822,0.50123847,0.5071329,0.46912467,0.23472255,0.45943406,0.0006378107
0.37707543,0.42254892,0.4622438,0.9320572,1.1716852,0.63384986,1.5415965,0.9213898,0.42075488,0.8922019,1.0553266,0.7089069,0.65736216,0.8433877,-0.30186108,0.81858015,0.6934768,0.1436686
-0.08132939,0.09106196,0.43183923,0.4788614,0.66647965,0.9036304,0.37786797,0.29864302,0.4826532,0.09635466,0.4972728,0.27293628,0.4321887,0.47845587,0.31187075,0.20310931,0.4335142,-0.015899874
-0.034375355,0.072682805,0.076878406,0.2608952,0.5611666,0.39513052,0.5025939,0.060497764,0.35921603,0.37126046,0.5716113,0.22278653,0.34001684,0.49396548,0.10606656,0.47747087,0.49665588,-0.05371323
-0.054048225,0.07147272,0.54951084,0.48724425,0.616979,0.9705031,0.34585103,0.3031024,0.51225704,0.10560025,0.49654782,0.34124315,0.4996096,0.48114607,0.42008832,0.24150297,0.3981995,0.031373147
-0.11264955,0.13287885,0.59774375,0.53222567,0.7525422,1.0778854,0.3319119,0.22481292,0.6338228,0.110081196,0.5055078,0.2815969,0.53732014,0.57219005,0.51097995,0.24377361,0.5493723,-0.019706821
-0.11034931,0.11493376,0.27980953,0.3590483,0.6635566,0.690572,0.35483736,0.00657247,0.50650144,0.25344598,0.5420554,0.1873942,0.42986536,0.5440359,0.35874894,0.39248425,0.63435185,-0.08739048
-0.092458636,0.07927503,0.500919,0.4908502,0.68190753,0.9862542,0.3832088,0.30542055,0.5489792,0.121871546,0.5058438,0.28606316,0.49192417,0.52356035,0.41239327,0.24903814,0.4779757,0.0015448295
-0.06828561,0.14605142,0.6292299,0.5282625,0.6179585,0.96009874,0.286551,0.23466393,0.53885394,0.17535867,0.45930955,0.3101168,0.50752413,0.5069074,0.38201693,0.16360821,0.44047484,0.02337559
-0.059879612,0.07958837,0.31762266,0.47217786,0.72012043,0.8460771,0.5490891,0.44102156,0.45821023,0.19395226,0.6066269,0.27271363,0.43687487,0.5278411,0.24619612,0.37371194,0.5047884,-0.015156258
-0.039937805,0.081240445,0.08481117,0.24575269,0.561591,0.37519383,0.47344407,-0.003862679,0.37053365,0.40849447,0.57325274,0.18341383,0.33853942,0.49385333,0.12762481,0.48674023,0.5308279,-0.07273457
0.031795733,0.2913939,0.7711221,0.67135346,0.75921625,0.9954822,0.4012356,0.3343476,0.60185635,0.22940327,0.46135005,0.33029276,0.54288954,0.5381775,0.33095273,0.18780082,0.42870292,0.06787808
0.06973385,0.27288264,0.6539329,0.60052735,0.63258094,0.7662642,0.38049287,0.33306566,0.4596931,0.21355188,0.41949436,0.32029814,0.4406129,0.44202527,0.18624268,0.1854648,0.32779586,0.10001472
0.048527338,0.13338788,0.40772504,0.56613153,0.72911155,0.87567294,0.6772394,0.6014384,0.40587425,0.23789707,0.61577004,0.37784484,0.46586752,0.50671667,0.13347283,0.35220605,0.3973639,0.026504423
-0.073094405,0.087269634,0.52046853,0.5025383,0.6616802,0.9837444,0.3755851,0.32110795,0.5399695,0.104749165,0.5126271,0.31531537,0.48560894,0.5085136,0.4133349,0.2331762,0.43025547,0.0263387
-0.1250807,0.16421421,0.20880353,0.2754004,0.712583,0.49829096,0.31668937,-0.39057705,0.566697,0.5214014,0.6309563,0.15163302,0.49541706,0.65810263,0.41154504,0.58117956,0.8554227,-0.12967068
-0.13273999,0.13880405,0.73207605,0.56089455,0.6864353,1.0941604,0.2003789,0.08697963,0.656515,0.17450035,0.45736715,0.3261026,0.60232747,0.58251697,0.53911066,0.16279754,0.54952186,-0.029371489
-0.10197853,0.11535831,0.5654985,0.54955566,0.7844794,1.0678746,0.3668998,0.28422728,0.60766846,0.07216752,0.51797193,0.28818056,0.5269073,0.5532946,0.43846607,0.23411557,0.51992404,-0.021898877
-0.09383936,0.18767813,0.6436682,0.5958589,0.70161355,1.0651455,0.3257969,0.30209854,0.6103034,0.14893477,0.4849266,0.27215084,0.5415813,0.55749565,0.39805013,0.15799573,0.48272574,0.019885916
-0.029037718,0.17963473,0.64975286,0.5753221,0.7147952,0.99256635,0.37214217,0.309989,0.561858,0.14070553,0.469389,0.3112099,0.51913565,0.52377546,0.3706222,0.19849378,0.4289019,0.035299044
-0.21598463,0.26719362,0.57980406,0.5979015,1.1363676,1.1120334,0.296946,-0.37755302,0.91997683,0.49554938,0.7807424,0.16162552,0.75294954,0.890446,0.7415087,0.4895702,1.2005999,-0.23174568
-0.16562767,0.17782712,0.8515018,0.6569419,0.7937359,1.2314932,0.13730043,0.015431061,0.7511218,0.22148173,0.48218042,0.31426078,0.6928076,0.6610687,0.6118579,0.119922064,0.7069952,-0.10505654
-0.10347264,0.11890722,0.2747202,0.29554474,0.60460263,0.57950115,0.27068746,-0.21321198,0.4954322,0.35528797,0.5302555,0.18801165,0.4377545,0.5573189,0.37219608,0.42160797,0.66606516,-0.094521016
-0.14612566,0.30305254,1.0780958,0.85891294,1.0271126,1.4752374,0.2385418,0.14920694,0.90728223,0.32301182,0.57484937,0.3073584,0.7971936,0.7924554,0.63176394,0.08733479,0.794307,-0.11556111
-0.19196355,0.20616685,0.708848,0.61667174,0.91254914,1.1763061,0.1828548,-0.14970438,0.8077337,0.30457008,0.591769,0.21587771,0.6942224,0.74316657,0.6799177,0.262451,0.9216725,-0.1702687
-0.050652396,0.06258461,0.28289193,0.34078383,0.5536892,0.65910566,0.40023413,0.16521406,0.42174324,0.20225312,0.51162314,0.25366706,0.39662385,0.468304,0.29280812,0.34034926,0.43825862,-0.02570436
-0.12421514,0.15948358,0.5544648,0.63830423,0.9135144,1.1796939,0.4173498,0.381601,0.6568066,0.092084154,0.5988286,0.24724776,0.58339185,0.62477505,0.43208605,0.2568951,0.6207823,-0.029563917
-0.1229592,0.11480816,0.5968839,0.5456278,0.77727187,1.1039006,0.32865408,0.23445266,0.64844894,0.10310173,0.51851636,0.2758542,0.5516483,0.57944286,0.5310298,0.24795,0.56425047,-0.017244332
-0.14463803,0.15518689,0.72575104,0.614437,0.81102383,1.1925642,0.22944954,0.0807901,0.72713,0.16170794,0.5063743,0.2844938,0.6411279,0.65896094,0.60029334,0.18335748,0.66946965,-0.08374672
-0.15908377,0.1770253,0.4466425,0.4105749,0.74634916,0.77865005,0.20774868,-0.30933857,0.6499154,0.3954684,0.574277,0.20414463,0.5616405,0.6680411,0.52459943,0.40112114,0.85036904,-0.13899346
-0.14272763,0.12143468,0.6285815,0.5454581,0.7463428,1.0928148,0.24698965,0.11418307,0.65036494,0.11898456,0.5070581,0.25098944,0.5675126,0.592727,0.5352379,0.19495283,0.6238428,-0.06867376
-0.09985847,0.08972787,0.6623733,0.51917285,0.6534794,1.0765796,0.26635957,0.22416054,0.5938829,0.11011124,0.47662702,0.34342694,0.5640052,0.52212435,0.50911987,0.21046542,0.4574263,0.011419315
0.018101446,0.16124794,0.52458674,0.5027031,0.59974307,0.7743349,0.39082962,0.31967646,0.42882332,0.20283633,0.46828508,0.32817742,0.4332885,0.45318842,0.1951621,0.19928785,0.3392502,0.06145039
-0.071011655,0.21157813,0.74966383,0.65295655,0.8081182,1.1635963,0.35495272,0.27553457,0.69277257,0.16352901,0.4992705,0.30877015,0.590004,0.60988677,0.48076946,0.18565777,0.5431977,-5.1356852e-05
-0.09894514,0.10439296,0.61189806,0.5477085,0.71329,1.0949892,0.32661146,0.28284657,0.612865,0.09153354,0.503904,0.3207183,0.55496156,0.55366814,0.50886416,0.22774506,0.48293534,0.010574963
-0.028393019,0.115934,0.56267905,0.50965774,0.6101329,0.9159504,0.3612736,0.27720663,0.49312687,0.15194507,0.48406112,0.3499249,0.4768331,0.47648966,0.34685245,0.21984966,0.36115807,0.045716327
-0.11378592,0.102291025,0.54171443,0.47580475,0.6917818,0.99907434,0.2962517,0.14860561,0.5971771,0.122425236,0.4975283,0.27026296,0.5346051,0.5473968,0.5085457,0.26480702,0.54185164,-0.01817507
0.005320545,0.06678295,0.3471744,0.45312846,0.5870948,0.78375924,0.49876875,0.41078168,0.38912797,0.17096758,0.5347623,0.32633254,0.4046085,0.4485326,0.23398791,0.27897382,0.3505882,0.025044132
-0.09026276,0.07743288,0.61484826,0.50503355,0.66277283,1.0590727,0.2934925,0.25540155,0.572521,0.082807705,0.48481166,0.32813978,0.5469785,0.51323223,0.49558797,0.23175843,0.45303592,0.014006536
-0.062201712,0.16608389,0.6927359,0.56750536,0.6626484,0.9807886,0.27810365,0.24367136,0.5651992,0.1611091,0.44337356,0.31310767,0.5268299,0.51887447,0.39455122,0.14889899,0.4258764,0.024738256
-0.113370284,0.1268364,0.54441535,0.5020468,0.67446977,0.9807838,0.28293175,0.13293628,0.59631944,0.14442003,0.48915341,0.27795666,0.5196332,0.5657344,0.4761356,0.23820677,0.5181221,-0.021114308
-0.055115264,0.14824274,0.25109816,0.37803733,0.6688787,0.6409956,0.5130968,0.16023637,0.43375084,0.34872884,0.61246395,0.2589025,0.40448457,0.56866074,0.18331328,0.3662274,0.49957362,-0.04334524
-0.097383685,0.10309256,0.52184796,0.5351127,0.7474652,1.0460804,0.41388327,0.37049496,0.57298374,0.099407196,0.54835624,0.28843218,0.5188879,0.54939425,0.411944,0.27041245,0.52090263,-0.0022112466
0.19508193,0.4966449,0.92314744,0.8130564,0.83806527,0.84879375,0.5089493,0.4037505,0.5827734,0.39459252,0.4554482,0.35616735,0.548635,0.5491455,0.1287234,0.21867177,0.43665117,0.16589437
-0.13459967,0.18719375,0.77281296,0.6490481,0.8260252,1.2224673,0.25551826,0.13518722,0.73999417,0.18855292,0.5115619,0.29553634,0.6147477,0.6553693,0.5962975,0.17501399,0.64588416,-0.06016931
-0.13110216,0.23023055,0.7412045,0.71475077,0.9299851,1.2613072,0.40084898,0.30195093,0.7694271,0.19388495,0.5790982,0.27568758,0.60008454,0.7005065,0.53579336,0.23917678,0.65710074,-0.02977193
-0.056923077,0.0928272,0.53876245,0.5377079,0.6931512,1.040217,0.41114774,0.39452457,0.53494936,0.10100439,0.5268011,0.32785738,0.5205653,0.5188346,0.43258,0.24483688,0.42479384,0.030486804
-0.09918676,0.09090998,0.33548862,0.33454722,0.5798894,0.68044555,0.27230638,-0.05496837,0.48270485,0.24479778,0.4961674,0.21722597,0.42913795,0.51030064,0.36945912,0.32724935,0.5457504,-0.054465763
0.05922966,0.16734168,0.46513137,0.5457166,0.67702395,0.8058181,0.5749283,0.5052882,0.40709907,0.21723263,0.5428425,0.3501773,0.43107122,0.47152302,0.12911639,0.28998476,0.36235076,0.053291146
0.30453852,0.69981444,1.1869798,0.98995584,0.99262154,0.8187549,0.58501995,0.3948547,0.6296471,0.61493117,0.46980792,0.4211627,0.65321755,0.58763915,0.025685355,0.25064936,0.5129687,0.23040831
-0.19269723,0.19930027,0.54516876,0.50459653,0.8849863,0.9691713,0.18556526,-0.31532863,0.76267076,0.39743006,0.6356773,0.19272354,0.65123487,0.7433497,0.6076605,0.37418693,0.98148537,-0.1857279
0.25473508,0.38248745,0.53841054,0.7422254,0.828565,0.5965177,0.8744532,0.58196723,0.39021978,0.5144863,0.65023386,0.46416596,0.48255646,0.54368824,-0.113094985,0.4519323,0.43680406,0.13459027
0.6353858,1.043718,1.4008832,1.366601,1.4158504,0.8194047,1.192911,0.73841816,0.689214,0.9633095,0.7473826,0.6575595,0.8501254,0.79359335,-0.23648734,0.61159956,0.7017698,0.38484725
-0.052267443,0.13157924,0.67239606,0.5510248,0.6718459,1.0639184,0.35235313,0.30054346,0.58453953,0.11634546,0.48110744,0.35542265,0.53508985,0.53065443,0.46188885,0.20461304,0.4262077,0.035116006
-0.08468999,0.11179977,0.12255469,0.24804102,0.5922111,0.43068498,0.39808074,-0.102458104,0.4174956,0.41725528,0.5886874,0.16853155,0.39066225,0.52679056,0.17196585,0.49982572,0.60079455,-0.08915641
-0.038448717,0.19851848,0.7258518,0.61384904,0.72595084,1.0731181,0.37157163,0.3155361,0.61940145,0.15896657,0.4725242,0.3427976,0.5712555,0.5491817,0.41997874,0.20157099,0.44755164,0.03992485
0.056713905,0.08399274,0.26675832,0.43722188,0.5535449,0.6324189,0.61174667,0.4448917,0.30770797,0.2729025,0.56567544,0.3629241,0.37087512,0.44470966,0.072358206,0.33453596,0.31948096,0.0353746
-0.10183027,0.12698118,0.6667136,0.5807419,0.75091606,1.1382518,0.32128078,0.26701528,0.6414872,0.109783724,0.49427614,0.3116445,0.5891626,0.56650895,0.4888813,0.20086214,0.5217419,-0.024289282
0.064866215,0.1713843,0.4858513,0.5425911,0.626348,0.75687873,0.50642675,0.49223724,0.4086041,0.20721813,0.49526882,0.3338549,0.4160961,0.44712657,0.14979912,0.27747628,0.34353724,0.07083292
0.11342998,0.31388396,0.6995752,0.64765143,0.69668,0.82651997,0.4689686,0.39937338,0.49575225,0.24722575,0.44856554,0.334941,0.4703486,0.47834796,0.18922885,0.21824874,0.35848898,0.113927305
-0.18688785,0.21708909,0.31812444,0.40565675,0.90886635,0.7362492,0.31336027,-0.41444796,0.7133773,0.53278667,0.7319744,0.14527819,0.6148514,0.78427684,0.53245175,0.5610541,1.0609087,-0.19080031
-0.1323096,0.17281994,0.022163905,0.21050869,0.791512,0.30476803,0.47415835,-0.45693076,0.5537485,0.73505914,0.78927636,0.1342072,0.49816513,0.7654706,0.26305807,0.7945342,0.95696163,-0.14278612
-0.08696201,0.109291516,0.57872474,0.50668985,0.65847665,0.9676832,0.31295735,0.24708216,0.5633883,0.12359523,0.4743371,0.30868918,0.4917965,0.50902957,0.42539153,0.20962949,0.44060764,0.015924495
0.15835498,0.25764403,0.44796267,0.6107946,0.75468767,0.64515007,0.75342655,0.544482,0.37008047,0.40228617,0.60529405,0.40685073,0.44356358,0.5045803,-0.032939807,0.37804526,0.3781178,0.08667372
0.5542939,0.50157475,0.51958644,1.2810334,1.6419011,0.9002764,2.3350165,1.4845703,0.5447612,1.2817448,1.5854269,0.9941659,0.9143634,1.2759402,-0.43072793,1.2462784,1.0431986,0.17744415
0.028419863,0.049678635,0.25305712,0.39810413,0.5545846,0.65174747,0.5641332,0.4230625,0.34283742,0.2585188,0.55397284,0.3335966,0.37683296,0.44821295,0.128389,0.35856795,0.34488174,0.009458259
-0.01196434,0.069629624,0.29301786,0.4194929,0.6108544,0.7272446,0.5187336,0.36851308,0.3890873,0.19763821,0.5360348,0.3103104,0.37522364,0.46722233,0.17814495,0.30082792,0.37972558,-0.0010340661
0.2239689,0.4418756,0.76138043,0.73349196,0.7595602,0.69378674,0.56968176,0.43234903,0.46319452,0.3964427,0.47365355,0.37806907,0.48822922,0.48661566,0.035144635,0.27789718,0.39557475,0.1740464
0.16810125,0.4204092,0.85230553,0.73521435,0.74596804,0.8554965,0.47236052,0.36092398,0.5431281,0.33896065,0.44245908,0.36342716,0.5122918,0.5137054,0.18925008,0.20374009,0.3794432,0.13606568
-0.10118269,0.1275476,-0.010394789,0.18903553,0.6646757,0.24171951,0.484972,-0.2640464,0.4475107,0.60403067,0.6935463,0.13938071,0.39735317,0.63386756,0.1582609,0.68843657,0.75119406,-0.12311797
-0.22792603,0.24351147,0.513958,0.5230706,1.0035503,0.9938086,0.2478151,-0.35048696,0.8296756,0.4614495,0.72752285,0.16838163,0.70798403,0.828094,0.6453606,0.47904462,1.1193479,-0.20588177
-0.12168456,0.14000455,0.6125157,0.5491846,0.75048155,1.0800154,0.31586623,0.21043724,0.6574751,0.107894905,0.5020332,0.2865976,0.5474887,0.5868541,0.5068027,0.24535264,0.55228984,-0.013291422
-0.14962405,0.14405696,0.49889007,0.55304873,0.8676663,1.0775207,0.39344546,0.24541254,0.6743105,0.13469708,0.6070158,0.21284963,0.5781721,0.63968205,0.49780926,0.33351356,0.6970629,-0.05018579
-0.17462243,0.18326354,0.6176506,0.58097345,0.8739618,1.1284078,0.26290432,0.005791641,0.74725217,0.20084235,0.5829731,0.19499288,0.6268207,0.6964415,0.6063572,0.28209725,0.80920714,-0.11532107
-0.113959506,0.13322008,0.3511371,0.36992013,0.6626418,0.74523985,0.29609162,-0.08670661,0.5559434,0.26045102,0.53193504,0.1892888,0.49370033,0.5606682,0.45479134,0.38987392,0.6483352,-0.068458654
0.05022653,0.30895102,0.71996295,0.68285006,0.75428617,0.95222783,0.47532693,0.40261254,0.57937676,0.21782018,0.47662234,0.30857486,0.5030397,0.5390161,0.28015828,0.21965578,0.43474314,0.08532578
-0.1500129,0.18445894,0.8589622,0.6522555,0.7515716,1.1933358,0.13325357,0.03782963,0.7209597,0.23339255,0.46471396,0.3292054,0.67382324,0.6369811,0.57615674,0.100026034,0.6451502,-0.09448068
-0.048928324,0.15411475,0.56128144,0.5773396,0.76189935,1.0316428,0.45041305,0.39129233,0.5575845,0.13053629,0.5329556,0.30559272,0.524301,0.5437912,0.34199762,0.24124613,0.4849887,0.015829798
0.16636221,0.18869644,0.31010887,0.6329213,0.79837847,0.68675184,0.9903939,0.7158041,0.34436038,0.487979,0.7548522,0.47708622,0.4728456,0.59714156,-0.034542233,0.5124072,0.47555596,0.056240063
-0.2066114,0.2683427,0.52862257,0.5170911,1.0136597,0.9545975,0.29013944,-0.39198726,0.85997456,0.52528524,0.7416221,0.22204407,0.7200972,0.91235006,0.6730587,0.59857106,1.1327174,-0.15300953
-0.10567889,0.105963916,0.5626532,0.5605581,0.767372,1.0937246,0.37959152,0.32504794,0.6074461,0.09604795,0.5375143,0.28633666,0.5481904,0.5714941,0.48878527,0.25242692,0.53665495,-0.0029445142
-0.112096444,0.1266052,0.5907091,0.5628429,0.73961437,1.0857912,0.34418818,0.28592688,0.6220133,0.10704151,0.50480235,0.29234183,0.55145633,0.5640657,0.4670437,0.22338018,0.52155536,-0.015111156
0.018245438,0.10470746,0.3967165,0.46567088,0.61706173,0.7919731,0.5246503,0.43316773,0.3918326,0.19121158,0.5345973,0.34196502,0.40723985,0.45921576,0.17352614,0.27514327,0.33028975,0.031809967
-0.047334343,0.23373623,-0.45564055,0.15058514,1.1832455,-0.27180392,1.3365061,-0.3551889,0.5984893,1.4855207,1.3795338,0.21406212,0.55970937,1.2317879,-0.18632497,1.6793733,1.3867596,-0.17395379
0.10790044,0.11120871,0.19985077,0.5333248,0.730279,0.65616333,0.9296725,0.62637496,0.33747792,0.4576003,0.7569927,0.45798853,0.4344946,0.58290666,-0.02322476,0.49597543,0.4513586,0.015397292
