TeamExp,Transactions,Entities,PointsAdjust,Envergure,Language,Generated_Var_1,Effort
0.7029731,0.53188115,0.4017278,0.57269895,0.9906553,0.5329697,0.25928837,0.4694623
0.087527044,0.14132936,0.13924453,0.12512846,0.5152313,1.0377159,0.7575646,0.10808265
0.7143167,0.10370321,0.09322111,0.07377963,0.57204115,0.9694764,0.61798996,0.1365448
0.08627284,0.13604501,0.14049654,0.12490255,0.2199744,1.0602049,0.91640836,0.020435978
0.8427769,0.35347873,0.5264446,0.4574362,0.65111125,1.0491582,0.31644207,0.5440273
0.79016083,0.100805655,0.23031591,0.12653242,0.57974356,1.045644,0.5423076,0.21201251
0.3098905,0.087497495,0.16745254,0.11093037,0.47769427,1.0031519,0.62265134,0.09725252
0.16855347,0.1625597,0.29551587,0.21950196,0.9026252,0.65125555,0.5932531,0.2596192
0.2818084,0.08860313,0.2716757,0.1416809,0.4785575,0.6899019,0.9677162,0.09212873
-0.0022342578,0.14601497,0.19171743,0.14233796,0.30329823,1.0848238,0.8400551,0.07326773
-0.024634741,0.100366786,0.15476385,0.12031278,0.35808554,0.9499214,0.698419,0.07797242
0.39694056,0.05441332,0.30582994,0.14485511,0.44087753,0.55109906,0.9077876,0.089720085
0.22947423,0.11303136,0.2435044,0.15922128,0.4951038,0.41801253,0.46414393,0.119500116
-0.011199504,0.09093321,0.24158712,0.12396301,0.2687989,0.8688866,0.6469591,0.13450086
0.60544544,0.12221454,0.38853264,0.21298563,0.72626406,0.83461356,0.8956056,0.24638218
-0.006068863,0.19616374,0.10149691,0.17449676,0.4784843,1.0393981,0.82573766,0.055702478
0.20854494,0.13336521,0.3335929,0.20939839,0.5948299,0.8563188,0.9637626,0.17263164
0.25542778,0.14549692,0.12472378,0.11133219,0.49005607,1.0316825,0.82775915,0.09080386
0.72752184,0.08344023,0.059130378,0.030502398,0.44547275,1.0473772,0.41679782,0.071188286
0.60372025,0.24364237,0.29585633,0.29785132,0.6461499,1.0361626,0.41586745,0.34883788
0.6048812,0.044749793,0.19630349,0.06400543,0.03972596,0.7949423,0.38208437,-0.01837549
0.666395,0.14530018,0.26163435,0.19073433,0.7167235,1.0260274,0.7436805,0.26224846
0.43678802,0.08195463,0.23356934,0.12573457,0.12067981,0.9028056,0.43245447,0.054559886
0.9665441,0.06561612,0.17694688,0.08087666,-0.030068766,1.1271375,0.35549426,-0.0605851
0.22010787,0.23507826,0.10290164,0.23929316,0.5964287,0.1349924,0.37535197,0.013554361
0.7516981,0.6822231,0.11288734,0.5962797,1.0908189,-0.06074954,0.12349072,0.20932038
0.42509115,0.0989561,0.34713012,0.1851686,0.62514937,0.73250973,0.93655366,0.18152219
0.7617362,0.5224535,0.63920844,0.63972753,0.5111185,0.9315575,0.21078862,0.5946144
0.5142853,0.087599926,0.21428473,0.10161458,0.5354711,1.0058012,0.49234164,0.15840624
-0.044150032,0.18772396,0.16697848,0.183078,0.7034072,0.8896796,0.7917749,0.09909503
0.16373661,0.15667164,0.08673779,0.12463799,0.57360244,1.1247512,0.7880528,0.11836062
-0.008604512,0.1641012,0.12114906,0.15184596,0.75081974,0.703948,0.61625165,0.10390422
0.7765033,0.11085837,0.3136574,0.15680736,0.49621633,1.0158929,0.37456596,0.23429704
-0.082184106,0.15299608,0.21230341,0.18793406,0.5294634,1.0368392,0.8484793,0.104680374
0.3564923,0.109714516,0.1566383,0.121542215,0.38249174,0.8597674,0.8459537,0.0812402
0.0021359697,0.12732962,0.21395281,0.14638317,0.311155,0.8796318,0.88945043,0.052740134
0.42379224,0.026782455,0.2506287,0.118346184,0.4290391,0.5220464,0.94450444,0.06954782
-0.026394866,0.097974986,0.12413868,0.11121647,0.7323318,0.77317417,0.66008097,0.13031647
0.059731573,0.0998007,0.22175561,0.14133094,0.26943702,0.70223784,0.9640586,0.015256717
0.56080663,0.12204835,0.2915221,0.19055857,0.26311082,0.8835556,0.37615675,0.13779938
0.08147993,0.122694835,0.1331315,0.13055882,0.673032,0.9284443,0.6843896,0.15994887
0.4834527,0.10473361,0.20727827,0.106877625,0.5909582,0.93350637,0.49532098,0.1798887
-0.005529724,0.1701274,0.16870919,0.15059002,0.35299602,1.149902,0.91900146,0.0961404
0.6420265,0.107593015,0.09502388,0.12664199,0.34790373,0.9726291,0.73571193,0.10243508
-0.05047989,0.17374802,0.10406233,0.14161,0.40560687,0.9628833,0.7511202,0.053153135
0.75699574,0.11371234,0.33848655,0.17180188,0.064140275,0.8029419,0.32686436,0.06813431
0.7679329,0.06859531,0.1841571,0.08657099,0.47942048,0.99831647,0.55544424,0.1282519
0.7443056,0.083648905,0.25247863,0.10423151,0.20772941,0.90240604,0.33514738,0.07470989
0.71466625,0.18045934,0.5030794,0.29083315,0.8579303,0.97037786,0.6974114,0.4334532
0.59388775,0.29098412,0.35690475,0.35838702,0.8285281,0.92427224,0.4141115,0.4360931
0.7641169,0.21263136,0.31283116,0.25443462,0.5218131,1.0342689,0.38268256,0.27943018
0.7409446,0.11412073,0.34421468,0.15144281,0.28504428,0.9374677,0.38011962,0.10902734
0.46898267,0.078378476,0.1378056,0.075437315,0.22599806,1.0787756,0.5840182,0.029207429
0.45031258,0.07507717,0.27284765,0.10761754,0.4455121,0.8401632,0.5091656,0.1588548
0.01781983,0.16697063,0.15644905,0.1854317,0.7551095,0.85761535,0.7403604,0.12773141
-0.055760488,0.102178566,0.17072356,0.10750279,0.45843124,0.7529293,0.6579423,0.14819016
0.7562067,0.22235966,0.3593951,0.2684604,0.5852785,1.0161301,0.3213976,0.36110833
0.6479861,0.2656025,0.39338106,0.3385669,0.8664372,0.9111022,0.40614772,0.43762833
0.6106007,0.04927672,0.19439042,0.10218854,0.3621062,0.64900374,0.900502,0.04850258
0.5164776,0.104311645,0.3111573,0.15635057,0.23327143,0.5424544,0.37836963,0.10789661
0.018201068,0.07173352,0.19495904,0.10615818,0.52699715,0.7232407,0.61482644,0.16374053
0.11336208,0.121582635,0.016465403,0.09796275,0.7400598,1.0686735,0.66170675,0.1849519
0.68712854,0.13537495,0.31880248,0.20240164,0.6853105,0.9870225,0.66213554,0.29899883
0.17387408,0.10172409,0.37938017,0.20303574,0.5665817,0.65114313,0.9136501,0.16225877
0.092886,0.02272479,0.33170927,0.12549151,-0.30379155,0.23202306,0.47029924,-0.057484176
0.3348679,0.16243735,0.38950562,0.24934985,0.87511224,1.0529709,0.7979727,0.34336442
0.49513325,0.09151219,0.053061724,0.061946232,0.625579,1.0421116,0.58535725,0.15365875
0.6852762,0.097695515,0.15013449,0.10556121,0.68822944,1.1198186,0.48210847,0.2238304
0.34450495,0.22443551,0.14435053,0.2396872,0.95062053,0.855042,0.6126729,0.23160177
0.106862605,0.13519126,0.22807953,0.15827347,0.22952491,1.0150449,1.0161353,0.04265454
0.77318203,0.30770865,0.48483223,0.40241385,0.6512319,1.0042443,0.33222443,0.48677322
0.45216045,0.16504295,0.27986923,0.22107162,0.6194583,1.0386202,0.5535306,0.29284745
-0.006574303,0.10922383,0.09719436,0.10981272,0.7254057,0.5693016,0.6230017,0.101504564
0.76472384,0.108230114,0.26351792,0.1400888,0.54879344,1.0233395,0.3801397,0.23482816
0.27282703,0.03538174,0.32057017,0.14239836,0.3354427,0.33383572,0.99382704,0.02567411
0.71305466,0.21607824,0.46519244,0.3375581,0.86673826,1.0557761,0.4882455,0.4951354
0.823755,0.12133448,0.4316641,0.24393745,0.84581214,1.0678757,0.6660383,0.41370827
0.70433724,0.13042055,0.24543145,0.14246045,0.6165141,1.0451494,0.403301,0.2632915
0.6873066,0.11231316,0.16813841,0.09863399,0.5556917,1.012803,0.3717016,0.20126054
0.8108782,0.15149774,0.39842308,0.22909303,0.64492035,1.020567,0.47349864,0.35359704
0.08883015,0.14623961,0.16426139,0.15959391,0.26912743,0.9827568,0.94936764,0.062423624
0.43402603,0.14555337,0.36763698,0.22831233,0.7133001,0.9129361,0.87926924,0.25964716
0.050012197,0.11822577,0.27981102,0.1572516,0.35966116,0.8982869,0.9233193,0.07998119
0.048706427,0.16557361,0.10594713,0.124812126,0.2482144,1.1499208,0.87920743,0.054265127
0.828753,0.09151278,0.28991932,0.14503539,0.63811195,0.9476828,0.59876055,0.23785289
0.7306306,0.101725034,0.14635001,0.10558635,0.4597051,1.0616319,0.64296985,0.11963819
0.113908425,0.09959387,0.25005746,0.14642707,0.23084156,0.6687341,0.9384819,0.00059611537
0.8364083,0.25308862,0.5248742,0.36219954,0.8959756,1.0130957,0.45701963,0.5998884
0.53944254,0.15636657,0.19144519,0.18507516,0.69210565,0.96453553,0.732427,0.19875957
0.62338483,0.46179312,0.5570224,0.5760556,0.23885742,0.8135626,0.25395745,0.39982134
0.9411325,0.13068967,0.40574825,0.21838886,0.7514608,0.86947334,0.8490509,0.32428202
0.7222321,0.09264771,0.27199858,0.12994625,0.33660153,0.89445573,0.35941595,0.15961301
-0.023830809,0.16886769,0.1801019,0.17604773,0.48453403,1.0336384,0.8720443,0.088255405
0.17791006,0.14457859,0.18693307,0.16608097,0.57685745,1.1225154,0.82273537,0.16225417
0.32396305,0.2062703,0.03274522,0.17043845,0.7111015,0.93108827,0.6454841,0.11124022
0.014795024,0.11826303,0.14719492,0.13547668,0.5978697,1.0338408,0.73428833,0.13530691
0.77414256,0.18042916,0.30561072,0.19128773,0.5501593,1.0138263,0.3734808,0.2706535
0.2906252,0.091723375,0.09119832,0.07166599,0.37353498,1.0805151,0.6683651,0.054383103
0.77958983,0.113194436,0.25949794,0.16283657,0.6537937,0.9951875,0.6787166,0.25884148
0.7577136,0.09802697,0.3777032,0.20190817,0.76068455,0.8512283,0.82772195,0.27874297
0.13449234,0.1721962,0.08055182,0.17024042,0.7038743,0.20992339,0.4363323,0.036643237
0.19634745,0.049298108,0.18092003,0.0782212,0.12695108,0.63721895,0.9714415,-0.0403059
0.119396925,0.1303845,0.20577633,0.14502065,0.44619876,0.8915641,0.896247,0.08448746
0.041856498,0.027658608,0.3089856,0.117213294,-0.052280564,0.153146,0.4800852,-0.01615157
0.020933107,0.17122298,0.09939608,0.1448157,0.526782,1.0872602,0.7776135,0.12751697
0.4985064,0.06417458,0.22300532,0.082158074,0.16541006,1.0003093,0.46638817,0.035767328
0.30272892,0.05937679,0.22212121,0.101787314,0.22163072,0.7922961,1.0683568,-0.03014975
-0.021311142,0.046651736,0.20636256,0.08214536,0.23156019,0.6053667,0.57108235,0.06988681
0.33006966,0.0882971,0.15816328,0.08848711,0.5916342,1.0212061,0.57692975,0.16100334
0.23162647,0.0937246,0.17341879,0.11633432,0.30768564,0.7790571,0.9774553,0.018945038
0.5609961,0.120179646,0.2113587,0.15211818,0.7494061,1.1328136,0.6499603,0.26613814
0.61879605,0.13703556,0.18746984,0.13544628,0.69096917,1.1363611,0.58747536,0.21716996
0.07046218,0.14286837,0.387738,0.23349316,0.6462698,0.9719445,1.0350282,0.16756259
0.39817852,0.08820363,0.08511753,0.065511554,0.617432,1.0537642,0.59973025,0.13313657
0.10054328,0.14601375,-0.0040818825,0.08008428,0.67786276,1.0066813,0.67099625,0.20188871
0.044383466,0.1538936,0.13059205,0.13820603,0.4498472,1.0610539,0.84331477,0.08523339
0.15870543,0.16663823,0.2716269,0.20508736,0.66904587,0.97239244,0.9454257,0.16257642
0.8028605,0.15042497,0.3063771,0.19718635,0.7341412,1.1139883,0.4434626,0.36001334
0.032721367,0.11574216,0.11467834,0.10947947,0.46061656,1.0872252,0.7174642,0.10046975
0.88519144,0.12994814,0.48268962,0.25089234,0.86314285,0.9525351,0.87441766,0.38320962
0.005289566,0.07131589,0.22072053,0.13376737,0.15672497,0.98641205,0.7198538,0.06941569
0.34530976,0.1032838,0.16667452,0.10779327,0.66381156,1.147659,0.7008445,0.1713824
-0.044089265,0.051840175,0.22066234,0.10948056,0.24963652,0.49035898,0.5464546,0.06661704
0.17544499,0.049843177,0.31114054,0.17050514,-0.09380725,-0.142562,0.42611456,-0.10999785
-0.031127848,0.13321778,0.17413697,0.15278476,0.4370467,1.0427319,0.8540143,0.08955854
0.70412165,0.107641034,0.18323798,0.14886133,0.44213232,1.0344679,0.51051503,0.17575356
0.13490906,0.1554167,0.19263473,0.15509824,0.47839,0.9008406,0.85193264,0.093987525
0.017281104,0.05177958,0.2155947,0.10743813,0.111669466,0.5281088,0.49316788,0.032126404
0.42230275,0.10703045,0.20322667,0.14556924,0.469643,0.74988186,0.85277665,0.11311215
0.66631085,0.15704046,0.21873166,0.19219996,0.71863866,1.1938068,0.66089934,0.2790335
0.46899977,0.2557308,0.09752442,0.21766248,0.48140645,0.79347426,0.32118362,0.15106453
0.15455168,0.1534442,0.17944019,0.17384945,0.7001175,1.0964785,0.7405369,0.19547637
0.42093188,0.3138863,0.19972934,0.31531146,0.7245689,0.36720356,0.33992618,0.17428279
0.85914135,0.1654497,0.51252663,0.28434333,0.8498472,0.92402637,0.6809494,0.46240398
0.054071292,0.14997607,0.19989146,0.14131165,0.3433405,1.0210309,0.8707847,0.07217002
0.63963217,0.2071153,0.42648983,0.2868092,0.80933654,1.0167576,0.7045274,0.40046415
0.7784442,0.23947404,0.5368127,0.34920457,0.79179555,1.0520071,0.38749743,0.5629813
0.20278537,-0.015134817,0.35607582,0.10776621,-0.110946804,0.22649163,0.48321974,-0.014478579
0.77087563,0.094330736,0.19472596,0.117952794,0.5333255,0.93556833,0.6607269,0.15038067
0.25650445,0.14969704,0.084248066,0.1418977,0.49053925,1.0037234,0.58404386,0.14679086
0.72712624,0.24960615,0.4471144,0.32674855,0.60246223,0.9062974,0.30165312,0.4335275
0.034063376,0.098203,0.18610719,0.12074044,0.54183674,0.98301595,0.73737323,0.1350486
0.32001516,0.090520054,0.19494098,0.1249522,0.3187952,0.64670455,0.9477884,0.028318938
0.4588615,0.08972634,0.19286588,0.1312451,0.41676176,0.7778224,0.8615868,0.10403496
0.5395833,0.09845694,0.18812688,0.11470039,0.5348772,0.8370699,0.8346207,0.11647846
0.06627183,0.17527212,-0.035578534,0.10758601,0.63432354,0.49664837,0.44604325,-0.0050222687
0.10061387,0.06975212,0.41170675,0.19904149,0.4087102,0.43474936,1.0622685,0.06565042
0.7249391,0.17031896,0.30950165,0.200796,0.45337048,0.96934235,0.3226276,0.23077063
0.43443927,0.104838245,0.24608986,0.15425502,0.67740035,1.0614063,0.70225114,0.22995585
0.38643995,0.2725241,-0.117664084,0.17452173,0.84308743,0.7103313,0.46560103,0.06458746
0.6669713,0.17202075,0.4306838,0.27400976,0.8889424,1.0415704,0.70287716,0.40721616
0.7838338,0.1181395,0.26704124,0.14109813,0.60610366,1.0498415,0.40924925,0.26849976
0.009780761,0.10881123,0.23141156,0.14439833,0.48769632,0.9725907,0.7332605,0.12843944
0.7884439,0.0679185,0.28401768,0.10541706,-0.07862975,0.9338779,0.32503647,-0.056925926
0.13156469,0.047019094,0.28326923,0.12324965,0.10460022,0.5264739,1.076546,-0.03887627
0.35552302,0.12569448,0.23835228,0.1730856,0.7931678,1.1382635,0.7524776,0.26074234
0.013651803,0.16186313,0.18007176,0.16979277,0.39935872,0.9815686,0.9068838,0.061213482
0.692805,0.110032946,0.1876863,0.08685371,0.41341224,0.991382,0.3592754,0.11986822
0.20878315,0.11046594,0.16040556,0.12066467,0.68595535,1.0590494,0.6550365,0.18169297
0.35176983,0.07433022,0.38589108,0.19156736,0.6474258,0.7412715,0.9675743,0.1884322
0.72901654,0.11896101,0.31062007,0.18022312,0.67286175,0.88568944,0.8409669,0.22910653
0.59912395,0.4129558,0.16219863,0.4014356,0.6865281,-0.10912461,0.2120187,0.066079505
0.72645646,0.073009156,0.09696186,0.05117018,0.3662023,1.0488698,0.3938403,0.06674936
-0.0071253106,0.20548074,0.17820524,0.18244398,0.40153718,1.2425157,0.91868925,0.10317454
0.001245901,0.1359805,0.17127983,0.13230322,0.35655478,1.0372992,0.8289314,0.077946365
0.1883345,0.13165079,0.21950951,0.15598357,0.66823834,1.1204938,0.7764535,0.17530477
0.6984762,0.3755122,0.3936113,0.43898508,0.09845543,0.33645633,0.24700522,0.09626384
0.131194,0.10296049,0.0820722,0.14308739,0.79013234,0.98313856,0.6916248,0.21106523
0.76337594,0.20616396,0.414577,0.25733122,0.22085756,0.9269118,0.32460004,0.18122537
0.38222957,0.12778756,0.11422026,0.1280682,0.8274569,1.1072319,0.58026606,0.26307464
0.38724384,0.09470805,0.27218044,0.15350097,0.7069666,0.9946281,0.53789914,0.25947413
-0.048291087,0.16618204,0.14268887,0.15459941,0.46913818,0.9970473,0.7708869,0.0805465
0.7668307,0.15991077,0.21887246,0.15465717,0.15365687,1.0383246,0.32939577,0.04955115
0.53293616,0.15070762,0.31421632,0.23520887,0.6438287,0.9732649,0.49116755,0.3008847
0.5752334,0.10478483,0.14501213,0.07802896,0.5976431,1.0575836,0.43617815,0.1718077
0.73039657,0.37902993,0.3194363,0.4030017,0.9376417,0.8378607,0.32544756,0.3993052
0.70279485,0.22763899,0.2998591,0.26844957,0.74363476,1.1109962,0.6201796,0.3628908
0.09752558,0.1446185,0.19447127,0.16163298,0.381896,0.7813915,0.8907389,0.04038179
0.27272666,0.121272124,0.17187378,0.15001297,0.7116185,1.0566121,0.66450506,0.21541354
0.0729818,0.11243439,0.17165351,0.1134392,0.14111006,0.8997791,0.92853135,-0.020062499
0.75454473,0.16735399,0.41321492,0.26448277,0.574332,0.9788964,0.3394416,0.35117868
0.3141958,0.21871568,0.16101664,0.24615858,0.41788834,-0.18491426,0.322126,-0.04981638
0.20080708,0.083432674,0.08282995,0.05831829,0.5822104,1.0098772,0.58879995,0.11614469
0.68749964,0.07257059,0.34304482,0.13066332,0.073222816,0.7254675,0.32833612,0.05556383
0.76771617,0.15452284,0.2967837,0.16765013,0.4925628,1.0603433,0.35141474,0.2284813
0.74703234,0.40815592,0.4880492,0.48041975,0.88635385,0.8799024,0.33614337,0.56316537
0.12550038,0.18992744,-0.071468994,0.12326464,0.75418043,1.2347944,0.71363246,0.23960316
0.67592496,0.35221377,0.49928898,0.47941607,-0.1705353,0.43533564,0.2599398,0.10539721
0.6897006,0.38101214,0.5447714,0.48679307,0.72917765,0.84314317,0.27836427,0.600221
0.73465043,0.21253254,0.42326015,0.29467118,0.80059725,1.0437385,0.5847905,0.4222777
0.7459306,0.19287108,0.41563934,0.26588988,0.08250978,0.7295567,0.2972936,0.10887675
0.13291335,0.16018629,0.11995037,0.14536813,0.2931463,1.2174015,0.91960084,0.08671568
0.6648566,0.20997071,0.32030374,0.2797551,0.80433416,1.0865444,0.5276291,0.37417474
0.1093833,0.14443247,0.35399163,0.2383807,0.5761302,0.74834675,1.035775,0.13043725
0.004903987,0.1441071,0.1562966,0.1410538,0.38383165,1.0957603,0.8752874,0.08520586
0.72885686,0.08276169,0.37986457,0.19848937,0.77997595,0.9487556,0.78820956,0.3172292
-0.030707791,0.15505409,0.23660763,0.17186917,0.4899729,1.05738,0.95703197,0.08957098
0.14353383,0.1406926,0.12768954,0.12910137,0.3161753,1.074127,0.8339961,0.072817594
0.26547498,0.14744131,0.05241613,0.09839882,0.5363108,0.9923863,0.7647774,0.12140858
0.1213457,0.100697055,0.17979538,0.1146045,0.5909626,0.6452873,0.5644262,0.10627721
0.26607668,0.20701122,-0.033389337,0.11888774,0.39546376,1.026813,0.65443116,0.025023384
0.63151366,0.111731164,0.11346951,0.08955692,0.61231244,1.0535741,0.42770362,0.18665591
0.60398537,0.16303101,0.3374713,0.23721978,0.91578436,1.2074109,0.71885574,0.3687284
0.6713009,0.034935102,0.23987617,0.06789929,0.0781958,0.7643997,0.35900694,0.0013730936
0.8187089,0.15745918,0.31488866,0.17712201,0.47844872,1.1344317,0.36090273,0.22288756
0.37713197,0.16344923,0.23350553,0.17837258,0.66742134,0.98538464,0.876469,0.1762934
-0.05151342,0.17866115,0.13866737,0.18260427,0.6939915,0.8299602,0.77132314,0.08540361
0.33655387,0.089873016,0.061683513,0.048322104,0.5490646,1.0093507,0.54745084,0.09505224
0.48969188,0.10776642,0.19138876,0.11757541,0.59199864,1.128805,0.6061099,0.18588433
-0.031247102,0.14398457,0.1815145,0.14817247,0.38439256,1.0071507,0.8244343,0.07142635
0.51564157,0.09205662,0.28075743,0.13109413,0.5618875,0.9484191,0.47232068,0.23537533
-0.01750806,0.16552083,0.17239958,0.16849804,0.4328855,1.0662786,0.8917628,0.0841068
0.4476913,0.038621858,0.34039468,0.1210186,0.04541374,0.5026614,0.41910625,0.038554978
0.85934263,0.10018537,0.29037017,0.17359696,0.5581353,0.8233297,0.6652978,0.20539738
0.8340647,0.0881361,0.27167445,0.12913316,0.64351076,1.0249335,0.6215284,0.23403732
0.6269394,0.04451838,0.22605127,0.06085212,0.035802346,0.88607615,0.37075555,-0.0060438924
0.64761424,0.12682834,0.25430548,0.11976911,0.49929464,0.9743743,0.41103804,0.17984222
0.105745524,0.1931197,0.11339906,0.17314151,0.42983702,1.0455393,0.91124296,0.10014324
0.8425685,0.120472215,0.40686393,0.1999411,0.67204773,1.0843784,0.43603247,0.34383494
0.013814092,0.13333169,0.24989708,0.15949781,0.32113624,1.1050812,0.86242837,0.10378054
0.40339386,0.15989225,0.3254453,0.22556038,0.7642623,0.88428515,0.49242938,0.29625136
0.6837376,0.44248435,0.62723285,0.5590076,0.7344178,0.8990904,0.26128298,0.66805077
-0.0128983185,0.2065334,0.074875206,0.17265652,0.8217244,0.72694254,0.6869376,0.04897683
0.4760651,0.1521689,0.18177152,0.15569066,0.6983363,1.0617002,0.79122156,0.21994263
0.16765948,0.1476401,0.21099424,0.16870417,0.5338705,0.93639827,0.8795851,0.12366675
0.49413007,0.35515967,0.2074458,0.3655041,0.73502207,-0.046963625,0.31265292,0.09227423
0.5683645,0.024948454,0.20872669,0.061089903,-0.02896664,0.7015914,0.36044532,-0.054033253
0.7450165,0.25860327,0.4027338,0.3266831,0.61453635,0.9604594,0.28916293,0.4322671
0.0567324,0.052970104,0.16225556,0.07899724,0.21188012,0.7127364,0.520162,0.048107564
0.7836487,0.17071317,0.424514,0.26165044,0.85735106,1.0818126,0.6267979,0.44162712
0.1784845,0.11627025,0.11747837,0.11526491,0.7740063,0.9561537,0.6170867,0.22328214
0.118076935,0.1051618,0.15621212,0.15577409,0.31019062,-0.1660063,0.43769383,-0.07452838
0.26364544,-0.0056463294,0.35502988,0.11617169,-0.15475363,0.3669153,0.4917156,-0.013166521
0.24121204,0.1886687,0.38155043,0.27610385,0.87658894,0.8173536,0.57056844,0.3533421
0.6426688,0.25373003,0.19151512,0.26913998,0.49440408,0.98500544,0.38597286,0.2642602
0.098935865,0.19885628,0.11249947,0.19078061,0.6071959,0.9928241,0.6901156,0.12846996
0.6708044,0.395247,0.44324976,0.4374502,0.48661637,0.66609657,0.2775669,0.36155114
0.45630163,0.12919974,0.16775933,0.13259925,0.7241402,1.2152978,0.7034899,0.1896846
0.08767645,0.09784518,0.3161258,0.16687998,0.39187992,0.57638544,0.96885914,0.051040087
0.07115695,0.16107513,0.19001618,0.20753634,0.830749,0.87693894,0.72760457,0.15837213
-0.038783364,0.011683656,0.2700832,0.09056997,0.07011319,0.47310355,0.6160127,0.08479118
0.24622962,0.114071384,0.16560191,0.14880969,0.7958615,0.9848293,0.5884855,0.24736734
0.069338255,0.09097151,0.19007878,0.12334639,0.0700392,1.0815023,1.0037688,-0.009646121
0.0373042,0.13458835,0.2850314,0.16479483,0.34659848,0.86397266,0.9644987,0.07547548
0.13187794,0.044333085,0.42853463,0.18591069,0.3905059,0.28167638,1.1393788,0.01188606
0.30709156,0.038675178,0.35154325,0.14768994,-0.05529954,0.29156512,0.43265134,0.0028640851
0.7817581,0.39105886,0.31663865,0.4208131,0.83785695,0.7806261,0.27421516,0.44360006
0.101809375,0.17018345,0.24996172,0.21661586,0.7276177,1.0169306,0.8984049,0.17174925
0.7738089,0.16025984,0.32339936,0.2236811,0.71658206,1.040952,0.68074805,0.3204609
0.4861186,0.25007388,0.37739545,0.3135161,0.77329624,0.7611439,0.41221255,0.37675437
0.71393394,0.4228895,0.63948417,0.5563589,0.9688015,0.8305659,0.39083338,0.7015054
0.0840766,0.12289171,0.1334071,0.10649119,0.31017718,1.0562724,0.868185,0.043480173
0.09702368,0.099964716,0.22194824,0.13497256,0.10746291,0.97034615,0.96144474,0.018804442
0.8504398,0.14723365,0.3545727,0.20442073,0.82637274,1.1537086,0.7049284,0.35599536
0.6836754,0.20047784,0.4244358,0.2694099,0.31498212,0.74460304,0.32679754,0.21511118
0.12473379,0.14336781,0.3170752,0.21471097,0.5555175,0.8543451,1.003367,0.14347288
0.31241632,-0.0027204584,0.35743952,0.12628359,-0.2922137,0.39356467,0.39880562,-0.054215055
0.24163431,0.24100676,0.16993469,0.26678,0.9388798,0.7654113,0.58684653,0.21858387
0.052779444,0.08713513,0.40014893,0.19680698,0.48848885,0.6317558,1.0274807,0.094123736
-0.0067634955,0.10128202,0.1989938,0.13763124,0.35038942,1.0557806,0.8284235,0.10002169
-0.032985,0.10214853,0.13691479,0.10664125,0.32930204,0.45122102,0.5064599,0.041775767
0.65169907,0.35520604,0.52387697,0.45664832,0.63032246,0.8897965,0.29062194,0.5195255
0.10116171,0.17095956,0.27769023,0.1746114,0.4826946,1.0292418,1.0611472,0.09542903
0.658273,0.31917238,0.22808868,0.3149925,0.7738972,0.6489792,0.3382923,0.3009147
0.40110704,0.07408704,0.24430235,0.13754955,0.47983173,0.61626244,1.0086812,0.08836734
0.056851156,0.052137353,0.4344086,0.180989,0.36205098,0.45066443,1.0295596,0.07600483
0.050197158,0.08862351,0.1878052,0.11199801,0.6276757,0.8133831,0.6155385,0.15421033
0.044070434,0.1703386,0.099884935,0.14018892,0.38006032,1.0731997,0.8597558,0.060767595
-0.0064884424,0.072078116,0.2025644,0.11205986,-0.010476157,0.14634,0.4769681,-0.04175021
0.016434263,0.11162843,0.17412516,0.117243186,0.14812697,1.0638225,0.7223403,0.05974783
0.28076315,0.083693385,0.14728636,0.07808006,0.57419837,0.9245741,0.57472533,0.123959824
0.7444436,0.096018665,0.26041594,0.16068508,0.5917616,0.8506135,0.86291075,0.17588852
0.13845256,0.05366976,0.23957658,0.09989412,0.22866686,0.60336095,0.93419296,-0.0076391995
0.19930312,0.107215546,0.13159385,0.07425331,0.10354671,0.9984757,0.88675606,-0.054798167
-0.021211788,0.14177759,0.30468524,0.22825894,0.5663544,0.99219435,0.9569249,0.14395182
0.7719359,0.1269578,0.3366562,0.2025447,0.65687877,0.8820306,0.76051766,0.26877967
0.16566357,0.16214727,0.3361234,0.23189661,0.7757115,0.9494221,0.8939331,0.24026087
0.4284855,0.069828495,0.3184383,0.15625896,0.5261406,0.6567241,0.96399635,0.10561873
0.81626767,0.05189062,0.3579417,0.13007247,-0.24482349,0.9060733,0.36380988,-0.1315297
0.25929338,0.08627275,0.029816847,0.045219988,0.46420678,0.97543025,0.5516602,0.09078479
0.74543846,0.2520351,0.521909,0.35519934,0.6918877,0.96071273,0.3490743,0.50240576
0.4016797,0.123916015,0.19479483,0.13425289,0.6316899,1.0019543,0.89928013,0.16389042
0.45720568,0.13761994,0.18779907,0.16661881,0.67454934,1.0635233,0.6132422,0.24392176
0.7767518,0.11174317,0.25929034,0.1768663,0.6389732,0.9346747,0.78195083,0.22328597
0.3054332,0.095006086,0.1795839,0.10389355,0.59478736,0.9395183,0.540986,0.15660189
0.7109635,0.40487117,0.5111869,0.5120379,0.34206975,0.93831456,0.26985794,0.38444644
0.77623814,0.23390894,0.46333265,0.32457423,0.33576575,0.93210083,0.30072814,0.29452547
0.8851616,0.09422577,0.41310668,0.20016704,0.76339626,0.8693574,0.89335227,0.29137397
0.36928514,0.14137225,0.083833106,0.13428606,0.23823749,1.2193807,0.79739296,0.06864275
0.38205677,0.059805833,0.22080046,0.079594776,0.31727728,0.83168876,0.47301537,0.08845775
0.09235254,0.104426935,0.16416276,0.1088945,0.61710924,0.98633057,0.64834225,0.16006295
0.837799,0.07426263,0.28281087,0.14321335,0.64146435,0.9040754,0.83249754,0.20799628
0.23940666,0.11229953,0.0149523765,0.08414744,0.80414677,1.116176,0.6189953,0.20405188
0.46675223,0.14569917,0.1176596,0.1439276,0.48387745,1.0686342,0.8083258,0.14796738
0.7575358,0.043559004,0.3126113,0.14929454,0.5839188,0.6537736,0.85800093,0.15665674
0.7488013,0.24774759,0.47104752,0.34108838,0.6714415,0.9542701,0.3750111,0.46248412
0.24381164,0.2075527,0.094156444,0.20257726,0.9418069,0.7701006,0.62278634,0.16894248
0.7694774,0.13805611,0.2586147,0.15893891,0.658755,1.0437028,0.4783767,0.27606988
0.76622725,0.12158579,0.2862323,0.16473511,0.12054017,0.9905342,0.33658308,0.061861385
0.40982842,0.08879112,0.13833632,0.09407614,0.69692135,1.1160715,0.5767248,0.19023181
0.7050898,0.4527223,0.63746315,0.58895683,0.7512144,1.0217907,0.354021,0.6598452
0.16203181,0.15966919,-0.020490855,0.09007921,0.56938404,1.126116,0.6884621,0.12591818
0.4497263,0.16292894,0.34947723,0.24661958,0.66060877,0.82726526,0.4507324,0.28776667
-0.008829668,0.13029772,0.173343,0.1339596,0.33454055,1.1441001,0.88638425,0.0813784
0.7665006,0.13665135,0.2848059,0.18320869,0.620467,0.9899316,0.54606724,0.27137962
0.8240968,0.16667952,0.26323253,0.17965527,0.46230045,1.0478802,0.35285103,0.22468716
0.30805403,0.11012139,0.25419283,0.14404544,0.4702906,0.82724804,0.92437685,0.100825295
0.54934967,0.23372081,0.34425873,0.3116804,-0.009288821,0.17018709,0.27033496,0.0046808627
-0.028951399,0.108918704,0.18183959,0.14199169,0.5904915,0.94001913,0.69649905,0.15293789
0.67095065,0.33310643,0.3901959,0.38284665,0.7499067,0.6834852,0.32139748,0.38543016
0.06902091,0.19048601,0.027732361,0.15450384,0.7982138,0.11368737,0.52016133,-0.025989495
0.021668155,0.12969324,0.2791528,0.20671132,0.72512496,1.005347,0.81993514,0.2156792
0.7653945,0.16555934,0.26771587,0.18763037,0.6357386,1.0705069,0.49941522,0.28423783
0.74119604,0.072805084,0.18755974,0.0632257,0.28785133,0.9976774,0.37249792,0.06720788
0.059044696,0.10091923,0.25038826,0.13645633,0.18721452,0.8612147,0.92415404,0.037978247
0.7297843,0.0970789,0.18178636,0.11165249,0.33644772,1.1017125,0.46129674,0.111735985
0.88652045,0.07522136,0.13219145,0.124270886,0.40583378,0.9196447,0.7706415,0.12914918
0.52920043,0.11525655,0.1771135,0.117549986,0.6515976,1.058791,0.7358195,0.17978173
0.6691959,0.057318613,0.24825345,0.12993322,0.52029365,0.68160576,0.89201504,0.1291618
0.004869573,0.18294115,0.04231552,0.14719293,0.85472375,0.33176038,0.5731721,0.021248288
0.1696701,0.09816592,0.16268182,0.124682814,0.7332123,1.0106643,0.6717291,0.186884
0.122050375,0.050699677,0.3591702,0.15553899,0.37059307,0.41427538,0.9899992,0.04454553
0.706083,0.20916782,0.37957823,0.27750725,0.5193259,0.8871043,0.36676782,0.30181855
0.5405266,0.348985,0.35548437,0.39237392,0.57901436,0.122311875,0.3568635,0.1478114
0.02949594,0.12779914,0.3860923,0.20868966,0.33351448,0.76999676,1.077975,0.118051484
0.045527212,0.19917154,0.036862575,0.1856854,1.0088623,0.0958339,0.58505726,-0.0033686794
0.7298809,0.31734326,0.47956246,0.41607115,0.7019143,0.86183566,0.29562902,0.5047366
-0.022734083,0.14123496,0.048274927,0.12925448,0.30663013,0.45497707,0.41111505,-0.028316867
0.24157465,0.0851876,0.08100565,0.06588761,0.43645865,0.8167211,0.4995438,0.11577153
0.6991502,0.086539805,0.17457566,0.06809421,0.2680769,0.93316334,0.36642528,0.049974654
0.53131163,0.12782304,0.18239328,0.13510422,0.6527284,1.1703421,0.6762556,0.21153904
0.031405814,0.14285418,0.15966123,0.16004887,0.59698486,1.0731565,0.8025541,0.13947192
0.6003346,0.14112149,0.38002354,0.21005976,0.22409795,0.7486026,0.3503753,0.16820358
0.025544737,0.21585204,-0.013071723,0.13789757,0.7312483,0.6095099,0.52221745,0.009452369
-0.026920207,0.14427191,0.16520998,0.15617025,0.56970775,1.0247906,0.74672353,0.14090982
0.09773299,0.08224504,0.28058684,0.15066639,0.31903926,0.55645275,0.9695692,0.04783059
0.29774064,0.122324765,0.14384493,0.11964013,0.5481118,0.91889435,0.8809324,0.12287563
0.60356975,0.10257336,0.19160973,0.12130839,0.701853,1.1349975,0.5489267,0.21200107
0.7905788,0.13389839,0.31364247,0.1928483,0.77032864,1.0547445,0.49910468,0.3618355
-0.025955163,0.14969367,0.10866624,0.14156915,0.3829257,0.9741419,0.73582053,0.082768455
0.4187762,0.17119484,0.3213926,0.2589228,0.19103914,0.057487227,0.36536294,0.0040718857
-0.042650558,0.08256208,0.23165601,0.1317227,0.5672355,0.539675,0.6356936,0.11307445
0.14026727,0.28785637,-0.032137327,0.24041243,1.2463044,0.35901526,0.54249364,0.0052617546
0.39735994,0.12999567,0.06743743,0.09551228,0.6504941,1.067488,0.57882166,0.16632067
0.22638498,0.15139827,0.2869798,0.205829,0.6829755,1.0095785,1.0194167,0.1929497
-0.003631167,0.15251973,0.1416505,0.12685174,0.321644,1.0552322,0.78632385,0.057507835
0.25264615,0.06697763,0.15795498,0.08689877,0.083984144,0.94545287,0.5108921,0.035646122
0.10889186,0.09744391,0.20363487,0.113093525,0.2845338,0.88085055,0.97199804,0.020624356
-0.0012167171,0.15815866,0.12602404,0.15621129,0.42080468,1.0879817,0.7897075,0.10485332
0.6223665,0.14427496,0.15197234,0.16353111,0.5605942,1.0442795,0.7432402,0.18509829
0.06148277,0.1644227,0.3427946,0.21290466,0.6466287,0.9634386,0.9644293,0.16310121
0.7199681,0.42926422,0.49605024,0.5071361,0.918627,0.8354675,0.32452226,0.5923678
0.8120448,0.0909231,0.29211742,0.13194196,0.5415141,0.9748395,0.4865958,0.20584641
0.78381175,0.09738449,0.21666309,0.14074063,0.598163,0.9263668,0.80253357,0.19176303
0.3628713,0.09585421,0.2816016,0.13425459,0.4805968,0.7531105,0.48841852,0.17739446
0.7198556,0.18926604,0.531144,0.31979543,0.91496307,0.9910168,0.4936732,0.5274263
0.42977917,0.18152736,0.23243073,0.19272143,0.79640335,0.800688,0.5205591,0.24180983
0.23856415,0.1794886,0.15528834,0.18265346,0.8722373,0.5824374,0.537515,0.1798912
0.17515326,0.17276514,0.15646985,0.19086468,0.57502776,0.39242417,0.45332772,0.07145159
0.1765647,0.1649454,0.12784968,0.14006597,0.52038646,1.07256,0.9468975,0.107432306
0.19985919,0.09533276,0.2006358,0.111630514,0.3527857,0.720479,0.92281115,0.030298652
-0.019295968,0.10135491,0.1025784,0.096765414,0.515534,0.31449562,0.5422834,0.019895619
-0.016924515,0.09773595,0.085909195,0.083368376,0.56807655,0.5912421,0.5903455,0.07953978
0.13106567,0.10690568,0.04560388,0.08789608,0.5809496,0.9856225,0.6338831,0.15194073
0.3842959,0.22388107,0.23169045,0.24030402,0.82310116,0.70405614,0.48271984,0.2535359
0.8381982,0.14188586,0.3397681,0.2045879,0.69792265,1.0636523,0.50061417,0.34262004
0.5880736,0.21234393,0.36065364,0.2523643,0.62955165,0.7895478,0.4052953,0.30281788
0.031807862,0.12033254,0.35753828,0.2030674,0.4945525,0.62957674,0.98189765,0.07372734
0.10253743,0.08739438,0.12371437,0.09293009,0.58202296,1.0088472,0.696823,0.13006121
0.034204844,0.13504434,0.18383959,0.13775152,0.31833264,1.0970302,0.8820421,0.06517328
0.736667,0.06044981,0.38645846,0.1811082,0.6313633,0.6289822,0.86006176,0.19104257
0.84653264,0.1571447,0.37968737,0.23693267,0.839653,1.0923601,0.7742423,0.3742184
0.7586322,0.35202563,0.5302417,0.4550216,0.67821336,0.93989414,0.28097954,0.5438525
0.86978537,0.046358958,0.20525654,0.10439131,0.44544497,0.7679896,0.8147167,0.09061267
0.4360847,0.07595555,0.16502897,0.07841477,0.5798449,1.0147439,0.5098029,0.14844468
-0.04959213,0.09633686,0.11138615,0.100714415,0.66030866,0.7804894,0.6571718,0.16069554
0.6948768,0.10630009,0.22012503,0.12272693,0.623332,1.0796106,0.5091192,0.21867318
0.7047833,0.43528062,0.5417453,0.5252905,0.33154014,0.8325961,0.25004068,0.4014041
0.6886614,0.3224579,0.5537635,0.43218166,0.5892661,1.0125192,0.3514073,0.50138235
0.24253128,0.15013413,0.04370623,0.13342236,0.24330893,1.125899,0.71562356,0.07573302
0.76025414,0.07679206,0.23623298,0.08950679,0.25098515,0.99736905,0.36282152,0.07743327
0.028604541,0.050624922,0.1926351,0.10198493,0.3510547,0.33467424,0.52350885,0.059930317
0.049962725,0.11760809,0.06992907,0.0959969,0.5033464,1.0490317,0.6859358,0.1480621
0.004439205,0.12402816,0.18583165,0.15582508,0.61962354,1.0192084,0.77278715,0.15171851
-0.001401037,0.1596707,0.21830167,0.23039755,0.76667655,1.0008799,0.9001611,0.21000072
0.64960825,0.43252966,0.39637554,0.4807294,0.40198046,0.3308375,0.1965074,0.2782757
-0.04912989,0.118191555,0.15174282,0.14316723,0.4499906,1.0768867,0.78429115,0.113309026
0.746382,0.10906787,0.17518342,0.08801541,0.37631443,1.0276585,0.34731025,0.11167601
0.71587074,0.14196542,0.110673524,0.15147135,0.5215934,1.0517586,0.655783,0.17162053
0.22687073,0.099255405,-0.022671908,0.07164066,0.71238345,1.0021465,0.5826775,0.18576348
0.6568496,0.25398192,0.398798,0.3130135,0.74546605,0.93099993,0.3754735,0.40796554
0.69042516,0.19224949,0.25713658,0.23015389,0.7767026,0.866982,0.55940837,0.2931915
0.44741407,0.0028993152,0.36819154,0.118229076,-0.16443907,0.33366594,0.41951555,-0.033819865
0.51713556,0.07194646,0.38337594,0.18739465,0.61974025,0.6785776,0.92482364,0.18021606
0.75087273,0.31986496,0.4413706,0.39155924,0.6717576,0.97325194,0.30427718,0.48403296
-0.037538588,0.12392019,0.15939334,0.15676798,0.63143855,0.9670439,0.7617615,0.15360197
0.06082535,0.1330056,0.13124865,0.13330023,0.70995486,0.24857703,0.58105487,0.071162276
0.32667726,0.072361454,0.29754347,0.13891916,0.4570998,0.6026703,0.9731288,0.08090909
0.7877065,0.0945493,0.27821255,0.14803678,0.6755587,0.97761285,0.66720843,0.2512754
0.15832236,0.12112123,0.16111034,0.13213743,0.3279731,0.81286764,0.9179429,0.047953695
0.52920586,0.16324872,0.16024286,0.16178896,0.83516717,1.1188322,0.5208944,0.33010557
0.5294168,0.063312665,0.28231296,0.13735509,0.505537,0.66659987,0.9057649,0.12199716
0.5956571,0.33871287,0.5041981,0.45102748,0.47509888,0.9455849,0.39192754,0.41278636
0.77671087,0.27641046,0.58631414,0.41255444,0.85952556,0.95364404,0.44485486,0.588694
0.27281028,0.16065948,0.13529596,0.16500334,0.46470276,1.153109,0.77240777,0.13728616
0.18267177,0.09371624,0.2217745,0.12776774,0.36158395,0.7626381,0.9447868,0.035207387
0.6619815,0.16312,0.3088069,0.21929896,0.82274437,1.112984,0.6643554,0.36175415
0.6907388,0.10297991,0.23150803,0.102160335,0.37293753,0.96157664,0.39088035,0.12230432
0.6377451,0.2260007,0.34274542,0.27153614,0.013211159,0.7642633,0.26036674,0.09184402
0.3747176,0.057458468,0.17652567,0.09993948,0.24600503,0.53309405,0.96311796,-0.011042979
0.67886657,0.17429356,0.40681833,0.2335463,0.5958123,0.9430185,0.35672045,0.361583
0.7763059,0.14557458,0.4120345,0.2418271,0.77440065,0.98194176,0.64280725,0.39728257
0.45383772,0.04602623,0.22944757,0.08564943,0.057130493,0.58190393,0.38273674,0.022154946
-0.045884363,0.10164382,0.14310822,0.098243825,0.3216248,1.0859815,0.7331241,0.065859094
0.04470095,0.04636217,0.22668305,0.096229345,0.08885743,0.5854848,0.4998603,0.049622342
0.7112468,0.18736398,0.4140361,0.2538572,0.2735997,0.7863491,0.32347977,0.19779857
0.71007717,0.12945332,0.3436039,0.19795123,0.72334385,1.0139632,0.45597374,0.36429682
0.039035685,0.09278475,0.1548107,0.107511595,0.51339877,0.75192547,0.57734466,0.14177655
0.10670169,0.13705315,0.12650679,0.12102778,0.54127944,1.0523216,0.7248949,0.122618675
0.77462935,0.1753992,0.37223256,0.24557427,0.7931396,1.0081333,0.7093474,0.3573465
0.22129807,0.07876723,0.3274203,0.15326828,0.47563598,0.5975032,0.9524475,0.073598996
0.7354437,0.11377831,0.20913085,0.10900749,0.6212773,1.0713961,0.42878777,0.21412298
0.743453,0.09047449,0.3243956,0.16596052,-0.06585549,0.88612604,0.30912876,-0.0016349442
0.34037513,0.27835703,0.1690014,0.28034323,0.77747864,0.3301173,0.3869561,0.14340515
0.07969321,0.111593574,0.29803133,0.16827953,0.50203824,0.77846956,0.9596346,0.08707719
-0.021836996,0.10037554,0.219423,0.14626123,0.54737175,0.957753,0.73446524,0.15017085
0.072589874,0.14495136,0.23366635,0.16712861,0.41128227,0.6981047,0.94043857,0.023023581
0.00989205,0.021252897,0.2578071,0.10624218,0.21430519,0.3965211,0.5952086,0.09510185
0.39107448,0.01888459,0.36404997,0.14755936,-0.20524321,0.29575214,0.38248777,-0.03689084
0.17946017,0.14162298,0.22958624,0.17339146,0.61793053,1.0776787,0.8748684,0.16059165
0.18029147,0.11500959,0.14738908,0.11776805,0.7505194,0.6965686,0.5734141,0.15793583
0.76524127,0.29919294,0.6027475,0.42874098,0.7880043,0.9797849,0.3847713,0.62440395
0.11617774,0.18497692,0.24749725,0.20687222,0.6484115,1.1107167,0.92235273,0.18020664
0.21177928,0.09103625,0.14248803,0.094124556,0.63876057,0.8340643,0.5979152,0.15899858
0.7923569,0.16187537,0.35453242,0.2336163,-0.2538516,1.0021734,0.31742123,-0.0527304
0.6139119,0.20927063,0.21816063,0.24522644,0.74732447,0.95846355,0.4653424,0.31547928
-0.0040216744,0.14610499,0.25133872,0.19879574,0.62803894,1.0076457,0.88464946,0.14893262
0.7360913,0.10565763,0.16224286,0.13183399,0.35332268,1.126319,0.5002576,0.13810025
0.6769987,0.29518732,0.47864544,0.40384617,0.8901746,0.9519841,0.40422243,0.53674877
-0.07490575,0.054178625,0.2446291,0.12439124,0.39330885,0.30583027,0.6277322,0.10551222
0.36107904,0.15860516,-0.12513308,0.049493458,0.61533916,1.0874968,0.5171026,0.11339247
0.090386696,0.1289104,0.2729191,0.17760204,0.5139844,0.8161506,0.9221347,0.124646604
0.72069204,0.11916066,0.11743844,0.072752506,0.48071173,1.0765462,0.38540417,0.11996959
0.15006918,0.19765536,0.14701897,0.21399231,0.8689952,0.396001,0.52685106,0.113713786
0.66271263,0.121456146,0.23801541,0.16101477,0.63634574,0.93459153,0.84999937,0.19857574
0.6876598,0.4914373,0.38581783,0.52336365,0.74274826,0.37122354,0.22325501,0.3874148
0.15637848,0.085781045,0.29021186,0.16272874,0.37926224,0.5191906,0.9794023,0.06303616
0.77851284,0.09907553,0.19339901,0.109081835,0.53748864,0.9880127,0.6225514,0.1545197
-0.048031412,0.15173554,0.16833931,0.15407678,0.41998842,1.0082092,0.8268354,0.07150416
0.6819514,0.39116883,0.5748086,0.50710416,0.7032812,0.91385823,0.30032182,0.5633711
-0.06733212,0.07927127,0.1855469,0.11620739,0.48907834,0.7269056,0.65075785,0.096966356
0.79647785,0.21233457,0.3761111,0.26923546,0.35790354,1.0771646,0.3424794,0.2330787
0.7730755,0.099739216,0.16405079,0.07014548,0.32659936,1.0318433,0.35931545,0.06565012
0.9321367,0.08667743,0.08202767,0.035656076,0.16269541,1.1585429,0.37346965,-0.032682355
0.0016300678,0.17177886,0.005178321,0.10537568,0.6734404,0.33536756,0.5137945,0.010566225
0.21822384,0.11429371,0.16520771,0.15906519,0.29227063,-0.14864415,0.39366126,-0.078427255
0.6132748,0.31398436,0.16905801,0.30388346,0.38965136,0.50754184,0.2246573,0.11830057
0.3835126,0.13484634,0.10884586,0.11639114,0.6264547,1.1009429,0.7352681,0.16382478
0.0077812597,0.14017113,0.20890957,0.15945251,0.33260977,1.0599393,0.8792816,0.1020354
0.7621877,0.10907448,0.19295189,0.10683787,0.5607699,1.016323,0.4619183,0.1820459
0.015316807,0.15108918,0.1366143,0.15912664,0.68407494,0.6350765,0.5978673,0.10038561
0.749938,0.19478822,0.37387037,0.2781474,0.3842257,0.9670623,0.3346684,0.25911635
0.118345946,0.11987133,0.13292244,0.09783633,0.31555337,1.1239487,0.7352033,0.06408855
0.747794,0.2318659,0.3902176,0.27855396,0.51538634,0.9564801,0.31776208,0.3345462
-0.009842128,0.18296112,0.17275621,0.19259176,0.5448781,1.051983,0.8897457,0.12763159
0.29180497,0.06335927,0.28905845,0.14955029,0.027060267,0.20736569,0.38851482,0.001514433
0.62066597,0.09070747,0.32332546,0.14942093,0.0061079003,0.5626796,0.34701818,0.0053514335
0.7564324,0.41911468,0.7054764,0.5663904,0.8306331,1.0635067,0.39357984,0.72716475
0.08291645,0.12102332,0.19553365,0.15384135,0.30616966,0.8821558,0.90855074,0.051769383
0.00046301633,0.1169208,0.17449856,0.13304053,0.47822577,0.32752538,0.5311712,0.048184924
0.7942904,0.23926513,0.39782947,0.28143966,0.500577,0.93237007,0.31624106,0.3387785
-0.04919745,0.12007498,0.15427959,0.13553853,0.46856582,0.9444492,0.7150033,0.118433654
0.36768654,0.0911599,0.310826,0.16892561,0.5965975,0.765767,0.9528824,0.15897825
0.3984644,0.18257567,0.28979403,0.24620134,0.8167644,0.7665757,0.5109456,0.29009205
0.04157733,0.1679162,0.11169617,0.1367738,0.30148855,1.1785375,0.8584879,0.04155302
0.3854167,0.08435361,0.32859945,0.13165489,0.4112421,0.78921795,0.5615525,0.14945002
-0.004700519,0.08815468,0.1276786,0.09411222,0.49515757,0.61820847,0.56840813,0.06667254
0.80326545,0.22997318,0.36543715,0.30570158,0.017115667,0.9019055,0.2851445,0.13469508
0.6945756,0.042174652,0.45320034,0.20768245,0.6685906,0.54277164,0.93573165,0.20078279
0.13549161,0.16384439,0.13871151,0.13706687,0.3160302,0.87249553,0.85497946,-0.023384787
0.5670218,0.12529197,0.21831137,0.13352957,0.59973866,1.0814204,0.4528407,0.21284327
0.1379482,0.09826207,0.17517151,0.12860864,0.10162538,0.68558866,0.97797394,-0.068341106
0.8149493,0.195503,0.3490489,0.25539714,0.5687699,1.0789019,0.39163178,0.31897122
0.68453604,0.11195869,0.29064235,0.15289888,0.6357167,1.0673937,0.41979796,0.26260343
0.7507899,0.08772284,0.1386662,0.055133455,0.52079636,1.0219977,0.466111,0.13361217
0.1887516,0.19835083,-0.03671497,0.1124562,0.48768035,1.24736,0.73177433,0.12956537
0.26187986,0.09838996,0.17443688,0.100500315,0.5562865,0.7775605,0.56034565,0.16196398
0.24344212,0.022399357,0.34967542,0.11340529,-0.26640996,0.5284915,0.43261683,-0.022516225
0.7365851,0.13094494,0.3404824,0.1900049,0.7352799,0.9988293,0.5068374,0.37296182
0.8262432,0.37626606,0.56287694,0.47932,0.83177054,1.0199261,0.41525704,0.6411096
0.45153686,0.09622448,0.19057433,0.08878543,0.5027167,0.96109295,0.5054205,0.1556221
-0.028605089,0.084148616,0.15772262,0.092046976,0.26868615,0.42170647,0.5396482,0.026869504
0.8241104,0.11304208,0.25625992,0.15258193,0.42522627,1.119139,0.58836865,0.14783095
0.6892404,0.019922277,0.4478016,0.16172916,-0.4319318,0.61523604,0.34536207,-0.12801637
0.40062833,0.14646196,0.23892272,0.18856321,0.7590088,1.0414996,0.5696545,0.2915927
0.78348213,0.10549014,0.12607878,0.07710498,0.5785763,1.0710927,0.43096435,0.1810161
0.33328876,0.13535227,0.20914003,0.16284761,0.5336016,0.84786403,1.0272205,0.13501196
0.06258897,0.11631092,0.09026737,0.123974994,0.6988055,0.3064028,0.53156245,0.0625778
0.67481047,0.0521262,0.22578223,0.06920692,0.07292391,0.9458155,0.36763042,0.0026952736
0.46139944,0.3083924,0.14463213,0.31612518,0.3989646,-0.13368168,0.22003818,-0.030723307
