PCA_1,PCA_2,PCA_3,effort_D
0.32096724703483337,0.026510100099514017,0.3774680870921374,0.50104284
0.283752431113729,0.03602231302429691,0.4234570005126075,0.466152
0.23836611694007892,0.13405475192298116,0.5927045905818151,0.25806788
0.23427277662800364,0.46711954865300853,0.6374100219330344,0.15736045
0.3821137157774569,0.10962038397073315,0.5068156726811344,0.4289363
0.1025060370818601,0.09603254310028156,0.5555784128814032,0.2527069
0.11256074057891478,0.10022349208076986,0.5688328839224784,0.23706192
0.3866412407130889,0.052567473187372385,0.6275732784665102,0.48649994
0.2394652386353017,0.11709993735498117,0.4969766412075943,0.32610863
0.1690446008828456,0.06784746640597197,0.5454866231378686,0.30094278
0.1006557266272345,0.09566878038826124,0.5707056921792932,0.2449058
0.1456394109421701,0.07589115070244763,0.6295734198967398,0.24758774
0.006769094878333853,0.30607905958100856,0.345417693254915,0.30215183
0.1489326476616396,0.06078743873929658,0.5828913467057375,0.28117317
0.43568304699486116,0.13356746619941562,0.5621872736089697,0.44428533
0.13180671936749616,0.13143430637360431,0.5726118558022102,0.2327126
0.05983251263157205,0.40906819067553635,0.36865683962784385,0.26872003
0.19395821682223385,0.016454699977692527,0.5106462435166679,0.3580509
0.04740220853564939,0.17796148366632714,0.4545064223048048,0.2723144
0.0559712012798593,0.22800210964654044,0.4477949376846815,0.2625444
0.11327915297014775,0.15442764825329616,0.5420799476041737,0.24556144
0.08882134426699952,0.13370026058527298,0.3779415952878466,0.3463505
0.030628178362179848,0.13838497059294427,0.45323678791473754,0.28323543
0.3294558028602995,0.19688589505344192,0.6308395059267394,0.29423314
0.08133915283393331,0.09444748309509472,0.5426555454764093,0.25743467
0.220594927599913,0.17539126575079864,0.6220238052113845,0.21864554
0.21895509775225586,0.22756536072180297,0.7513922765839619,0.16811138
0.11121532034186599,0.059254412895277705,0.48165443193275237,0.31824344
0.011411649334365642,0.2123753277470929,0.40362315099789703,0.28123268
0.10243984703969872,0.05721311608729432,0.5799389289273016,0.25896782
0.04809319666896533,0.1106940822416141,0.49396162972711616,0.27567855
0.08708273025031653,0.0960263484538231,0.5507006911287345,0.2498942
0.38311448399560744,0.08937031396171524,0.5012620534172857,0.4484684
0.14153668847845577,0.1249820370108756,0.6073183577589071,0.2244635
0.10988069976589228,0.08844074281226631,0.5498792718293883,0.27034295
0.12557613702382775,0.05468689805301932,0.5160390498348443,0.30655178
0.17790351799607113,0.06441668333443383,0.543977535431962,0.29123557
0.20397954622634348,0.22828282281738702,0.6318852054337427,0.17260389
0.010733030366057605,0.13790515405150763,0.43624461897652894,0.28828448
0.25556083088542036,0.09642420270698274,0.6283501881919404,0.30766472
0.24459570195903385,0.14131646996035027,0.5854081505326818,0.25640872
0.8195702840618388,0.2444110882361219,0.0547934700604259,0.88394094
0.1472837054554474,0.1424665655812949,0.5861676193832905,0.2314822
0.12773674492427997,0.0544914097608111,0.5550931190988853,0.28601718
0.5418904482167555,0.38849461303510036,0.8406036082079091,0.20628764
0.44123160233827785,0.06804957782612722,0.3145593211958194,0.59811836
0.17752592778676848,0.1057446882145387,0.5937718070570172,0.24680327
0.27642558742825163,0.31118954947681143,0.6410737788597859,0.16640514
0.18718925170357129,0.1033803675968526,0.6678903309235643,0.23667458
0.1412341846148986,0.10068734724065519,0.5887496489965676,0.23873445
0.07053419071584444,0.2584197029296878,0.45738459249906555,0.25058293
0.09051291322594977,0.07640123635995302,0.5001123570664453,0.29682222
0.31596846322325306,0.3200596312776641,0.6592602822275095,0.16683054
0.09858923812668834,0.11912383471061488,0.5508516427109383,0.2501148
0.10403120075103456,0.14870169715564988,0.5523463558122568,0.24037167
0.3580841281394017,0.0944495761287818,0.6674058820613815,0.3695121
0.4138192731157294,0.07983198920371143,0.5849976623810779,0.48345655
0.0788514979316677,0.37170133460037275,0.4058923398877662,0.24893126
0.24174008253447482,0.04899503760512529,0.33185415594165024,0.46429935
0.14603462614421348,0.0502375479533783,0.5558516611250619,0.29018277
0.3683030723183297,0.09156136188045025,0.6447400975571548,0.3954498
0.0902402514587615,0.06103637537535586,0.5651704778065725,0.26420203
0.13340444671061685,0.14728762042358554,0.5343804141396268,0.24885887
0.33479952689311543,0.38941295796067227,0.7995692396096158,0.099217996
0.11758840753762116,0.04978241518079697,0.5625700431354326,0.2787991
0.1305426009179053,0.06715937693844755,0.5144876652116476,0.3029104
0.19429718693592732,0.17951986247229332,0.6468368847655437,0.20977038
0.2814237615642148,0.047970807680751404,0.49498496457443525,0.42272323
0.15675223418409423,0.20365195891732774,0.6265662755221051,0.20210359
0.34645456252328033,0.12530112673536303,0.6473652881704426,0.35309878
0.1173907219301642,0.11859343949299803,0.5710755525235927,0.2538898
0.14336278119493642,0.11859226887509622,0.6027954348213868,0.23075221
0.14454164861140295,0.10234146614748484,0.5879536244110174,0.2569896
0.13401764778852782,0.11435367904713384,0.6092776076940865,0.24040024
0.06866339590949552,0.06153600962965183,0.4304978021595894,0.34029308
0.20007257443008028,0.1994921221478097,0.6395847141362916,0.1962278
0.41856106765860557,0.182449489537871,0.7191193241689597,0.29860914
0.1706349000289388,0.15422996698610092,0.5766424509607062,0.24515906
0.14953912362023636,0.07215700417948388,0.4879794562349704,0.3297869
0.019509795673580133,0.3505711921665094,0.33250094024858157,0.29232457
0.5465260235300706,0.2156383311135905,0.7100470768801386,0.41213393
0.2507660819903157,0.20626120217282273,0.6031794103962542,0.23484999
0.0424960210316479,0.29032156379763696,0.4116908769914271,0.2637971
0.2283318579916263,0.13852356586579773,0.549662199754658,0.27691025
0.16627713337922537,0.40010230828231247,0.5263055826470767,0.1990892
0.37079224059954746,0.10344502543218209,0.6906416588976412,0.36776114
0.09476223540064327,0.1568278680755459,0.5324448270331701,0.23953082
0.5685177290052481,0.15613142514440084,0.6410112469495655,0.53586274
0.1040171519655056,0.1347572884836067,0.5720483120612326,0.23030521
0.12987820013835638,0.07300049839769897,0.6236655669585649,0.24781847
0.16228380048215657,0.05380050302778279,0.4266683406139555,0.3673516
0.2807809560455535,0.10641494157474093,0.6846734105928117,0.2938083
0.20105164913975232,0.04189578222680099,0.4826427760575068,0.36494124
0.21663483595627944,0.06146950949356157,0.6346384843638012,0.3144763
0.6226422033535164,0.3475459645436664,0.8188500408321182,0.29559204
0.12950004913902066,0.06914856892661439,0.5893929448835936,0.26146618
0.11278640564151723,0.07177654229890566,0.6024468132773952,0.24531275
0.18190708491546545,0.06146543355164835,0.2799318482794608,0.48638234
0.3262140481231369,0.20101385015781648,0.6685892788155574,0.2550342
0.2282454677232169,0.21216513025784767,0.6019548939344912,0.2003251
0.21532053314231567,0.20493044680865213,0.6156562672798329,0.21955976
0.09886344284015652,0.24751640172947276,0.49998051918513603,0.2300397
0.028135615403482805,0.3276224213452915,0.36456202927634274,0.28148076
0.043959860801300155,0.13012129267663028,0.4787872903600244,0.27919355
0.10047339312702075,0.19957249252584744,0.5122796538048822,0.23996246
0.10921685858050129,0.1734347509511254,0.5470959450961841,0.2272712
0.15572710428759454,0.0988580954357745,0.6027926953563976,0.2549486
0.20355006670453435,0.18188686977625007,0.6185379499475363,0.21360281
0.3664075472787325,0.025703644943010306,0.36786927626997157,0.5419733
0.15899703472066223,0.08278330561525758,0.5503522647216568,0.28557202
0.362222308519766,0.07617655073888573,0.5403265280982896,0.4525696
0.36092121874720534,0.57869235427044,0.703997034898947,0.09049629
0.15007647769289828,0.17501210716140583,0.5660667409596407,0.22421685
0.13584248782402206,0.22001730782048234,0.5962481748188535,0.21084645
0.16055633189299967,0.055062757238298524,0.36086190683696817,0.41820318
0.21445170392880503,0.04628751379061388,0.627042551972058,0.32585308
0.12655106743826494,0.12431565798192064,0.5780648584857239,0.23725238
0.18315466314557782,0.38255099507673496,0.5425869601895434,0.18281423
0.14415077648748692,0.1530378070467686,0.5520650287680898,0.2497008
0.33019292072243533,0.04718499596869544,0.3261711557320094,0.51877666
0.28442773711129066,0.30295611638911435,0.5709190328587382,0.21398722
0.4405550547862446,0.2533316700699148,0.8266730277417589,0.23718825
0.24258246106267461,0.019284912862486875,0.3259934718497144,0.50021577
0.009074540128833214,0.17092054224350428,0.41003546801683655,0.29605296
0.17761300365279656,0.027022078963439417,0.4847220577510044,0.3660065
0.16393418545827312,0.10592415491616186,0.5667428871574631,0.26435977
0.18189501917218287,0.03733503203281914,0.5164948735552699,0.34198603
0.08413170404069427,0.08895418429208103,0.546519777349924,0.26470384
0.3432860251322173,0.1140674938285483,0.6411515801919337,0.35092
0.1725300426242036,0.09010055186214182,0.6616947020183922,0.2451863
0.058972743803782424,0.21406691386976118,0.5013902850326654,0.2534591
0.06534661193277663,0.11348463470862533,0.49239790554189233,0.27669534
0.2855438076694708,0.09203002567638285,0.6005856677896911,0.35369277
0.24460627189649897,0.025842275612051963,0.5172873028483455,0.39847028
0.21979926628285656,0.07373072571632651,0.6483442751138536,0.28454098
0.17931442925717256,0.048821627901615886,0.5668566919618577,0.3153347
0.13706572271261971,0.13365734986885447,0.6243332857879567,0.22259232
0.059482724230588535,0.29674332088736816,0.41370935417829113,0.25642177
0.14191893162497757,0.04765653013646512,0.546041407523162,0.29608452
0.10373248905072485,0.20567863915220194,0.5189995697044052,0.2363823
0.04339916937184507,0.37502678971801234,0.3509746387540138,0.27183256
0.23871670793164212,0.029439202096979908,0.4146874155834047,0.42630547
0.19945750633782322,0.06528529324881846,0.5569430598113951,0.31255755
0.040202563710134726,0.3005504359185376,0.38503131202001883,0.28067705
0.2548611054418875,0.2368073253663417,0.6570532052841891,0.19841753
0.3279864299754888,0.43582922050828643,0.7331538015004168,0.09061587
0.20786238926593376,0.03130180571869588,0.600718713149878,0.33823216
0.036129683726437656,0.20311488719930826,0.44222513419090675,0.2630005
0.2575210180689609,0.12417239383016404,0.41796424228919293,0.39319575
0.05979708377850118,0.1068753186936913,0.48633238710342397,0.28903192
0.274403325202345,0.11066512081877888,0.5827676311698314,0.3116859
0.0836441431354034,0.15834652959620094,0.5121304729271298,0.24437702
0.11065328558896563,0.11512018781743746,0.5659954424628854,0.24422133
0.13738948718973495,0.0996327446401091,0.44902881661445004,0.32255238
0.1575414410613143,0.0279436511687398,0.5171039268608163,0.33464682
0.20543275397532873,0.15236571623558254,0.5585526608061478,0.25780055
0.09706435803507203,0.14821043234775816,0.5459884557307086,0.2338045
0.12132462999437349,0.05416614868241329,0.4957985514160203,0.31252098
0.1920454941229698,0.08212913112168735,0.6315709271699461,0.25809145
0.18126560143651926,0.15716078670726902,0.6719444681146554,0.20698407
0.07533529657546181,0.2781023605687525,0.4503769514761207,0.24693869
0.3162350667789027,0.04683669918013411,0.3588241418080314,0.4981836
0.12109006129845626,0.060782289766334735,0.5326050811597172,0.29365826
0.17962929446262438,0.1701314572705958,0.6344962549794827,0.21730421
0.08814872713109903,0.08351415669998902,0.5156023802957133,0.28436965
0.11206294592552482,0.12486035094748962,0.5676254873492801,0.24176331
0.2385703861551475,0.034880209539723955,0.5143387955130461,0.3716812
0.06633036920077756,0.15726282134965314,0.5158872316133664,0.26630288
0.06358800715270302,0.11783046780440243,0.36448962227679055,0.35785028
0.09296653210493815,0.1106279705925341,0.5520582869286225,0.25529364
0.1889130650478029,0.12101103666789377,0.6612030070891606,0.23113357
0.1397482713561636,0.23457645342328154,0.5446304973972891,0.22028011
0.11939285101078641,0.14164743001228897,0.5984021637399927,0.22607136
0.2941711502843182,0.08933229385709773,0.2900565716312058,0.52466035
0.1823071847787247,0.17065011314693,0.5729101496135293,0.22456858
0.17450367603935216,0.13212539736503728,0.5838427145296196,0.24294616
0.14501325763741907,0.11773741564031176,0.5911981723321741,0.2300784
0.11866249669583591,0.10783227710435797,0.565206344343815,0.24507126
0.41746706995594585,0.17670047898200297,0.4107368682121043,0.43620932
0.44840794759333213,0.24307879944931265,0.637295935471059,0.33366463
0.11442336813872372,0.049902780143085065,0.5200228849391437,0.303308
0.2934875616195661,0.1831460945438636,0.6082212713929113,0.26171145
0.25361466567801744,0.16653694457878435,0.6006249214153556,0.24998435
0.3360573343350016,0.026083055495590715,0.34436988553746695,0.53503436
0.06558710208634921,0.10934111039612743,0.4512000417151376,0.2986016
0.17911076748942711,0.10986744084788883,0.5412178608692462,0.2821872
0.25479566073760646,0.057593987079150075,0.47943878569828274,0.39094824
0.19120316152410358,0.1937572623336196,0.6202558491192891,0.21562539
0.3120527274554896,0.39303569187143106,0.7110818252781568,0.13503848
0.1471079364765265,0.04627540445875632,0.5631391701162892,0.28796554
0.014274907658417019,0.29116175704062985,0.34260078237351327,0.29981998
0.35363948711522,0.056117710009588484,0.5742477122647949,0.45313329
0.10885506018842024,0.21159693079836012,0.5496817179395169,0.2233324
0.3879411789344108,0.16733475437828915,0.7020630756020132,0.29626828
0.1109356326887146,0.09405530883705004,0.5723418571462178,0.24989331
0.14017303006566564,0.03314850712787919,0.5242111539334832,0.31688875
0.11550318326885504,0.11516854595120514,0.5675277631013889,0.23487693
0.1012642750151272,0.06729602094760598,0.5767498925416736,0.2562059
0.3144475242097181,0.023373294168990616,0.5840408285949568,0.44705433
0.09592876299888133,0.07240004626706806,0.5642911350758768,0.26254869
0.2681936745166504,0.08197572341868087,0.5081967282387971,0.36210525
0.1754353648500579,0.1106818223486483,0.5974360654738449,0.2606341
0.36301277015735,0.4560989771705014,0.6311138903905997,0.1516194
0.36289647157577687,0.032592715605971254,0.34835875645648706,0.5477882
0.2069586715444442,0.26016696712478277,0.6603996502981679,0.19411874
0.20131989172950218,0.02895387221769509,0.42809402181571443,0.40157732
0.17219079491868083,0.19838293580197677,0.7034487024105718,0.18718283
0.4208362511284931,0.06502798767820546,0.26300367483985304,0.5992088
0.15529052430451576,0.09144931638721834,0.5803470152191978,0.26528162
0.29174645988265846,0.06419983271245308,0.49281032625735816,0.4007786
0.4962279824069383,0.08377544678405373,0.30307774610087584,0.6330116
0.17866413479987103,0.08688806706761976,0.617146821010029,0.2557762
0.1296602143307683,0.12673891691887804,0.5794721979134896,0.22779454
0.09328638741776603,0.07147182297027249,0.5665014120859532,0.259445
0.25729003516767435,0.13204567833946343,0.5903433190902223,0.29389036
0.11191965880320458,0.2628368522135315,0.48673623015140455,0.24250855
0.16190593894719063,0.0749467940645129,0.5959355249987381,0.2765243
0.07613039410851016,0.2613867028340078,0.48181722300421653,0.23990001
0.13247301436243225,0.06472282563843082,0.5888954671569322,0.2665913
0.14307166809537733,0.12332885499548361,0.5985139997989507,0.22062662
0.34177030138558556,0.0311639172081902,0.4834730558503718,0.48484355
0.4993438811578091,0.07520811828572245,0.39060304771738924,0.6229087
0.2276144151132184,0.21599336938142433,0.6057383575909399,0.19680157
0.3623655397199063,0.4725014494613504,0.6207141072147442,0.14082077
0.19231450435245448,0.1940027029210565,0.6538755104957539,0.19965257
0.07389749507017199,0.19879734072459226,0.4840342961660267,0.25005794
0.21168831163691185,0.044947104009692526,0.5128060586650779,0.35845545
0.2427579683094857,0.13210788740642104,0.6430713097891183,0.26266462
0.018185566707407258,0.3052561744172674,0.3376495384529166,0.29757094
0.0893801994382577,0.19742613149753063,0.4532432216213229,0.27018023
0.13223079826771356,0.08080738706236622,0.5506593391632212,0.28651518
0.22248023530647962,0.16027787418975312,0.6278047635936442,0.23010749
0.15486841062688894,0.2873070161734305,0.6213374238542186,0.18885165
0.1483068043205489,0.16555508655459328,0.592258853564484,0.22620012
0.2051116279382088,0.054345974056223906,0.5703096511386664,0.31708694
0.23967337043338108,0.2875574278830072,0.5689341027181163,0.22996071
0.21689709364304083,0.07835764555748918,0.5409483222215121,0.32095718
0.08592949052325621,0.19454927269012343,0.40113609617280643,0.3237271
0.1156086464169313,0.06425928015264036,0.5151990964234113,0.29201764
0.8175786874849815,0.220932798745821,0.3187626617541055,0.82796335
0.15694297670115645,0.04170773114672034,0.5756777717636838,0.2980831
0.19010017521088257,0.225045983540996,0.5742433972608069,0.21459138
0.18581595008082008,0.035522756118227,0.48784543666596436,0.35065338
0.22909905007114464,0.05982744493204774,0.43716517276987954,0.38907087
0.15636001554894136,0.15319162082596977,0.5861614439609779,0.2306741
0.1566856755033225,0.14341413941844625,0.5675441179310203,0.2494998
0.14581099369778044,0.1083727153551969,0.5870901363241287,0.23918945
0.1039613222433701,0.06438485747433066,0.5612212523365449,0.27141777
0.10370700912204828,0.09024109559754222,0.5643719887888612,0.24772738
0.21525500365687078,0.13819247484768662,0.633389872260806,0.22707134
0.03306191934064828,0.32654265206045446,0.3575770630197871,0.28737026
0.19137373568315696,0.04493038311040995,0.6032057334990213,0.3133927
0.3194867482423634,0.06496279942556608,0.388709875834767,0.47396788
0.18581754380323504,0.1821571616797908,0.5859338999270461,0.22402133
0.1132789045474672,0.09308105754473017,0.5737761291423327,0.24420539
0.05093696644162568,0.36398034760456976,0.3856152001165398,0.2598116
0.17488970837983106,0.13317121670371018,0.6670111382071191,0.21238442
0.49667121110837353,0.0971953690316085,0.27961539758369786,0.64266974
0.17030726306363933,0.03879949225579768,0.4995571683738046,0.34462374
0.12443169739356665,0.051738553454665104,0.581733720747901,0.27388394
0.21179891813280935,0.2216038455937716,0.6181767588081397,0.19946682
0.11547663452249382,0.09714381634631378,0.5750664897905312,0.24393435
0.21855129126727096,0.023491431780288452,0.4506378799655288,0.40073365
0.21520307033145739,0.09384423673943437,0.5579675193762113,0.29543296
0.12751769873475322,0.061136886795691986,0.5670192243341289,0.28322262
0.3441329568465216,0.3934416273846457,0.6504001751880477,0.16949308
0.08103457775969718,0.16169281411428743,0.5068440618239348,0.24577123
0.33248035873058746,0.03225260123804202,0.47303171348013506,0.4863345
0.1458138032578043,0.15474037929747383,0.5696783156645591,0.22054765
0.20914805489328053,0.094482017748851,0.5560682321844659,0.295943
0.04774911870835208,0.11958005286086078,0.493516137639461,0.27176735
0.12718984170342806,0.11407836646377884,0.5777627590542399,0.24138469
0.17068647229476827,0.0436623887012101,0.5763431540436217,0.31052545
0.3422589014720482,0.04485189128129154,0.5583697456759937,0.4562735
0.1157045616597508,0.07952148357291211,0.5751476610801712,0.2592524
0.1289144231446818,0.09954851371440149,0.5801134488564804,0.24185117
0.6271342401762089,0.23737341221520797,0.6717902318423956,0.47570157
0.05483038956592254,0.13654699477815554,0.495119424332918,0.2621339
0.08529575316419002,0.0769091334733235,0.5243811284683865,0.28142893
0.10815221630386544,0.12853299109957214,0.5983476126828299,0.23044044
0.1125343731150866,0.07558848157941869,0.5844403063214727,0.24932662
0.25298233017495936,0.01686773279754286,0.4114842422752637,0.4446391
0.19446421622852225,0.19372832568567583,0.6073450660840649,0.19936204
0.08554733301281844,0.0795517154672671,0.5238695985294077,0.29163483
0.23458633946493335,0.026485927043061602,0.42828661902284065,0.418802
0.6058267515516643,0.16960401387202806,0.4688067918706588,0.6095598
0.06371122682839558,0.14360199191981624,0.5126425850237425,0.25742167
0.1524958465782099,0.23950455564613254,0.5422515206545317,0.21715741
0.21462064790345495,0.1853973079434258,0.5934697105833558,0.20021133
0.132027331145946,0.1190146559701659,0.6126943200504005,0.22914703
0.1658102164706238,0.06703099239513013,0.6510571890479881,0.2570248
0.5701255698367025,0.19977847671721075,0.7304665317417264,0.45854944
0.13710947469217613,0.14225243864672554,0.5970799859975582,0.21760648
0.14787166860062106,0.10257947450239457,0.5782887492129599,0.2503969
0.1139931018043099,0.11701668242948027,0.556670352311559,0.25446898
0.07358805361704981,0.21986794660327824,0.46220499681125643,0.2702157
0.20553543093076568,0.28200238018536006,0.5827124768439591,0.20569609
0.15938566319304254,0.12627674210877263,0.5826386224800384,0.23839465
0.13353125897011855,0.09662693184799578,0.5766761143836476,0.25345635
0.1883536054833781,0.2056517789378247,0.5923805154137929,0.20954818
0.14438181104483785,0.10483220849413757,0.5684033111922333,0.25424048
0.09666481140879171,0.15597415290972572,0.5219689968744428,0.22999309
0.2525162712163062,0.04401409027548518,0.3845813473773221,0.4366246
0.17120833579800618,0.015622757531564974,0.44393198731052597,0.3921574
0.1953987559615272,0.048485978875942845,0.4981176576368957,0.34018993
0.08956545614104142,0.13856244259496805,0.5271087642895824,0.25881076
0.18224381624790054,0.16807715672273849,0.5819753419747812,0.21377638
0.25004216193021933,0.06761484767408897,0.6070939060481853,0.32582855
0.34340777252555976,0.025870904593222666,0.3673871209229326,0.52141374
0.13077986417358556,0.06352403134219063,0.5768927791360596,0.2775351
0.13095104673532515,0.09011137998313445,0.5779534691326137,0.25251758
0.48228176047013627,0.07403808988328234,0.37448766246017284,0.603441
0.09608524520244577,0.11620099812670684,0.5265246098326607,0.26875988
0.07502353749677657,0.3692809849904289,0.35683080183584004,0.28913516
0.21171816809038868,0.16010848347058604,0.6677341783126121,0.22034624
0.07313640483404975,0.32617051898401556,0.4324897471422407,0.2379853
0.08993096115875357,0.27260555658898944,0.46458323888690956,0.24494174
0.03451089234870516,0.22429826384493715,0.41514443389838684,0.27639112
0.1882818247565633,0.22816198468397234,0.6773064245298985,0.19325992
0.49471299434620725,0.09644391540695954,0.243845336237002,0.6568209
0.06683477704012095,0.14798937966470893,0.4459795332349261,0.29168475
0.23651259879159547,0.09158269581842991,0.5891719243397838,0.3041846
0.4375874624751862,0.158111458497116,0.4284104810223241,0.4785606
0.14135429187809911,0.07385467501477652,0.5520482354374172,0.280733
0.15683470271967784,0.16353515713472502,0.5994094015536262,0.20412268
0.14416256237124084,0.06729930704392705,0.45614137923271164,0.33626318
0.18336275004928984,0.12371225190761441,0.6334489431237899,0.2232419
0.16653294192463153,0.12924888462870782,0.5608184128296106,0.26311225
0.33303806445816786,0.08606963302525897,0.4416203761117697,0.43702775
0.32780318330540925,0.16716968588991232,0.5628431838647794,0.32254702
0.20500466496821276,0.09850530726598544,0.5247542640921242,0.30454367
0.010075273474545815,0.18608278994375957,0.41959187068066717,0.28331003
0.14666735882682508,0.09145761348553108,0.5780500426314655,0.2542087
0.19767869672321092,0.3158784275857698,0.5703181762984284,0.19069566
0.13076063639064006,0.07049285726839405,0.5938020528930746,0.2637912
0.25060106327896103,0.2660472241309059,0.5898246511192535,0.20173326
0.36572160884733473,0.05222790851313297,0.31640428375001173,0.5552684
0.34429956018926944,0.02981137469625171,0.3232833327371527,0.5474166
0.10460235644726092,0.10401662614269658,0.5674496384748728,0.2500095
0.13288496266440658,0.681235288267091,0.3140835848967845,0.24548593
0.22236129439100877,0.2418209430347461,0.6479243398698501,0.1798072
0.12307274674216014,0.0704488885776362,0.585117245181707,0.25465703
0.10968303606081115,0.07243353795445234,0.580119988678529,0.25410587
0.20619759875437316,0.03200637165038636,0.5021130072202841,0.3667615
0.15930040720832328,0.2078003184859382,0.6046009746733735,0.1939351
0.4192358341183585,0.2143879234832765,0.6272248653148429,0.34523252
0.2775730802985195,0.2291788683125924,0.6843126647081881,0.18844202
0.32287762562158895,0.24996950706431476,0.7453988758795939,0.18940708
0.08725250123755728,0.10561749346558458,0.5237548402427976,0.26938888
0.01335174185637375,0.2332827337756337,0.3782677454023475,0.2948248
0.4573855139971955,0.05688203463442813,0.3124669745644305,0.62230927
0.17614204971206154,0.10727604841323252,0.5740077879367456,0.27130264
0.06628117395105407,0.33794123009825927,0.42132992811065473,0.24941331
0.2631769307984938,0.011987356725454812,0.394510724977129,0.4633916
0.2584552718661351,0.02192179165378838,0.47180867703979024,0.4231798
0.1435563621760121,0.06121500288339474,0.5547057508898138,0.29450452
0.2631234638592453,0.1562320949460715,0.7103885851926428,0.21866839
0.13771649471141603,0.4193723682541376,0.4864800001209803,0.20881316
0.17922515320997678,0.11972594690699288,0.5999177071044713,0.24049799
0.21634593993157072,0.16244629783269493,0.6530693239439233,0.22458279
0.2117695459853381,0.032049780562765307,0.4646990720104499,0.37984517
0.10400858922188026,0.12091534262674992,0.5640433600511733,0.23970468
0.6942027310059276,0.15284186992345528,0.3298376428254367,0.7618903
0.384279933822039,0.21746283848972464,0.6524553918178334,0.29613832
0.04927181395598429,0.4827586501080422,0.3068429058261024,0.28576326
0.03157246487813559,0.14844155086127703,0.45175153416490393,0.28849953
0.15543140343255926,0.08633129853919319,0.5848747691625534,0.25894946
0.16368178272131817,0.33252037385286315,0.5469489341218267,0.20104305
0.1096317213429787,0.1507830217571771,0.593081381384595,0.23413298
0.5584852418558918,0.6191585005220676,0.8981421600406676,0.06424002
0.17588067233341972,0.11952866452932948,0.5789757342775153,0.24398705
0.21244737033451933,0.10142126261497815,0.594119400285232,0.2838997
0.17244001845524032,0.15942614550735687,0.5791760836143907,0.22594522
0.2215463202812427,0.04862417904187108,0.6447482365100667,0.31242073
0.15742099834084455,0.15099025312053402,0.5794366064853937,0.23201238
0.0640846681389477,0.14786888804131212,0.5005827702129656,0.26246253
0.4629946820438845,0.0846908088939897,0.29801021876361344,0.6278316
0.12164231203195276,0.09050012516478553,0.5594419219213548,0.25715593
0.11161235683319916,0.06264650703616154,0.5821956712146672,0.25676927
0.1382806050026281,0.27850390485224075,0.5233225286385358,0.22209303
0.5556746434215748,0.10969771752933855,0.19977834243164477,0.70870525
0.31943121496787463,0.1831719146882885,0.6869309937036678,0.23441799
0.09754382783832515,0.10292577499371419,0.5622406630381045,0.2510746
0.12470174536435583,0.20749422109191729,0.5740235977570024,0.22097829
0.17659831979368304,0.22661737067695403,0.6099766506815198,0.19926506
0.09466220916563602,0.1882622290214442,0.5402320174446607,0.24009582
0.32450374783610925,0.13697236806848867,0.44426070296083026,0.3998917
0.08525292604792062,0.08523127273648404,0.5546244724482455,0.25843292
0.22002289158691543,0.03233751378297613,0.5493694307184392,0.36314493
0.09051646403132754,0.17450247329192026,0.4973416966143408,0.25324723
0.19934270976678023,0.04903541110480093,0.49066030072973127,0.35816208
0.05908392611055807,0.22534532737485008,0.4691634425630411,0.25627092
0.2870454283178397,0.06530764816734591,0.35731402849453525,0.46451885
0.16817335204632425,0.15904666354863306,0.6301808460054656,0.23235612
0.19578033770229292,0.09877625839346403,0.5246396157604755,0.31271416
0.158975481963071,0.10605613391485873,0.5911447266991159,0.24921592
0.2994505102979321,0.17176738217189802,0.6322764035984788,0.27381164
0.1327609322838633,0.06856496247431496,0.5870833101549782,0.26133406
0.047785162089114264,0.3657620880454101,0.37772112202226693,0.27103034
0.4009090721814894,0.07735254545513494,0.4277715091107271,0.5110117
0.22345766696947578,0.1548418066544732,0.617528016815783,0.25092587
0.14777014800049912,0.15104364567566672,0.6143150726727845,0.22240873
0.2052033412224293,0.18080683282450785,0.6240882321392495,0.22152296
0.21075460853257574,0.11335444399007713,0.6395268766357879,0.23959821
0.16688583259022507,0.07987439100165249,0.6143659384069831,0.2659896
0.23619580897232006,0.060730458319827485,0.3809729605234733,0.43420893
0.4014609777122242,0.1314710957609812,0.2507668412097777,0.5840832
0.18114202802723217,0.02360464385540187,0.48908584648899245,0.35729814
0.018830723785642156,0.10631158594677761,0.44469051882642124,0.29943734
0.008829543628096459,0.17400800955393225,0.39973544341048284,0.29786775
0.22270520779583472,0.22834245020286242,0.5992314114960566,0.20828925
0.11201328100818374,0.15479781455103775,0.5774647462907179,0.21691427
0.2386744883172056,0.16896287646502392,0.6893936392645121,0.2101771
0.10705583744586723,0.07869758669956911,0.5940846309513327,0.24533594
0.19380292790055126,0.1999439284213879,0.5675022636707128,0.21611908
0.1195152780842292,0.07427242941629854,0.5619575444399452,0.26715145
0.4724180799926196,0.06770281767481652,0.4135316938243742,0.5999452
0.4172349679149798,0.15057391854595298,0.7192291719223975,0.37421557
0.10074692558770484,0.0560524893784958,0.49872360072843125,0.3085935
0.11765548801117082,0.07104967963557533,0.5869634266239658,0.257895
0.2956656067205172,0.0274768205753506,0.37018514629185195,0.48972845
0.05242898234607982,0.0932269535329718,0.4672505520094398,0.30123457
0.08596065137074553,0.13219123360485288,0.5099507838467814,0.27021962
0.13944441249394365,0.04538241384643811,0.5196213563565395,0.3123511
0.040655068892167384,0.3752363044483329,0.37019471229467915,0.26568842
0.1095604183949647,0.1032274101568155,0.5599340686091803,0.25177693
0.44456670865438475,0.09095997423962685,0.47401835194419284,0.52882826
0.1917517946065223,0.07844730853545288,0.6145201081210989,0.26110527
0.2718100064886997,0.04221103484961394,0.4903813375407793,0.41211537
0.26679296299779354,0.032915064903128455,0.41831776468557325,0.43899393
0.11144760818121695,0.1094121986778134,0.5597772674063122,0.23601744
0.19073812558648812,0.22740758575265552,0.6054544688611303,0.20711417
0.12810181589845274,0.08515636755269605,0.5859434799647698,0.2496372
0.1317964415487718,0.07457323462927325,0.5348548602535842,0.29192436
0.07108523001997673,0.10096634952038057,0.5131648763811307,0.27430394
0.4352533028895278,0.2253569795455144,0.6905905487912514,0.31396943
0.2153660121767721,0.015977192243622512,0.4184675423845671,0.42273796
0.1500982109655977,0.18740506474596796,0.5491856385797236,0.23606446
0.12226420223382702,0.08097041219539265,0.5941713797320549,0.25096145
0.20470336394861746,0.22500250482229353,0.6580010517521246,0.18951544
0.059888844297976446,0.10046384194300732,0.5113335216864209,0.26526806
0.12492324097425338,0.08963865396459542,0.5819308223606614,0.24668112
0.2512118109858943,0.04600486398271082,0.5780237844151113,0.3578909
0.12863025223354463,0.28399735842047813,0.49925662040462454,0.2260249
1.0,0.3203337660372153,0.0,1.0
0.2580104180015554,0.24327479646096556,0.6372119885383678,0.18858981
0.13363698854983758,0.06405122312743562,0.5941377890466565,0.26306018
0.3993795945789701,0.2735012159661678,0.7675005556293487,0.21052828
0.19934649340216523,0.29408611034073573,0.5504249511066593,0.2016598
0.21867103184715606,0.2878980587013896,0.6107437273262226,0.18116134
0.153114775094568,0.07441528020961415,0.6074119945507496,0.26748717
0.24870869666477002,0.16206394739037597,0.6037925910624001,0.25225043
0.10945258480242985,0.06053433728305978,0.586926842988257,0.25572413
0.5201847880618776,0.1193904029554071,0.28275416053695085,0.6209365
0.15915500333138108,0.13977411000615095,0.5941384308152994,0.23638466
0.32766479611905114,0.013348055997941949,0.4796660184003416,0.49747658
0.37209593285764464,0.05422082848970282,0.33853828515612205,0.5373431
0.48311331365898025,0.06486708724999436,0.33603174340768815,0.6396456
0.1264791673268984,0.05132706450342264,0.581655012436102,0.27277383
0.11528097723803041,0.12541417422430604,0.5647752927731382,0.24841064
0.4086505174761054,0.057108180116129684,0.2939823333760032,0.58990896
0.08043064027922318,0.09492649841885403,0.5374850105368035,0.2686573
0.07598916396142517,0.16120184659585363,0.2882257912156022,0.40751022
0.44850014873778804,0.32313254528014923,0.8144042944693506,0.19995272
0.23036911722468545,0.18802202833860074,0.6470239594552067,0.19873455
0.07183479417216712,0.10022938131529234,0.5272710803992954,0.25780547
0.007727577838364419,0.31210116620112544,0.33138765673770243,0.30376035
0.09535193980072688,0.16829793576102758,0.42838438127200595,0.30036902
0.10921248618468021,0.08036637768660408,0.5688906779019746,0.2576113
0.16325119666694243,0.11073455805287025,0.6500938336829616,0.23001036
0.26322641332925606,0.24834556741639807,0.6843351470763318,0.17505422
0.15783453696965025,0.13311041613928476,0.6096541089637516,0.23400559
0.12996047118497905,0.09892135328330928,0.6056376475474226,0.235926
0.15626675269971158,0.13596655247782571,0.5553858201608579,0.25348413
0.1193076277314346,0.07737819236702477,0.5709817127966432,0.2539285
0.20903165324220713,0.04692556680688878,0.637799686156812,0.31691384
0.08961717598611307,0.10408001621476912,0.4828679918207475,0.30506396
0.17422323639861012,0.02528657150478758,0.4842248060897783,0.36017132
0.12909320808286484,0.17405623156815686,0.5969677677758015,0.21950948
0.31333987655451523,0.32840456798535794,0.6126347003486816,0.20439665
0.3758234936207473,0.041051542578455266,0.318033460322516,0.56204844
0.6275557219124077,0.16114538124055333,0.15510649539251736,0.7531576
0.17819361433668085,0.14843049851369433,0.6366578462291501,0.20642443
0.17609154106966052,0.1032159810004676,0.600297036341703,0.2618164
0.06308616723390295,0.40923990096752816,0.3791847367162884,0.25879222
0.1007023458135802,0.05927406108362662,0.47720371076211776,0.3294244
0.05184125771515824,0.13019682845058544,0.48208026696016043,0.2773246
0.029608355048122287,0.37317599685227454,0.325773641463324,0.2955731
0.25298102863114447,0.13366389953095495,0.6409197241407641,0.24117829
0.07733384707868954,0.10903773263591257,0.5095400652605798,0.27723455
0.3000487355049504,0.09214633874224765,0.6316953916061372,0.3351244
0.12048151101982324,0.13959893054010583,0.5432304554656848,0.2385975
0.10800794308222986,0.24843755422226213,0.48457667925691905,0.24992202
0.1607843630611785,0.09066839101952684,0.6065974541153968,0.25605595
0.03460214719649357,0.1460857264885189,0.41638262628125333,0.29832146
0.5472146631296244,0.15028500290587524,0.6149894219914821,0.5333594
0.13255760392680455,0.25549032879810346,0.5420096436638617,0.2198737
0.25891215573462545,0.025311440939520174,0.5200528152408127,0.4080109
0.11034415986431578,0.05308930168436245,0.479583037609845,0.3241702
0.1635621818407176,0.08410483223223421,0.5669917560497589,0.27810317
0.10995960666610304,0.07049019319624499,0.5915111278631102,0.25131246
0.09782956630830521,0.09470495445475907,0.5331492866778491,0.25603095
0.6544802532775801,0.7276044104720506,1.0,0.0
0.2706887004422752,0.29017318405788833,0.58480452187492,0.21182787
0.3003319387638238,0.05684996431677852,0.2888854451931914,0.52602935
0.23044788752910456,0.04166847938238759,0.44100601152584107,0.39774662
0.4262080717552379,0.3292539462785051,0.8564711835005869,0.1703352
0.0640809645811756,0.15396919084363314,0.47816670591309685,0.2719359
0.14796386502517683,0.24188239940036604,0.631980112476169,0.19810957
0.3102628956640082,0.43246035626612456,0.628946541792314,0.1693179
0.04741242387236555,0.10713759861539593,0.49307318406484585,0.2828411
0.1752166967410067,0.054717493983995266,0.42075034414242046,0.3812396
0.1595961765685699,0.03848307423231803,0.419208010530291,0.3895481
0.18361731279656623,0.035916410524351655,0.4173059985511295,0.3976403
0.14235991684902816,0.11392300830281801,0.5842913327517714,0.23745963
0.36567067275384324,0.1494150687424096,0.46963209216881496,0.3964281
0.00507419210074378,0.24107877644892167,0.37211523692348625,0.2922938
0.46738259415689154,0.22985674745302653,0.7570003202226174,0.29820743
0.20560390897948716,0.15663179395263255,0.7059718195116569,0.19323307
0.045333506408321206,0.40209999886263126,0.35094183217464636,0.27501866
0.15338654036226568,0.09922101342537558,0.5993286713170165,0.25530106
0.11631533901154885,0.08597321771119967,0.5762596023682913,0.24968745
0.17224037128333008,0.09051750697064434,0.5399849678552634,0.29614204
0.09002287158386153,0.097919377075775,0.5537152793356,0.25628662
0.16847503021261845,0.14018825489787706,0.58043760638559,0.23967752
0.6684104645462754,0.23026863382307045,0.27126576095272803,0.66147584
0.2088572744603459,0.06522635102258216,0.6454343140951905,0.29874045
0.12094978187818178,0.46604617844283924,0.4254639681033392,0.22072831
0.13314736772693087,0.16657341690482622,0.5449864053007609,0.24032246
0.19039172588956513,0.1550376044292035,0.6844768749853772,0.2052714
0.14171291654821772,0.10808445050371293,0.5646357658081312,0.24704257
0.18875358130104694,0.1743670884190135,0.5988707760783694,0.21535176
0.23234650233721676,0.06332489616407685,0.6645605271110282,0.28976312
0.043403933725440824,0.13256216581409005,0.4778171639407938,0.2759103
0.12235228251705883,0.0776837508359459,0.5841520154358345,0.25256747
0.14293246180590627,0.24106603081127898,0.5338862147488181,0.21364212
0.12857210312863548,0.11461520709914996,0.627206117428786,0.223113
0.13103653255934072,0.15387568405564958,0.5723368104089428,0.22186413
0.19261921540687665,0.11964772939932095,0.6150589544281292,0.25724688
0.19224936048898972,0.17392363804538613,0.5969663162063132,0.2255098
0.21610379927834486,0.09992149955623209,0.560338501569968,0.28392014
0.20843481217921994,0.21533632953283355,0.6378642634106368,0.20311755
0.08682231202393244,0.12349756679992939,0.5105591443830281,0.2813541
0.23820245858723638,0.005137652353933236,0.42972058183811135,0.4308058
0.03820157084300113,0.38504608225945813,0.25015123655763266,0.35300162
0.6669185092622584,0.15946840263664633,0.17893899566630028,0.7701549
0.20701556978695726,0.14195565060490448,0.6286136116432981,0.24511789
0.2366318326506985,0.12271879580561727,0.6583055688943049,0.2577257
0.3087818984438954,0.3100585213992275,0.6383375315795379,0.18456201
0.1689864497726191,0.08503563131916166,0.5373690117224686,0.29061154
0.08225617905031313,0.10016626679475221,0.5430557293950892,0.26270604
0.18302832856530368,0.1928122871249564,0.5708404562784526,0.22983308
0.23982786263124573,0.027130964835733407,0.454737268266732,0.40719628
0.22834049567031492,0.21339233893250475,0.5568711020810716,0.24353467
0.2183748911125636,0.20271543609102816,0.6349446742902556,0.22128618
0.035780392740039885,0.17327053783053792,0.41471426603008427,0.29103363
0.07966323630631923,0.16228784835438953,0.5115114729920051,0.24706796
0.11053428919381594,0.12872561405866662,0.5489763523551145,0.24172741
0.14757840426217672,0.059410244445666074,0.5514900007668687,0.2851263
0.20236343003549934,0.01474971975959563,0.44195972470250183,0.39987683
0.2075276794290458,0.09195686008199427,0.5101754346752041,0.32478127
0.16900904826941676,0.1807465458538362,0.6372338312637819,0.19569701
0.5873951624054976,0.11760528177685317,0.2496125877567068,0.72307706
0.0736448292308577,0.3543391582507317,0.4179082857941102,0.25368205
0.41646711979621076,0.09186943368647613,0.682145430969687,0.43349725
0.41106560600789266,0.054820365615530095,0.31000769501377967,0.5835987
0.18625888125503748,0.011664624053129541,0.4563051910252214,0.38601345
0.056999318372153523,0.1710614034824221,0.4780099596031705,0.2707701
0.15117605352454241,0.11052754543198454,0.6862136087199213,0.20935851
0.4016857517563894,0.23217933220484682,0.6597072162448346,0.26889294
0.2009165001994919,0.19812842555483548,0.7014769772251117,0.17405945
0.20617444087571113,0.0523453795922522,0.6073562145098198,0.3132849
0.021382716645045735,0.1667527059959134,0.4456512527571663,0.28316408
0.18495743842579596,0.039384211223143714,0.5755619097940142,0.31644982
0.1446145551083302,0.19786305821662173,0.5772870994662533,0.23183523
0.40622605494764696,0.05727496225008416,0.4135551566800538,0.54606795
0.26702782228774746,0.0,0.4154736096724,0.4703256
0.08698383338718291,0.46410234079047863,0.358269368692525,0.25325665
0.0865808863083948,0.3877788726196759,0.3908621530656299,0.2635352
0.12341848317285674,0.1556819792066052,0.5564574818629624,0.22229457
0.32073894446317486,0.38673556685515753,0.6079620230993316,0.17997298
0.0415749098800218,0.18359446784785535,0.46413146018558804,0.26517975
0.06182491264200676,0.18297483905070733,0.5148350831996554,0.25578505
0.12714393082994688,0.198539990012674,0.5327939678474706,0.23398168
0.33636117296986956,0.19893019791293737,0.6163201906110509,0.26757205
0.19766246424335726,0.08725542477932953,0.5431460267985943,0.30438125
0.11334478561783601,0.25085288132268935,0.49843892982189164,0.24351855
0.14085690780360627,0.07085237349045061,0.585296729765937,0.2733677
0.21700163437146283,0.12712473469717422,0.590976602222303,0.2680619
0.13755747566760368,0.08358609223464723,0.43056519760099454,0.34672967
0.28032134962431504,0.11999139389484526,0.7519383668877719,0.26275903
0.08878546722032464,0.0945481814963115,0.5398700037086265,0.26527706
0.20379043415033143,0.1315309656091152,0.6015556188909053,0.24456911
0.17203524099267326,0.16070969171289395,0.6397886105893066,0.20205384
0.13695019945606743,0.14326121449012702,0.6271733545759559,0.21333918
0.1891220590564916,0.14954878485303402,0.6203181322087847,0.22642478
0.10596564601488269,0.09285117484520948,0.5100725700881213,0.29030862
0.13267025017595852,0.07959463329037357,0.5399326876368616,0.2822775
0.09757422481629978,0.18523643872275375,0.5150151397838929,0.24695823
0.09776159045980828,0.06815137392513562,0.38977978129870783,0.36674953
0.37750252692407427,0.18828509391528897,0.550878618388118,0.32244828
0.22617692023614996,0.04257748745749952,0.6409915154192052,0.33673334
0.0401986415032185,0.24382411240840124,0.433926922820396,0.26866797
0.19254209055205507,0.03573542329182418,0.5351915031543696,0.3397029
0.1921053925230093,0.08183972100611311,0.6260369244424279,0.2519849
0.11941481918026589,0.147685466381431,0.5766410385572216,0.2296499
0.1257309764847263,0.237034233523005,0.5101364090361062,0.22588015
0.1647825815137804,0.23214247211664235,0.6135945129950392,0.18901351
0.17065383879791562,0.024487132433590852,0.4718259243918996,0.36249307
0.14735487837832306,0.10514018668166003,0.5914285901837696,0.25906217
0.1904053484319486,0.26108853187844067,0.5332001730490383,0.25338754
0.18974493236617002,0.030383157159372703,0.34233928914816036,0.4658079
0.23196913245753287,0.06948260168428282,0.6460540139765816,0.2911936
0.3549935788772362,0.20745408123364728,0.6899447162345183,0.24716863
0.15620458624819464,0.10952029760798127,0.6553209168441345,0.21621853
0.4949745693074378,0.12332174180037923,0.2609208455821631,0.61544836
0.46987936799819746,0.27142203301833917,0.7781150570248114,0.23756039
0.2776882317648546,0.08928046170856219,0.5314718660947543,0.351942
0.19921260091441836,0.44159040434838825,0.5287023945730998,0.18556082
0.06102938685380094,0.21645371080170092,0.4730432985809192,0.2512489
0.2002307705614257,0.057171195208680595,0.5479814412342912,0.32001638
0.3142408616240482,0.044496391229091006,0.35706353256117707,0.5063784
0.17026749705314698,0.22037752144076295,0.5637190517098931,0.22382636
0.12991050363485995,0.07246942864802898,0.5766859458324679,0.26352724
0.21166979245705758,0.0333738636446162,0.5881562611100644,0.3513899
0.21198177457322498,0.136209755235363,0.5888460115579494,0.24797222
0.12668433520422917,0.11360158760962508,0.5594051586444586,0.25451872
0.16164901576041774,1.0,0.2164951329637652,0.24133563
0.13968993688599152,0.16850293262884436,0.5471020434420135,0.2320967
0.12077621869836541,0.25783954903317274,0.5099573590220625,0.24222696
0.21108348468739457,0.17665268756099894,0.600733627879618,0.22334415
0.21480420217893065,0.20705221676410188,0.6026889576521339,0.2083033
0.07987064205831265,0.22020905965289927,0.5151885830444205,0.24429366
0.1040567028461065,0.15439912950165469,0.5332942655537363,0.23525918
0.2698174505723306,0.1312976507350969,0.2517371354985715,0.51533514
0.15948013221068075,0.10845756378814243,0.5556805458884586,0.2614031
0.06963367707541687,0.08769575508953076,0.522160475183279,0.27548903
0.20372928664163342,0.12879814369516024,0.597236190569177,0.26696372
0.16759185645970365,0.08545133098523547,0.5912923273037651,0.26974154
0.16039590896335712,0.10688707661667486,0.574788125242723,0.24798936
0.12306875057549277,0.04384548414342207,0.45164664817291533,0.3504487
0.17070696812255398,0.06553413868240841,0.39254478689003813,0.41400534
0.18209781081216106,0.01745673737751452,0.4631889841536247,0.37734574
0.17762219925885103,0.46061228377844954,0.4847109330637269,0.19252068
0.21977497121295012,0.07440222011393585,0.5365218285292738,0.3333351
0.46896450528204126,0.11530223664729325,0.37575494844640145,0.5358956
0.06480661647562536,0.13539509547669656,0.4984991689865395,0.27139267
0.10390847356304299,0.2385507565494081,0.4955833170102567,0.2541567
0.1913725740045614,0.07253546927492434,0.586140309738496,0.27900976
0.17201149903205115,0.04423693923831945,0.5583960493829305,0.30580544
0.11713346890605925,0.06208687150281646,0.5919858672097545,0.2562827
0.3631750191264271,0.42663780026512577,0.7273675282238953,0.13616198
0.21087855295229851,0.2108965572156628,0.5805223019244493,0.22433919
0.18196864191514234,0.0358572677339461,0.4545125682159218,0.37574387
0.44961668297031643,0.4382548439401417,0.6454688078290427,0.17358913
0.1448257150982705,0.06232063791745203,0.5298296863809623,0.3013738
0.15660350462433617,0.05829851680390727,0.6118535498561969,0.28300887
0.14373495943697726,0.13114471672712863,0.5730470400147507,0.24340695
0.2767419762042087,0.07881226497136483,0.3615675471511124,0.43590224
0.05584065161307766,0.20033609966933053,0.4569693813791649,0.2644913
0.5757182291187088,0.11705374590679235,0.26010761937727944,0.70003086
0.2972454356766198,0.24458604556452618,0.6241107460709523,0.23306735
0.1648929492638568,0.06621793237222734,0.543641505816756,0.2973158
0.6053674644772686,0.47663301197169916,0.8870585389594061,0.17397048
0.08870829043323228,0.07350276451168848,0.3688122500578569,0.37812603
0.3181551124152933,0.2053939168866898,0.7332142494007556,0.19394144
0.48445513425900916,0.2603112982563441,0.6783194703825264,0.31380832
0.003688096051706613,0.20265460248482925,0.3819276616961157,0.3014561
0.1107607769802834,0.09391164649090866,0.5656159901284001,0.25462988
0.2314743000716208,0.23294689016235132,0.6212718193774849,0.20210356
0.27294437738746946,0.041364519373143616,0.4655886247198219,0.4164785
0.41903462331082314,0.48950555588239786,0.8887730047024891,0.0901746
0.1503072750997268,0.15947318706233807,0.6164189772685473,0.22928959
0.33121127101949355,0.1796685107000974,0.6057617704730626,0.2909066
0.38045260281618565,0.045908237783648,0.43593488044424294,0.5154088
0.13385034030934018,0.15253270790111165,0.5439297152126202,0.24173164
0.16363167743045856,0.02819241566846599,0.535242415692067,0.3310665
0.010805271079359968,0.32119205026792297,0.3364576878116965,0.30476987
0.10609018616825144,0.06256469626410818,0.5482340642066734,0.2806853
0.15976160168985531,0.033674598722372134,0.4367204680925842,0.37181818
0.13341023587126574,0.08668558651887506,0.5977429114935858,0.2531066
0.13978017483492156,0.0715275780431443,0.5689980485129517,0.2725957
0.11410493240532492,0.5256149184163789,0.37448426491154796,0.2387029
0.06563368756381038,0.15257041652621744,0.493024576126987,0.26622918
0.15818086964905873,0.088478521270835,0.6000017653522527,0.25206938
0.200574496255362,0.03615350025613563,0.5231607774760824,0.35289717
0.029477586045556697,0.33207118699016086,0.37834025307254926,0.27289784
0.01825545723192218,0.3148516544601643,0.35474081215693765,0.28819734
0.022049854853993217,0.24811440700756954,0.39771946468569747,0.28218836
0.3211981018293408,0.19874490527119848,0.7476789979205095,0.21677938
0.04390858753078711,0.14344190442795726,0.4833768683003373,0.26919985
0.40362372684612746,0.08094767734443618,0.5619703618188323,0.4823712
0.17005650272523398,0.04619748666939655,0.6290299763072251,0.2969129
0.03964016989185756,0.21244118743311763,0.44213890807514167,0.26402253
0.42764220476777615,0.10766071581808724,0.6258533797456739,0.4270622
0.15544526594838168,0.09857056900259593,0.5839624509256948,0.2552359
0.10781577201560784,0.09923535974969717,0.5686905770549023,0.2524705
0.08324590698625538,0.1009057028758745,0.5413849588425107,0.2587386
0.22022152129561293,0.1834736155451486,0.6058535745037814,0.2090303
0.054322093695177376,0.18467892444164036,0.4644070954164229,0.2664315
0.23582316643552853,0.035346797343534395,0.6218222651237711,0.3428273
0.08720582257248637,0.10580771896107734,0.3789873472567149,0.36148852
0.10910704443535788,0.08644824812386208,0.5624598141652026,0.26622447
0.3663526808171368,0.08359046473076552,0.4957866781002237,0.454574
0.3122713827236202,0.27124474332059745,0.6120871673591347,0.20090297
0.0653457152377031,0.12370138647716382,0.5015840911844525,0.26333517
0.12320885596091431,0.07144145398019344,0.40300954044823656,0.36399442
0.048411908350964844,0.2418656137390942,0.4320198980398067,0.26503024
0.5344967470442284,0.2993848154866712,0.8050511452161566,0.25939655
0.33172220607317937,0.382202049228338,0.7501283655515869,0.14031266
0.23004609070445778,0.20724677634408564,0.632262256587868,0.22793636
0.33151697341417974,0.12291414483273654,0.5820647685444605,0.3579681
0.08789396843501529,0.24796140556856772,0.45053935095940933,0.25600758
0.17408319705053374,0.13131719748198112,0.6258817812111073,0.218543
0.09484386287705182,0.34070638367064987,0.43082738708761353,0.24022621
0.10410369276312716,0.06492190423427384,0.5772223429885485,0.2537932
0.10773332455539154,0.07056390457125696,0.5119507425241618,0.29441544
0.4289754492348578,0.2961223493691427,0.6763288067800136,0.22907941
0.2749875226953037,0.05848400338075933,0.632242271035095,0.35337877
0.07762904861735662,0.16801205131987262,0.49707461093920197,0.25184304
0.13620944857634595,0.08196837377927513,0.5833916790599997,0.25179586
0.058335632214484845,0.10961678372515052,0.4917761239314561,0.278904
0.08998088775215812,0.13529906548225706,0.5368742151827849,0.24734038
0.21108727262717114,0.17387773049487662,0.5822135577953131,0.24003553
0.20503193099817513,0.12129123095386987,0.6049195794221791,0.26774138
0.18968140892247323,0.13975939437353782,0.6029390525668253,0.23166531
0.02650376213717942,0.17267420189504412,0.44436595483149666,0.27600887
0.10478126017462286,0.0994742817621469,0.5620063803481468,0.24054393
0.09541753176747408,0.12005059400312387,0.4969658015403257,0.2724107
0.33528443300898625,0.11825304823366528,0.6678579419189167,0.32595718
0.12841306074797476,0.12154369301665315,0.5633555428628112,0.25145733
0.05802348322745801,0.21169861824182995,0.3230986775029172,0.35333925
0.12494976878441251,0.08649697666016468,0.5631083015387519,0.25917533
0.11087189791566439,0.0428266067441339,0.5157943146593079,0.3076093
0.06943540042770177,0.15454475034293963,0.5032557907305852,0.25531864
0.1523998118761699,0.03071685755988743,0.5003218982335019,0.33788693
0.02861767762217801,0.3860127820812323,0.2923340697017293,0.32024366
0.1399242485695013,0.11455347475113839,0.5725371781483964,0.25000682
0.1349270326314658,0.04034071954800551,0.5100521574393262,0.31730208
0.3956321886796062,0.11400973564016811,0.593941160717526,0.39767414
0.19913313941368777,0.33449207290146266,0.5672861027324613,0.18896596
0.18960776687021755,0.2466107375632408,0.5687734169084031,0.20539069
0.4874718033186669,0.1603240638889645,0.4019064978182454,0.512506
0.366053358810927,0.4964203442954881,0.7128146504201951,0.08416906
0.08992032810711893,0.22636313368229147,0.5052473884721217,0.23751873
0.1968172633238147,0.021614415061494224,0.4969517629059881,0.37586465
0.09969387322441839,0.09047521523115834,0.5603692869890594,0.25810686
0.25893202445228236,0.11916723737735067,0.5059608705978457,0.33407938
0.06328254193271718,0.13230197436013155,0.49555567020223906,0.26621604
0.12469501222849187,0.09528204199750631,0.6120986258386575,0.24068144
0.09198046643024356,0.20476530346748814,0.5501063125222159,0.23683736
0.2664304228905569,0.09058400584957135,0.6154144170014475,0.34162107
0.09918290086904671,0.15010509267473976,0.46646746816470164,0.28754514
0.04030191409507586,0.40055089493633733,0.3314970611906255,0.28087276
0.34498178219664877,0.3912077303205201,0.7349939034544977,0.13872801
0.1818371554059614,0.013887037598718066,0.5119153345324433,0.3619613
0.024780796238403874,0.11699578785493714,0.4602259048595805,0.29220515
0.4403762643515592,0.10122599159105236,0.6006030250329539,0.47116774
0.2083860193371155,0.09682760087438746,0.61999475590453,0.25272375
0.1750152098115534,0.1288181889359401,0.6611331042102485,0.21903837
0.1471139779400813,0.06264378191939356,0.6215166121241771,0.25709084
0.1464227798230422,0.07266287322658231,0.5664917754015988,0.27460298
0.29031245039392845,0.08027589484653508,0.548043396083072,0.36477193
0.07276347861649143,0.2359397994828361,0.46882576476247084,0.24846883
0.13385882488583595,0.18428680277946358,0.5393891433907126,0.22947586
0.28527967227752793,0.25218304256390944,0.6707628756039977,0.19067907
0.4069069302839426,0.048028451573038686,0.3083508497818931,0.6008884
0.14938914766253045,0.028234598505968114,0.5210938681748759,0.32618833
0.3825266813209377,0.049451006889908486,0.30143980284785643,0.57682776
0.23726873532606207,0.0241622519216127,0.3763514584068941,0.44689426
0.31570735039508335,0.26610770763210545,0.6091047989900569,0.2472057
0.30976305762409295,0.03643483239252798,0.4206212691931249,0.47622776
0.22796752590369723,0.20859211658410867,0.6322052085538467,0.2134186
0.05904382079907944,0.5008655616238538,0.31325526792828196,0.27547878
0.08504789159359696,0.23831857026291564,0.5015399688394371,0.23572755
0.2702894609001508,0.2343590599680277,0.7173379445358335,0.1858382
0.29801999505450605,0.10331936494369165,0.4548600773975454,0.3935913
0.43124047078050465,0.06716170706365364,0.2659139617932572,0.60069907
0.21625631034050286,0.28177633930023666,0.5945116599578605,0.1909073
0.06766919099869173,0.23016050949412825,0.46442769679987367,0.26149315
0.1407323631941932,0.14953081217791542,0.5596808443771533,0.2393011
0.4000784277278459,0.046035935169444236,0.3571756232691693,0.5669544
0.15876938676142954,0.06760510539669706,0.5538877175376342,0.29345176
0.513856980754844,0.08482953439594981,0.27201489228173614,0.66866684
0.17110403579201172,0.050435285243505185,0.5399280880237606,0.30667508
0.17554136259006323,0.18360655140054857,0.5889540244642079,0.20721638
0.22392193037683972,0.14158039978304618,0.5842188570628789,0.2465632
0.061419064803760914,0.12076997209236268,0.49266689751073334,0.2653442
0.21520621903011986,0.18850267748983437,0.6014078242522563,0.22168213
0.29045769673960875,0.01291954463396866,0.45576172438903617,0.45953238
0.14229886355288987,0.036717443311729325,0.5141131305272929,0.31958035
0.1257255263504875,0.27023976374095104,0.5898395426327854,0.20513925
0.09009252978997673,0.11847846507438475,0.5461581034872464,0.25089887
0.1279593650340374,0.08775360051139544,0.5890250524708972,0.24525285
0.35150689095581444,0.09999688804631773,0.6138478008914879,0.39391094
0.23891887254019656,0.19157371258779307,0.608992473953278,0.24038167
0.10678685106670839,0.089663019857129,0.5544667954400396,0.24616817
0.1331010659556076,0.08226764402365917,0.6357162538920037,0.23825346
0.2994207205931459,0.07388236376368837,0.6130281892954803,0.37143102
0.28143706256302464,0.0426146340794777,0.43364318046012923,0.45252234
0.10706030012153324,0.0929764507213589,0.5724357113488823,0.24963573
0.2355290371974384,0.15358213398195342,0.5887587782059223,0.26658997
0.09399571212313935,0.07181376785187786,0.40732708593716144,0.35391265
0.11163382000951196,0.26298244577572805,0.46814282140002605,0.26104793
0.2640478008543665,0.010265652787031065,0.39705962343824697,0.46468228
0.13737655430227308,0.04291251957350391,0.5337194973856426,0.31632185
0.09887156333188923,0.13714281872468193,0.4919653361147439,0.2758379
0.23370656321579833,0.11441294605110386,0.6266598214597328,0.2670768
0.11882329815416802,0.17014028028346329,0.5346019252265626,0.2437624
0.4789679268317213,0.08762235508809782,0.23437228794159887,0.6507759
0.024653851559631845,0.3809805044005684,0.32400219031909006,0.2934377
0.0954948002689228,0.11837101777576911,0.5539391747238117,0.24359345
0.06956537592200493,0.20873461424491252,0.5198805060364536,0.25014666
0.1825962393243636,0.17641229205210007,0.527189465723507,0.25649336
0.21346573573952968,0.10787371498586443,0.6132190101211216,0.25725362
0.1323492417243174,0.08475104781911338,0.5784322016210677,0.25483924
0.35195994119295326,0.038648388415208484,0.29096206422958204,0.55974513
0.09036795960014585,0.09874300959249382,0.5441582891521256,0.26109242
0.11441548706725858,0.0660761979165044,0.5811435515879501,0.25894824
0.10890128555583453,0.048676698456142684,0.5191289077721812,0.30390987
0.17105492066781064,0.10558097148273865,0.6386093398922389,0.23787163
0.14819736426631588,0.10027717872799635,0.5819086858179635,0.25096574
0.13154388573514336,0.11870286589525099,0.5742031751750316,0.24515997
0.2041814805601646,0.04702841821023798,0.42251069276521364,0.39928085
0.013325581885708981,0.271692481372214,0.37345193135183075,0.2845833
0.07617718512224195,0.16784979326474417,0.5037275893865197,0.25487912
0.24226093112998398,0.14033387569722505,0.5961239855556438,0.25411603
0.08083302288668354,0.10664298789284388,0.5261215203984277,0.27659124
0.036253680175636516,0.14851258249226212,0.4646442873546359,0.2742143
0.04011352047795741,0.1625432060626019,0.46685876071724175,0.27240703
0.15432898959532776,0.04834609487143905,0.5247636789034897,0.31548664
0.10445003231890562,0.07841852723272098,0.5906122198221668,0.24876796
0.12786985182830402,0.08275622284670654,0.5871450951192765,0.25168386
0.057057135294086736,0.12288025744882025,0.48896966359833605,0.28668475
0.12337651494502812,0.0890146230588848,0.588860620707727,0.24523397
0.13306566563329467,0.1297151845163358,0.5560489924043484,0.25541228
0.13593513666442453,0.0775206355799142,0.5827885929997746,0.2508047
0.095760859371116,0.15602272214045185,0.48595817960465304,0.26129326
0.08286964422212387,0.248161750122143,0.4824148121085377,0.2332584
0.11519075420319162,0.09244228397656241,0.36379640478987846,0.38051528
0.23082578684512145,0.1415237524473023,0.7254499425841003,0.20823541
0.2651040883801667,0.1630074075078856,0.5831175041396791,0.3000598
0.1508842843399284,0.21964087140957597,0.5486227145631026,0.22284889
0.3584114708092816,0.1931932628344833,0.7116183268077629,0.26367688
0.42512370760055485,0.09469067506849588,0.6829131141104339,0.4593312
0.3874102376307469,0.054612892010459116,0.4856388106756009,0.5019327
0.1778355306024786,0.10219410162657919,0.5944064724615433,0.25644994
0.20439327061585938,0.11771707806144185,0.5176063451882409,0.29957122
0.16923649601938814,0.13199354766547783,0.2622818309272483,0.46503437
0.11074349925821837,0.062429996337614285,0.5783550648301342,0.26021153
0.07491279577523927,0.6147456583681703,0.2813095177129271,0.27603737
0.2359696847968988,0.3453469645758819,0.5542502039141896,0.2142267
0.20788316858785488,0.00222926160470055,0.4212020623997691,0.4207248
0.41955853872248217,0.06801176324037285,0.5898105086285659,0.51353437
0.1464361855529,0.0786390891127128,0.4381745180585916,0.34524333
0.1727575660770298,0.05231001909628878,0.6104486499340246,0.27877563
0.3907420740437376,0.08625509038771347,0.3170375696486416,0.53418714
0.2661043639989664,0.19019747105449442,0.6874683652161424,0.21494696
0.08476215418191548,0.08311942021514522,0.5533346992117231,0.26251185
0.19849499731681733,0.22194431286786717,0.5743176951635478,0.22077829
0.2858290334458362,0.09663571631773461,0.6381976595054116,0.3230694
0.028445233952103383,0.16114495651363117,0.4432065654180949,0.28448018
0.09188959465450089,0.07214336187112036,0.4771736740951323,0.31146935
0.0920451880132458,0.09522117430526969,0.5511984476028626,0.25018275
0.20006287186074193,0.17813807525697542,0.5896948737402707,0.2227768
0.1733317217276517,0.11087340054229948,0.5189714037329374,0.314276
0.034244242118103035,0.1975203567343894,0.4341695995439618,0.2745055
0.04924028543898201,0.13241936671114782,0.4830131695318793,0.28018546
0.07137142021506106,0.08861311226403776,0.5263593215671354,0.2694572
0.33339954986461995,0.08681031333524562,0.2704588523938714,0.5319518
0.11752561961669704,0.12056676046050045,0.5420760324802938,0.25362995
0.169092827866024,0.04721022972648929,0.5451537736492937,0.32044503
0.5642959964595926,0.11218721198033538,0.22932213270362978,0.7043084
0.07711358568173993,0.5998934427895636,0.26561693284443755,0.2837305
0.013900963427882995,0.19271591199036647,0.40617386017159485,0.29270792
0.06957438466650509,0.2547910574592601,0.4684273413135137,0.25482082
0.14744470826815476,0.2073091398233535,0.5417419550413273,0.21566495
0.25583424323189113,0.14187714645795935,0.6078040009541091,0.2687479
0.20597909468105544,0.1657967778425625,0.6358247143736219,0.21089587
0.25745656337751993,0.13026334169413137,0.5455907564536102,0.29302776
0.06467794750914413,0.29213274590495264,0.4114491731297714,0.25777826
0.26395416803337846,0.3879299336721624,0.6233147722267849,0.18420014
0.433315597305338,0.06567714280496373,0.25484597466030556,0.62311506
0.2860523409507499,0.10141415626222601,0.6279047337017496,0.29727057
0.17659486505575606,0.16188906990733926,0.5979266900269977,0.22739698
0.10001300846669427,0.06143158876460307,0.5677020771687553,0.26452145
0.2320038653542454,0.06802864954479185,0.3441758748085741,0.45589477
0.13481341348963832,0.09620431733303558,0.5629765467437471,0.25582692
0.16433217090525248,0.12607452025266094,0.5728393414620974,0.24346013
0.3030316754884911,0.2423681046013751,0.6191025567042602,0.23887612
0.24430624945909302,0.019009696228756784,0.4858194280405316,0.41277036
0.11996809096247991,0.07709602263549814,0.5754791022332257,0.26040906
0.10114836563166116,0.14991042172441932,0.5729008409665556,0.2405951
0.059754140884571844,0.11695863565468996,0.5119144752127506,0.26748535
0.0696062854303105,0.11691638400685389,0.5188400656675323,0.26526207
0.10944158510016312,0.05714319340876235,0.5779679689149643,0.2623301
0.07443591105094893,0.25692693769855585,0.44296136259354435,0.26344147
0.13870686626516196,0.1314654867734718,0.5650663014484728,0.23663911
0.13077780955093501,0.06300922987172072,0.6021578056079647,0.26352823
0.1919820612586303,0.07860717801483098,0.5783383526775988,0.28326926
0.161109025192216,0.09989841188685761,0.5344627224502435,0.2847857
0.29702229034893374,0.059725063810852075,0.3952669775328913,0.4459334
0.20395134906629103,0.15325870027380606,0.5944441129529359,0.23905149
0.19563873773288576,0.1632027238736213,0.6234995197475723,0.22224486
0.08650380334258169,0.10473105583204978,0.5259754682117092,0.2689277
0.043430814004495694,0.2986214962222897,0.40155352933212124,0.25671124
0.11044803810285314,0.23487721632147518,0.531173234711098,0.22089697
0.22110938026380644,0.2579492558800482,0.7465119798297496,0.1580911
0.2374438451870711,0.08372343821124571,0.5113403662239668,0.35421476
0.24954566356503322,0.2533079523099109,0.6110050072142839,0.18742925
0.38619486698913336,0.19340884225407357,0.7004627045490508,0.30225924
0.09841568032715899,0.12954942722429347,0.549796522825798,0.23722894
0.1272596166551404,0.0759093915892065,0.5779653736534439,0.2596046
0.14672522095260812,0.05712338908116306,0.5626338476309944,0.2922062
0.14304184741676929,0.20831647081541016,0.550550877251259,0.21387239
0.10951104724141318,0.25790818383472164,0.49149033703155626,0.23704425
0.1303575346348519,0.13652721273580765,0.43286369817562975,0.32928848
0.3278305727528873,0.08297015533433773,0.42603104606371967,0.4584059
0.1974734859860451,0.018067468851070134,0.46391394687502263,0.38845414
0.030805034638028778,0.39608450967168585,0.34037665690728347,0.28741035
0.2365249832382164,0.12086861557436634,0.6189864183940806,0.27343702
0.3511726047430195,0.07913039684359552,0.6577512876607754,0.37492356
0.5023015183710327,0.09966896106294724,0.24280158175812872,0.6582264
0.5706387245612665,0.1272122197890199,0.23747761614525853,0.6776496
0.21239165410213007,0.13772934520542315,0.6481275654721823,0.21559972
0.07131690034232148,0.15550376993030188,0.4918503961542042,0.25575787
0.1326078213334095,0.3437515985554446,0.5509331536296211,0.20166397
0.09491974159334268,0.07472029238062845,0.5677565943765587,0.25802484
0.15686119846816982,0.08134454503739204,0.6126161983534506,0.25498828
0.13688778533458212,0.04355041964462504,0.44988327558386704,0.35902357
0.09654698682072067,0.08363775987238609,0.5454865604488747,0.26296657
0.09669037546078377,0.07137348037519776,0.5691542858999468,0.26012757
0.10989157073959915,0.09576307719677973,0.3557347700043796,0.3818564
0.33609404541350585,0.12988637180866547,0.6237701548351807,0.33367878
0.42165040031419065,0.1843689472841007,0.6569945301754522,0.3379399
0.1249038271465199,0.9934036164940903,0.09888242729740021,0.31564057
0.035420906967790905,0.2669418868763397,0.41352753309977297,0.2679253
0.3087469425068667,0.3680837939973526,0.8189036143881246,0.1140825
0.0981826427505828,0.18423340478752537,0.5462863097302206,0.2308754
0.10505095722134715,0.054184867440821946,0.5707516532697543,0.2677193
0.28131259475812276,0.08397845678100473,0.41690480887448983,0.4221922
0.1262179840698689,0.0770973607692805,0.4993239918216981,0.30166185
0.027933066312234245,0.22273686293897405,0.3898043886100529,0.28750053
0.20972650022622186,0.0763807054707348,0.5986856529255802,0.28456637
0.46462690424167225,0.1078941292898973,0.2690212060847788,0.6027535
0.03817253034462717,0.34161752590514116,0.37676423055679054,0.27006388
0.13167977959906446,0.04346343961259838,0.5614376670628467,0.29194343
0.2202267976598592,0.274177466027806,0.5573306666916116,0.21002945
0.21988910970295644,0.2338833103590422,0.5483921958409681,0.23878625
0.1091306503815299,0.09431028841118425,0.6002577947319401,0.24219021
0.16124300916321208,0.08950374095325653,0.603272894677195,0.254557
0.16874034568316118,0.14770894097061815,0.5527389461122352,0.2424281
0.13881092129079303,0.1386006746533221,0.583116247044303,0.22929189
0.08028325672723856,0.1582600791252931,0.2928305061448091,0.4036568
0.13560113773038068,0.04766587225553752,0.5001503411372893,0.30865762
0.12527541619303767,0.2850557398682596,0.5411443919447266,0.20876159
0.17946504392460763,0.14261050629764152,0.5878663853335643,0.2391853
0.194637478252588,0.2700014263365808,0.6976133390570561,0.16926534
0.014390144970376467,0.3029561384579403,0.35112843072284927,0.29176548
0.032072973800178234,0.20225179325596412,0.43887650544435475,0.27081305
0.23223481662175816,0.16405387704194446,0.6001486199391488,0.24407327
0.24757393607928735,0.04190661649874848,0.4147958295041485,0.42015398
0.3648975593089039,0.39668702089309926,0.6291818169910643,0.16615933
0.12741916870690637,0.2151601753646959,0.4809636428767195,0.26220566
0.22197049497791888,0.07869701800467764,0.5117836867897791,0.33894408
0.2886660227595831,0.18493464022812636,0.6979277487291252,0.22887307
0.09258306024801782,0.18917194637262486,0.4841446268420741,0.26846763
0.1985368264208397,0.24986629754857181,0.6286925745597711,0.19180793
0.14237714069095428,0.05416507129510799,0.5571550690293541,0.28986952
0.16208638451525206,0.12256802582065068,0.6264610828612722,0.2157875
0.028549211901290172,0.3402643266796503,0.3245445798400497,0.30116946
0.0818093833649149,0.1759307136735227,0.5141378153425008,0.25309148
0.29241322100817346,0.26210100340263887,0.7015102205079776,0.19162193
0.23179180225555585,0.227804434286762,0.6941351056564034,0.17648968
0.10320707841721526,0.07735417587439364,0.5709978257688133,0.25735018
0.3016308855026549,0.042728759395682214,0.5404342648083001,0.4304139
0.2455170901702559,0.024974846056863287,0.37147454017496584,0.46205366
0.21751082048998605,0.15614349632603117,0.6526289229495259,0.22632176
0.2309846856765432,0.04932370298968897,0.5613298913870367,0.34823528
0.12173505500528765,0.08469048506673704,0.6188010690104618,0.23728712
0.0758383974454288,0.0783857825677111,0.534914229004127,0.2749497
0.07494077469943167,0.2272236254772198,0.49420650976323555,0.24659836
0.11796187703061993,0.11197992113141382,0.5585839733961929,0.24701019
0.13792284040627084,0.1016075631578128,0.6336860726698582,0.22957492
0.03235095298479476,0.2679374007931861,0.4046635397042306,0.27016425
0.2799112491723468,0.25293713420217495,0.6032999283418424,0.22000462
0.18280867475681278,0.17531864482381562,0.5789277812187393,0.22935873
0.04293629578729102,0.2884247596294226,0.39815979528930323,0.27255026
0.29875041167311955,0.024589400407336898,0.4553155814383493,0.46277714
0.13109555379889143,0.1426194145774157,0.5723658945234922,0.22764102
0.5155257621041285,0.28610932367186737,0.8096557420751183,0.264642
0.2805247138841606,0.2719728153866766,0.6940910731603394,0.1531562
0.23938014123145795,0.05737331962997387,0.4986050499789514,0.36877877
0.0325315643953453,0.45264818111234373,0.29191917107264,0.3016988
0.17937864796957892,0.14765178523466238,0.574857757375711,0.24297503
0.05851664211359023,0.39428325537429715,0.36485905225859305,0.259624
0.0621540487743745,0.18456677481096653,0.4771357714672396,0.26907337
0.2360386107007179,0.3146510343678862,0.6579267034006622,0.15682314
0.09494219727636594,0.6984702545571015,0.2630560146688578,0.26532975
0.16635351299311749,0.02941529113180598,0.5042227046739054,0.35151902
0.020541254281519844,0.2252605403420861,0.4074383920151234,0.28222188
0.2773350864513001,0.17542635845715485,0.6859532787388369,0.23987144
0.21511049423304313,0.17937799207890587,0.7053489582793461,0.19255555
0.11512508118117816,0.2554216542305278,0.4809095548098473,0.2430304
0.34305882737286675,0.38169069233242936,0.6076683502300373,0.1909928
0.11051542382126074,0.13574818281265763,0.5513660225263395,0.25103843
0.11633205225405102,0.12143134250320034,0.5259301771989069,0.25968415
0.25086978924079106,0.16488571491096735,0.6232328130179903,0.23274444
0.0,0.21243384069587942,0.3835891985657727,0.29527816
0.12949099171942957,0.08972249922345166,0.5549962721726314,0.2634222
0.04767981927128856,0.16987837278234588,0.3890396843358519,0.31172785
0.12274391232274685,0.11965651223109662,0.55070408719289,0.25012216
0.05193050138842778,0.3883878267967935,0.3313482262092393,0.28476083
0.012955165725341083,0.15094925916395888,0.3948214697894853,0.3120364
0.1538023984021823,0.0474382154798732,0.5810490372041426,0.28926006
0.23509595324824908,0.08208518379591005,0.5050606420942491,0.34520984
0.3677280088953433,0.07062743847699744,0.6021024054634222,0.44672
0.036536599039345585,0.2071594117311171,0.4479736213160335,0.26451308
0.08185219158934685,0.16134288482705225,0.4823287067424793,0.2816616
0.36984037397015296,0.05757600439158535,0.5352700737657295,0.46668473
0.21721815038234848,0.23574907360128539,0.616886498364452,0.20345771
0.13324973282389357,0.09719979932566214,0.614261145762517,0.23707844
0.4171323223316029,0.24966083012357287,0.7379268623253321,0.24175248
0.32353935450509286,0.040831790679983965,0.4080889505176423,0.4777215
0.2678387449220718,0.016840947314870125,0.4297834490859166,0.4590367
0.7540290541062991,0.31711039617120496,0.7230274822667524,0.48709428
0.07748139286397814,0.6953698842941924,0.2127268707547984,0.2993687
0.14167467641844214,0.09767603210799909,0.5864385279136859,0.24443963
0.2771629877450365,0.04627462797351255,0.502898978009939,0.40181988
0.27945944875189893,0.07193509085400981,0.5178043390898909,0.3928623
0.08658821119760028,0.1565002635980984,0.5058584571068816,0.2576067
0.06951777147996524,0.2503800872189465,0.45485722430580783,0.24906084
0.015519256938205106,0.3007303975590812,0.3333037276863581,0.29913536
0.1495839859204647,0.12351103129351718,0.5750513870617637,0.23853481
0.12236908453004887,0.07724725968506986,0.6139110007357953,0.24424046
0.08673392333865182,0.10580675497164846,0.5339429314406151,0.2624354
0.24057086220265925,0.11916841402272738,0.6666447617153725,0.28510925
0.402262699073299,0.15534176734217955,0.5397072480555648,0.39481413
0.1662693418423073,0.07107959638135478,0.5592435118531975,0.2906278
0.35522131454388806,0.10288233463814969,0.42252430369224714,0.4445716
0.010021293835139028,0.30628333179606937,0.34564699569946733,0.29549614
0.1149856853875428,0.24527948599821878,0.49866447334865194,0.24074519
0.17875455244571686,0.019004620428105967,0.43130091450266994,0.39683428
0.8932245392470222,0.28270341601821947,0.04407650163031901,0.9204179
0.1833146213447861,0.040585090563420134,0.6055290157052543,0.31240684
0.12985751672774448,0.14638798888238583,0.5514630702098934,0.23566347
0.10586840116808797,0.10515915427235308,0.5684993262667752,0.2518071
0.20174825601229,0.07520362864801682,0.5862910902178978,0.28880042
0.17990911576046523,0.7321093693944054,0.34739326010922866,0.22012395
0.49414383680864793,0.07905052304668209,0.5560685268436695,0.5696422
0.2057188569653519,0.09948627468756086,0.6820428754516197,0.24920826
0.02942705953458627,0.21301629362989816,0.4238923400651353,0.276812
0.11962010945981591,0.0623603196320168,0.5867474760199686,0.2697949
0.14937687246639889,0.1728416289610295,0.5543605557635105,0.22953314
0.21488017997232386,0.1516205599960983,0.6022719525577662,0.24684541
0.07434527059736222,0.08141451200553684,0.526633890359393,0.2718544
0.05437538816694307,0.3437474791594239,0.30501568746841956,0.33255967
0.2328863367901863,0.024987023108250767,0.4589187908907751,0.4031097
0.09983506761008684,0.10873430728008562,0.5671726411561443,0.2453289
0.10650296589973544,0.10390112217184191,0.5602751529254851,0.2376321
0.21216345520084876,0.2192100608577176,0.5981352876840487,0.19222759
0.13184472745615167,0.0671033855882611,0.5506641866354987,0.2714154
0.3717084361139207,0.05647093272756845,0.3127036275510859,0.5505228
0.5372663945914828,0.13188192478207328,0.5926868236354625,0.5237764
0.048837280671757466,0.16253314348238176,0.47564907656055655,0.26210535
0.07391084515084982,0.12370664796345604,0.5218569151595688,0.26089555
0.7057336832167104,0.1813716016493204,0.21143050500813787,0.7813597
0.16019419083442382,0.06556109450676635,0.6249680004442995,0.25712177
0.17095974996131522,0.06843239084906907,0.5771955695556615,0.28858805
0.044597928201303566,0.3148245261340201,0.39683043695783715,0.2681319
0.17187508256046757,0.152128058496339,0.5744778448390702,0.23675022
0.09253614979404261,0.1075045074146915,0.4145145084713967,0.33087394
0.03233754666290123,0.2380951716033073,0.41429867602297826,0.26858255
0.3182821069294257,0.19490100913981215,0.6824376244280267,0.21372154
0.32503963310629197,0.20701595322003896,0.7012870392527019,0.21902981
0.3589449977133481,0.047086124587401676,0.31627364494279725,0.5437149
0.2209813680632973,0.015804195893698914,0.40253855065709077,0.4405841
0.13587747150422916,0.14640153657051302,0.6141218082498422,0.22257519
0.11923186515571974,0.0486796885510192,0.5375597905153888,0.29495764
0.2301906184012797,0.12407353745416308,0.7031440868326471,0.22493619
0.2081868630839459,0.12508535739848747,0.5895479078206195,0.26239786
0.09659084414366882,0.1656233843616711,0.53601370405754,0.24620952
0.5863158707166121,0.22660737881655532,0.6628020887228779,0.47654185
0.21535240322912222,0.09567835090310102,0.6074841504729607,0.284023
0.025502029003369647,0.18033706860295115,0.43431260380345144,0.28100297
0.13518737724698532,0.11530316934165191,0.5800038589326245,0.23625366
0.26243962774401086,0.045350329944984974,0.3485838272550704,0.49307105
0.09173589465206235,0.258058930208161,0.4962756250872388,0.24380192
0.06522565962406807,0.13850960935431159,0.49663332556899065,0.27356094
0.4236961064036672,0.4308576900669093,0.79044991652011,0.11992656
0.2881356203193802,0.25027345430225206,0.6722460843233141,0.21089281
0.33540095017195004,0.03309225153906392,0.4274984882345384,0.49190965
0.15171371864533634,0.1141627322454707,0.5926591223004885,0.23979169
0.14610493050681445,0.04896541257808859,0.5365189974221882,0.30215508
0.08667000343572971,0.0867138607523362,0.533399011389374,0.27730647
0.16361489693940562,0.11815318865930394,0.5926497332938749,0.2291672
0.14694199397433633,0.09861978885428149,0.5863769195231326,0.25136855
0.2151724948727451,0.13674966949495454,0.5463147695605939,0.27883098
0.17520238773791688,0.10830963048739137,0.6477710968610824,0.23584205
0.13572840494701674,0.08977545453600508,0.6048304529473068,0.24801788
0.22976374179447334,0.2558644769785849,0.5825849480832898,0.21246065
0.2634637881646894,0.04012392930201683,0.40576217765159406,0.4338616
0.3772818618258818,0.10896597156168089,0.509885395860565,0.44023633
0.23629034592768616,0.20424431784341146,0.5675392321418706,0.23039126
0.3141609253805178,0.15594430106240253,0.6997987221870579,0.27413142
0.11201229460160746,0.06134870494338526,0.5805396085864678,0.25843734
0.26197500461436,0.3474480805955227,0.6883072531999304,0.16504121
0.36913735697260336,0.06458482365304918,0.352504530893174,0.5090902
0.12369231818767432,0.0867316650509926,0.5830463137887009,0.25046584
0.5245337952117508,0.17107653438342718,0.44213063275529046,0.52731824
0.16625842163763915,0.04296288603288376,0.5383121278881815,0.32285804
0.1866269682934767,0.15221894448194126,0.63466296645945,0.20873596
0.23028925430857797,0.23020355911303192,0.6213826006497128,0.19020435
0.30928223958138007,0.14855808245326435,0.5590187951871067,0.3308232
0.7507786500675963,0.2235046499895107,0.2708320179780053,0.782817
0.17905582549364765,0.038699862161293105,0.5762952516383699,0.31586257
0.05863894762704963,0.13843853052181718,0.4924724413556218,0.26318035
0.08653483067110812,0.1220329946566468,0.545571514438493,0.24169666
0.20012209643543724,0.23542858619780077,0.6854679790849745,0.17217866
0.033629992607864256,0.08384998911782111,0.4501675219278341,0.30652457
0.22271564691766993,0.18154719424509322,0.6599515295322087,0.21449785
0.23859852722888358,0.05007973062209062,0.56744408312158,0.38185155
0.2603029237003151,0.01720336474818246,0.3741810690963247,0.47488302
0.04310340071407964,0.21799297892164732,0.43792585859319677,0.26310626
0.024115906193147324,0.20389755420527944,0.4361997440424516,0.27025712
0.052966366235257856,0.15618373704105024,0.47977775384179955,0.26910064
0.11499527618778584,0.055181270479906286,0.5365116642395501,0.28745192
0.202565516469246,0.16234480912141244,0.5997248256873516,0.22030774
0.11217426233254969,0.1487228852508869,0.5814108676285351,0.21717122
0.13577977404278258,0.1432886831922824,0.6182020110563262,0.21702743
0.2141431566407352,0.11187488841375072,0.5951011388495604,0.28705898
0.15160756481125895,0.020198682441368965,0.4907041766517223,0.3499576
0.26977863623391274,0.18969798543768995,0.7371558126912757,0.1947693
0.16682897940671873,0.06081330342702103,0.4942895310249902,0.32875708
0.3998162422927878,0.10188410765863326,0.5566597963546364,0.4449458
0.10840110375464497,0.059603339728237975,0.3497070025459813,0.40237427
0.5176232262775222,0.09815222020521402,0.23260302644458025,0.6699361
0.27731593385481346,0.28088182870230594,0.6039904963397993,0.20761964
0.16917809856881444,0.1633468662277792,0.5835972832695369,0.23009309
0.14691456613463205,0.20544564295676424,0.588269979315616,0.21218008
0.1544669719201206,0.05865384735698717,0.40724591901721446,0.37744945
0.4031283811706985,0.16335124558696873,0.5226525093253581,0.4197244
0.1317685894229854,0.10391783451440116,0.5588370565653602,0.2629118
0.3481881414095347,0.0600282072435524,0.2884664669133178,0.5570177
0.09395592705216872,0.13958717383640679,0.5604325127268387,0.23892757
0.1185933973328242,0.07323435121647479,0.5510793234617439,0.27090704
0.35125901785704217,0.13379608655875502,0.654866077347827,0.3416764
0.8204658280543914,0.252781021879626,0.07919292068699085,0.85588837
0.07424942751756107,0.1030965464186659,0.5360863876172905,0.25833133
0.039380335375879955,0.34486838008728127,0.3654719167139653,0.2688003
0.026290350542081814,0.15363458980415656,0.4516267619160606,0.28202456
0.2520792982487055,0.06185630933655134,0.6440339592314935,0.35417125
0.09994545952083321,0.07150266138750533,0.5752826618793564,0.25562304
0.10688441719728253,0.11235082685705461,0.5524186357621681,0.24320164
0.2660002049237382,0.3298162100929696,0.6936061125550955,0.15853588
0.3070107751555171,0.2992619732521164,0.6459288838903224,0.2051567
0.11560815589321324,0.0493124926395959,0.549013915728574,0.2803355
0.21786711483445168,0.26859948576722537,0.571113100253201,0.20729339
0.17808792268393264,0.07721042474438573,0.543946133820635,0.29220277
0.18860743800178845,0.198437615323745,0.6011744336146232,0.21588871
0.16692721648277117,0.16226459908968513,0.6191567022148365,0.21689494
0.17260691304473552,0.07057883781821045,0.5863983177413468,0.2890028
0.048307219254560996,0.22435780441439837,0.44597440409218153,0.2679821
0.14964480848384004,0.14200564535580137,0.5849254502416145,0.23168036
0.2590193178502165,0.022798424029943837,0.40438430771071937,0.45063508
0.030152551451190335,0.19966616428628584,0.4269908530357987,0.27843875
0.05403947631121736,0.24506050349057662,0.4472396369471282,0.25850403
0.12751385564765444,0.045416881831602265,0.5485356680113681,0.29181972
0.09173329589448993,0.16801713996831444,0.5244240524360927,0.24985257
0.1530470721072888,0.10817517094310511,0.6126918230495095,0.23795462
0.1991097769983322,0.1461065651658396,0.6263880290482464,0.22623765
0.33599336306446137,0.020193790605442186,0.3789216777939062,0.5206939
0.16520696648684158,0.21676789185708364,0.5821440338817255,0.1998927
0.1479209892208237,0.037726112988469535,0.57680954691783,0.2953576
0.1502619999124348,0.14679490479735874,0.5617261886512646,0.23790072
0.18966051309164567,0.14053750873646703,0.60440481835189,0.24905643
0.03606043306076975,0.2714036234458346,0.38373229558484595,0.27539465
0.16782956178769565,0.1108166700119064,0.617834302834116,0.24653359
0.20730218415477822,0.013878739435414122,0.43894733037290173,0.41916287
0.2540646315585588,0.15149536559313062,0.6615937387831802,0.24363953
0.30328256766336414,0.2567898198782153,0.7358470964707324,0.18858019
0.12150957904232788,0.06144989467057059,0.5971236578718921,0.25938514
0.041004295450721456,0.3522108353126882,0.35201264000426336,0.28144145
0.08741683529401133,0.11868592910769532,0.5330955553375387,0.2520375
0.10042771471426502,0.12465057613300982,0.5546330369800382,0.24665266
0.17319561325998772,0.12392789320715045,0.5829664561902177,0.25381324
0.42849012089053923,0.23017049675398077,0.7263662294580978,0.2551239
0.04925760554070002,0.14945291120579413,0.49819673526817637,0.26816964
0.11922877248124604,0.21947565292136462,0.5376611561466271,0.21501204
0.16834200088561088,0.05530476944950499,0.549091630621069,0.3068853
0.17110561940318134,0.129913957050642,0.589074165069539,0.24440774
0.3995716009847742,0.11470493905954335,0.2428331916544591,0.59877
0.48600950520007175,0.09366954773616908,0.4379940058642434,0.5900023
0.10624840965592636,0.09251398099498874,0.5601384293441827,0.2516435
0.021990204361494514,0.15087541738897214,0.4422406806619523,0.2832864
0.1036100417879571,0.19425029894471807,0.5569852367769837,0.22888651
0.32479912212754575,0.1378645024122687,0.514395890422366,0.3582901
0.01366893984971923,0.2782126753824081,0.35504985717673065,0.29697534
0.2393085390127711,0.22916608563269103,0.6848443252108873,0.19178176
0.4894311052033325,0.08942997216873452,0.23899195509260007,0.6548884
0.30174988871542635,0.07881747878498939,0.6137795153931637,0.3762271
0.282460535321331,0.06931860220098185,0.6097378829443456,0.36342257
0.1540862300323961,0.1580208420744544,0.6250951443146492,0.21663642
0.4451163735285432,0.1012233316204203,0.3605855796131484,0.54891086
0.22307879930825164,0.036592935151837494,0.4949766156168976,0.37156817
0.1535171257502195,0.0993034748140553,0.5208365363740548,0.30470827
0.40774243393310794,0.3320263927065217,0.5381674511331743,0.25445688
0.23474232417727292,0.008714278470177111,0.43436788680338606,0.42894703
0.05991592843508406,0.14421725779460054,0.403732834587273,0.31183344
0.08788774022561208,0.4457405079242637,0.37442971836796063,0.25453624
0.21414428284649573,0.12367448776777833,0.5637093268434019,0.27945018
0.280057625666322,0.017676527562974303,0.38447264559045846,0.47296104
0.18867212956484813,0.1345218015371345,0.6459401029142363,0.23424093
0.25205627952004706,0.1926991396292203,0.6378372595213194,0.21830332
0.07187279222448158,0.09806466000808026,0.37436105670463715,0.35188082
0.27040359277832404,0.0852948843233724,0.6444323740276372,0.31493962
0.11368874218298017,0.05542532936555829,0.573803496320986,0.26445654
0.20217117927981226,0.04539904279330059,0.5862832524336288,0.32793075
0.20727165814729756,0.14558965815120795,0.651451848872835,0.23033543
0.48014588456162866,0.09989825837371696,0.44879992591016277,0.55598533
0.1878919002661584,0.30165535987851533,0.5923227323984077,0.19656642
0.14633110051531378,0.1443163116220433,0.5894942013165572,0.23060603
0.16506358910967106,0.12492933593803149,0.6033178907219292,0.23154122
0.35851896310489306,0.16608429639360886,0.66133068011345,0.30721354
0.14682224094248447,0.1722598004178255,0.5221140079294192,0.26359594
0.05641731478204448,0.11279145177994558,0.4991117008926109,0.27843624
0.09852539200335192,0.0918687957561082,0.5667785026377266,0.2495991
0.07351924245308102,0.08942207867849992,0.5314230269343414,0.27173156
0.20151945783675243,0.21428263280618604,0.6076684944592233,0.1907364
0.8855632541765435,0.2954607375944234,0.022116602935667307,0.9112645
0.1812545914628724,0.12348084041316361,0.6122439235207667,0.22716767
0.1032831953462235,0.13501268932540064,0.5551505118639685,0.23987465
0.12015549035026826,0.12876231838844004,0.6064206157293963,0.23056035
0.1309683831453748,0.06793418795138516,0.5900563432294762,0.26034516
0.17890092307830138,0.02555974111722767,0.46174589720889625,0.36949292
0.09036968913358306,0.5104245383789975,0.3804826314997659,0.2433014
0.4467938978007625,0.053104219642137934,0.35548808925887776,0.61337775
0.118542210696245,0.17162281945280086,0.5513137664777367,0.22674204
0.20060746008612687,0.14956817201165232,0.6032939299247346,0.2333034
0.2678853278697707,0.23021627733012578,0.5587777741329609,0.26157722
0.20091605820263855,0.09178056656595093,0.6094990863928154,0.28204507
0.08972449187261827,0.0908978249605299,0.5532466403668136,0.26111114
0.25649326245391785,0.2704272233470314,0.5974613105560179,0.1991882
0.06624569390506496,0.13058834191076574,0.507245064986352,0.26451042
0.13954062292507308,0.23843286932931596,0.5386795922723969,0.21434559
0.6614356736608649,0.15035701478995828,0.1839651543580793,0.7777268
0.09603904827844624,0.08696327236220926,0.5756938079741484,0.25293154
0.19583129936860041,0.05448367785950389,0.608503948982476,0.3080837
0.5479010941752098,0.10650978764884819,0.39009956528251793,0.65905166
0.28101707294565603,0.17409076413595329,0.6140549702160965,0.260087
