rely,data,cplx,time,stor,virt,turn,acap,aexp,pcap,vexp,lexp,modp,tool,sced,loc,Generated_Var_1,Generated_Var_2,Generated_Var_3,Generated_Var_4,Generated_Var_5,Generated_Var_6,Generated_Var_7,Generated_Var_8,actual
0.2,1.0,0.0,0.0,0.1071428571428572,0.6511627906976741,0.7142857142857147,0.64,0.6595744680851061,0.6527777777777778,0.645161290322581,0.2631578947368424,1.0,0.6585365853658539,0.173913043478261,0.0967056323060573,1.0,0.0,1.0,0.38336214,0.0,0.8793519,0.015952412,1.0,0.1785222176389534
0.2,1.0,0.1578947368421052,0.0,0.1071428571428572,0.3023255813953488,0.7142857142857147,0.3866666666666667,0.1914893617021278,0.4166666666666667,0.0,0.0,0.666666666666667,0.4146341463414635,0.0,0.2534973258305604,0.54673517,0.44330302,0.5988001,0.5074225,0.39949134,0.4801084,0.5313187,0.64282507,0.1399057406903572
0.3846153846153847,1.0,0.1578947368421052,0.0,0.0,0.0,0.2499999999999999,0.2,0.0,0.2222222222222222,0.0,0.0,0.2142857142857144,0.1951219512195123,0.0,0.1132558666225327,0.3165511,0.6931834,0.37324354,0.5239176,0.6510094,0.3204094,0.69464415,0.3836856,0.020809015192073
0.0,1.0,0.0,0.0,0.0,0.0,0.4642857142857144,0.64,0.1914893617021278,1.0,0.3225806451612903,0.0,1.0,0.4146341463414635,0.173913043478261,0.0505391892127314,0.92735445,0.1892036,0.8898681,1.0,0.04971004,0.89291364,0.36727116,0.8671691,0.0205457210310599
0.2,0.0,0.3157894736842105,0.0,0.0,0.0,0.4642857142857144,0.3866666666666667,0.3829787234042554,0.2222222222222222,0.0,0.0,1.0,0.4146341463414635,0.0,0.0122123307956307,0.21750025,0.72151965,0.22068608,0.6041352,0.7019031,0.22606249,0.9367705,0.3392952,0.0023784239211521
0.0,0.272727272727273,0.1578947368421052,0.0,0.3749999999999999,0.3023255813953488,0.4642857142857144,1.0,0.3829787234042554,1.0,0.0,0.0,1.0,0.6585365853658539,0.0,0.0017595512273305,0.81880236,0.22679058,0.81348884,0.828459,0.0956822,0.7135975,0.4215419,0.87679726,0.0032560711245293
0.0,0.272727272727273,0.3157894736842105,0.0,0.0,0.0,0.0,0.3866666666666667,0.3829787234042554,0.4166666666666667,0.0,0.0,0.2142857142857144,0.1951219512195123,0.0,0.004285639623003,0.254627,0.7718236,0.22371319,0.6440302,0.7454548,0.35611573,0.8582382,0.2630932,0.0001843059127092
0.6153846153846153,0.0,0.6315789473684211,1.0,1.0,1.0,0.4642857142857144,0.0,0.1914893617021278,0.4166666666666667,1.0,1.0,0.666666666666667,0.6585365853658539,0.347826086956522,0.0174387205797808,0.7860122,0.18138158,0.7788946,0.20959365,0.25597867,0.7355076,0.0,0.7621893,0.093829262513055
0.6153846153846153,0.0,0.6315789473684211,0.4545454545454546,0.3749999999999999,0.6511627906976741,0.4642857142857144,0.2,0.3829787234042554,0.2222222222222222,0.645161290322581,0.6315789473684218,0.2142857142857144,0.4146341463414635,0.0,0.0244072402919809,0.37451944,0.53520304,0.38393593,0.14569585,0.6296473,0.3441845,0.42130843,0.4355205,0.0366066648528624
1.0,0.0,0.6315789473684211,0.1666666666666668,1.0,0.3023255813953488,0.7142857142857147,0.2,0.0,0.2222222222222222,0.0,0.2631578947368424,0.4285714285714286,0.4146341463414635,0.0,0.0235361753279559,0.058882043,0.8422702,0.14422296,0.18995294,0.90996754,0.00017923294,0.8154804,0.12801285,0.0276546633784151
1.0,0.0,0.6315789473684211,0.1666666666666668,1.0,0.3023255813953488,0.7142857142857147,0.2,0.0,0.2222222222222222,0.0,0.2631578947368424,0.4285714285714286,0.4146341463414635,0.0,0.026149370220031,0.05870826,0.84284675,0.14411488,0.18955088,0.91031104,0.0,0.8148819,0.12745461,0.0186148971836301
0.6153846153846153,0.0,0.6315789473684211,0.1666666666666668,0.1071428571428572,0.3023255813953488,0.4642857142857144,0.2,0.0,0.2222222222222222,0.3225806451612903,0.0,0.2142857142857144,0.4146341463414635,0.347826086956522,0.0305046950401561,0.23325014,0.6791524,0.24630451,0.2926162,0.73193765,0.20435941,0.73167443,0.33500215,0.0171228969378889
0.6153846153846153,0.0,0.6315789473684211,0.1666666666666668,0.1071428571428572,0.6511627906976741,0.4642857142857144,0.0,0.3829787234042554,0.0,0.645161290322581,0.2631578947368424,0.0,0.4146341463414635,0.0,0.0200519154718558,0.22349143,0.6870183,0.2446876,0.15697442,0.752005,0.18757096,0.577817,0.3179091,0.0064156010566872
0.6153846153846153,0.0,1.0,0.4545454545454546,1.0,0.6511627906976741,0.4642857142857144,0.2,0.3829787234042554,0.0,0.645161290322581,0.6315789473684218,0.666666666666667,1.0,1.0,0.0008884862633055,0.4566929,0.42609063,0.5694664,0.07705091,0.5263904,0.31837285,0.3290957,0.552156,0.0047480713702705
1.0,0.0,0.6315789473684211,0.4545454545454546,0.1071428571428572,0.6511627906976741,0.0,0.2,0.6595744680851061,0.2222222222222222,1.0,1.0,0.2142857142857144,0.4146341463414635,1.0,0.001672444730928,0.6829197,0.3237454,0.6418271,0.51189256,0.3867198,0.75992435,0.24433438,0.7025324,0.0048358360906082
1.0,0.272727272727273,0.6315789473684211,0.4545454545454546,1.0,0.3023255813953488,0.0,0.2,0.3829787234042554,0.2222222222222222,0.3225806451612903,0.2631578947368424,0.4285714285714286,0.4146341463414635,0.0,0.003588787651783,0.16239293,0.7478664,0.19415988,0.08205275,0.819077,0.12449171,0.6224651,0.28923917,0.0029927769635162
1.0,0.272727272727273,0.6315789473684211,0.4545454545454546,1.0,0.3023255813953488,0.0,0.2,0.0,0.2222222222222222,0.3225806451612903,0.2631578947368424,0.4285714285714286,0.4146341463414635,0.0,0.0014111252417205,0.21924075,0.6779457,0.26041752,0.11922613,0.7572675,0.17831579,0.60809034,0.3777418,0.0002720706330469
0.6153846153846153,1.0,0.4736842105263157,0.4545454545454546,0.3749999999999999,0.3023255813953488,0.7142857142857147,0.2,0.3829787234042554,0.4166666666666667,0.3225806451612903,0.2631578947368424,1.0,0.6585365853658539,0.347826086956522,0.2770160798592359,0.792413,0.25565746,0.7532468,0.6444934,0.24321695,0.8565796,0.37340927,0.76092,1.0
0.6153846153846153,0.636363636363637,0.3157894736842105,0.1666666666666668,0.3749999999999999,0.0,0.2499999999999999,0.0,0.1914893617021278,0.4166666666666667,0.3225806451612903,0.2631578947368424,0.2142857142857144,0.1951219512195123,0.0,1.0,0.34856632,0.7831611,0.25628456,0.93244314,0.6889157,0.58584857,0.84090334,0.233172,0.5787293423789506
1.0,0.636363636363637,0.6315789473684211,0.1666666666666668,0.3749999999999999,0.6511627906976741,0.7142857142857147,0.0,0.0,0.527777777777778,0.645161290322581,0.6315789473684218,1.0,0.4146341463414635,0.347826086956522,0.2587237156147105,0.8317555,0.23475,0.7480057,0.6675229,0.26580578,1.0,0.249184,0.72926414,0.5611763983114068
0.3846153846153847,1.0,0.4736842105263157,0.090909090909091,0.2499999999999998,0.0,0.0,0.2,0.3829787234042554,0.4166666666666667,0.3225806451612903,0.2631578947368424,0.2142857142857144,0.1951219512195123,0.0,0.2177836623055347,0.4388587,0.63645446,0.41903657,0.56096125,0.59472287,0.5318682,0.61203915,0.4112793,0.2149445765791067
0.6153846153846153,0.272727272727273,0.3157894736842105,0.4090909090909091,0.1071428571428572,0.3023255813953488,0.4642857142857144,0.2,0.0,0.2222222222222222,0.0,0.2631578947368424,0.2142857142857144,0.4146341463414635,1.0,0.1010609571261824,0.35957405,0.5594341,0.38827255,0.35256225,0.63491726,0.34128535,0.61511827,0.4543595,0.0630238456745157
0.6153846153846153,0.272727272727273,0.3157894736842105,0.1212121212121213,0.1071428571428572,0.3023255813953488,0.4642857142857144,0.2,0.0,0.2222222222222222,0.0,0.2631578947368424,0.4285714285714286,0.4146341463414635,1.0,0.0653472936011567,0.34885567,0.57840586,0.37253118,0.4340607,0.64085895,0.34821442,0.67471814,0.43429536,0.0467873724120378
0.2,0.272727272727273,0.1578947368421052,0.090909090909091,0.1071428571428572,0.3023255813953488,0.0,0.3866666666666667,1.0,0.4166666666666667,0.645161290322581,0.0,0.0,0.0,0.0,0.0766711381334819,0.29471266,0.71681255,0.20872504,0.3077575,0.7075813,0.3108825,0.62723666,0.30409217,0.039239606462994
0.6153846153846153,1.0,0.6315789473684211,0.2272727272727271,0.1071428571428572,0.3023255813953488,0.0,0.2,0.3829787234042554,0.2222222222222222,0.645161290322581,0.2631578947368424,0.0,0.1951219512195123,0.347826086956522,0.0313757600041811,0.5609877,0.42041856,0.5704341,0.32458234,0.45943436,0.55366284,0.35855752,0.62206227,0.0453831368866343
0.2923076923076922,0.272727272727273,0.1578947368421052,0.1060606060606061,0.1071428571428572,0.6511627906976741,0.7142857142857147,0.2,0.3829787234042554,0.2222222222222222,0.645161290322581,0.2631578947368424,0.2142857142857144,0.6585365853658539,0.347826086956522,0.0400864096444312,0.48731095,0.44124886,0.5198961,0.16082974,0.49225417,0.38033676,0.31442016,0.55759865,0.0334471349207045
0.6153846153846153,0.0,0.4736842105263157,0.5303030303030305,0.3749999999999999,0.3023255813953488,0.0,0.3866666666666667,0.3829787234042554,0.4166666666666667,0.3225806451612903,0.2631578947368424,0.0,0.6585365853658539,0.347826086956522,0.0064633020330656,0.28147075,0.6424185,0.30104917,0.23975384,0.69529355,0.23670307,0.61375177,0.3700306,0.0072054835397267
0.6153846153846153,0.636363636363637,0.6315789473684211,0.1666666666666668,0.3749999999999999,0.6511627906976741,0.7142857142857147,0.2,0.3829787234042554,0.2222222222222222,0.645161290322581,0.6315789473684218,0.666666666666667,0.6585365853658539,0.0,0.0095991359035556,0.55890954,0.33591074,0.6182933,0.08972052,0.44520193,0.46095696,0.24312513,0.6362384,0.0080831307431038
0.2,0.272727272727273,0.3157894736842105,0.0,0.0,0.3023255813953488,0.4642857142857144,0.5200000000000001,1.0,0.2222222222222222,0.3225806451612903,0.2631578947368424,0.2142857142857144,0.1951219512195123,1.0,0.000139370394244,0.44810966,0.44825444,0.4848078,0.14949918,0.5219119,0.3357382,0.43574116,0.56431377,0.0001228706084728
0.2,0.272727272727273,0.3157894736842105,0.0,0.0,0.3023255813953488,0.4642857142857144,0.3866666666666667,1.0,0.2222222222222222,0.3225806451612903,0.2631578947368424,0.2142857142857144,0.1951219512195123,1.0,0.0,0.4185157,0.47591844,0.46166298,0.15676224,0.5495899,0.3082471,0.4694533,0.53768104,0.0
1.0,0.636363636363637,0.3157894736842105,0.7272727272727273,1.0,0.6511627906976741,0.7142857142857147,0.2,0.0,0.2222222222222222,0.645161290322581,0.6315789473684218,0.4285714285714286,0.4146341463414635,0.0,0.0522813191407815,0.51242214,0.3713815,0.58775824,0.0,0.47195354,0.37261868,0.114256166,0.6265431,0.0927760858690023
0.2,0.636363636363637,0.1578947368421052,0.0,0.0,0.3023255813953488,0.4642857142857144,0.0,0.0,0.4166666666666667,0.3225806451612903,0.2631578947368424,0.666666666666667,0.6585365853658539,0.0,0.337990627340987,0.5702485,0.5298031,0.55481035,0.7943347,0.42118788,0.66273636,0.5961225,0.53546625,0.0610930218270859
1.0,0.636363636363637,0.6315789473684211,0.7272727272727273,1.0,0.6511627906976741,0.2499999999999999,0.2,0.0,0.2222222222222222,0.0,0.2631578947368424,0.2142857142857144,0.1951219512195123,0.0,0.0348600198602811,0.33426702,0.5354362,0.4053144,0.036972728,0.63773197,0.22698401,0.38995042,0.5180795,0.0525798439543272
0.6153846153846153,0.636363636363637,0.3157894736842105,0.090909090909091,0.0,0.3023255813953488,0.0,0.3866666666666667,0.3829787234042554,0.4166666666666667,0.3225806451612903,0.2631578947368424,0.2142857142857144,0.6585365853658539,1.0,0.0183097855438058,0.5482377,0.4374641,0.53162354,0.48840925,0.49015933,0.58262235,0.4751017,0.5511626,0.0196680738276827
0.0,0.0,0.6315789473684211,0.090909090909091,0.3749999999999999,0.6511627906976741,0.4642857142857144,0.3866666666666667,0.1914893617021278,0.4166666666666667,0.645161290322581,0.2631578947368424,1.0,1.0,0.0,0.0095991359035556,0.7215804,0.29067323,0.70199984,0.5108193,0.26691774,0.696655,0.3820853,0.7055493,0.0066788952177003
0.2,0.5000000000000006,0.1157894736842106,0.0,0.0,0.0,0.0,0.64,0.3829787234042554,0.6527777777777778,0.0,0.0,0.4285714285714286,0.1951219512195123,0.173913043478261,0.0113412658316057,0.442447,0.59278566,0.4118302,0.6170145,0.55074674,0.4970769,0.69892305,0.4249355,0.0043092477685819
0.2,0.0,0.0,0.0,0.1071428571428572,0.3023255813953488,0.4642857142857144,0.2,0.0,0.2222222222222222,0.3225806451612903,0.2631578947368424,0.4285714285714286,0.4146341463414635,0.0,0.0505391892127314,0.25847843,0.7043293,0.27719927,0.4815076,0.6962901,0.2729519,0.7520733,0.34116143,0.0036071300058802
0.3846153846153847,0.272727272727273,0.4736842105263157,0.0,0.0,0.0,0.0,0.0,0.1914893617021278,0.4166666666666667,0.0,0.0,0.0,0.1951219512195123,0.0,0.0113412658316057,0.099297576,0.9320249,0.108372934,0.56467426,0.8908113,0.19445583,0.9180489,0.124225825,0.00053536479406
0.3846153846153847,0.272727272727273,0.4736842105263157,0.0,0.0,0.0,0.4642857142857144,0.0,0.0,0.0,0.3225806451612903,0.0,0.2142857142857144,0.6585365853658539,0.0,0.0036758941481855,0.14918688,0.8298925,0.21148787,0.424621,0.7985772,0.14413947,0.85762256,0.23907769,0.0001843059127092
0.3846153846153847,0.0,0.6315789473684211,0.0,0.0,0.3023255813953488,0.0,0.2,0.0,0.6527777777777778,0.3225806451612903,0.2631578947368424,0.666666666666667,0.4146341463414635,0.0,0.0008884862633055,0.4565587,0.62260765,0.3769541,0.79226506,0.58299774,0.6361745,0.7694847,0.33830616,0.0001843059127092
0.2,0.0,0.3157894736842105,0.0,0.0,0.0,0.0,0.3866666666666667,0.0,0.0,0.0,0.0,0.2142857142857144,0.1951219512195123,0.0,0.002891935680563,0.07400531,0.9083081,0.076773465,0.5782735,0.9123982,0.16547589,1.0,0.11506286,8.776472033771834e-06
0.2,0.454545454545455,0.3894736842105264,0.0,0.1071428571428572,0.0,0.7142857142857147,0.2,0.3829787234042554,0.3194444444444446,0.0,0.0,0.3095238095238095,0.2926829268292683,0.173913043478261,0.0379087472343687,0.18747494,0.7240264,0.2451227,0.3505507,0.738366,0.115389034,0.8178275,0.32259774,0.0034316005652047
0.3846153846153847,0.454545454545455,0.3894736842105264,0.0,0.3749999999999999,0.0,0.7142857142857147,0.2,0.3829787234042554,0.4166666666666667,0.0,0.0,0.4285714285714286,0.4146341463414635,0.173913043478261,0.0231877493423459,0.17477964,0.717683,0.2579174,0.3021661,0.74266666,0.06853683,0.81381416,0.3174134,0.0067666599380381
0.2,0.454545454545455,0.3894736842105264,0.090909090909091,0.3749999999999999,0.0,0.7142857142857147,0.3866666666666667,0.3829787234042554,0.4166666666666667,0.0,0.0,0.666666666666667,0.4146341463414635,0.173913043478261,0.0249298792703959,0.28645787,0.6018394,0.35334453,0.3393202,0.6230642,0.1718573,0.73671466,0.44824985,0.0071177188193889
0.2,0.454545454545455,0.3894736842105264,0.0,0.1071428571428572,0.0,0.7142857142857147,0.3866666666666667,0.3829787234042554,0.4166666666666667,0.0,0.0,0.4285714285714286,0.2926829268292683,0.173913043478261,0.028762565112106,0.27964422,0.63003117,0.3264567,0.36289847,0.64066195,0.19425167,0.7344768,0.4297233,0.0087852485058056
0.2,0.454545454545455,0.3894736842105264,0.0,0.1071428571428572,0.0,0.7142857142857147,0.3866666666666667,0.3829787234042554,0.2222222222222222,0.0,0.0,0.4285714285714286,0.4146341463414635,0.173913043478261,0.0618630337450567,0.23909031,0.66902673,0.29962778,0.33603647,0.6805507,0.14582156,0.7575646,0.3870944,0.01054054291256
0.0,0.0,0.6315789473684211,0.0,0.0,0.0,0.0,0.0,0.0,0.0,0.645161290322581,0.6315789473684218,0.666666666666667,0.4146341463414635,0.173913043478261,0.0183097855438058,0.28074172,0.7476993,0.25191423,0.9182957,0.7138846,0.5131655,0.932045,0.22506458,0.0026417180821653
0.2,0.0,0.1578947368421052,0.0,0.0,0.0,0.4642857142857144,0.64,0.1914893617021278,0.6527777777777778,0.0,0.0,0.666666666666667,0.4146341463414635,0.173913043478261,0.4024494346788383,0.43679705,0.61556935,0.37189496,0.7910737,0.5327061,0.51755303,0.7926456,0.42431235,0.1111189124195855
0.3846153846153847,0.272727272727273,0.1578947368421052,0.0,0.0,0.3023255813953488,0.0,0.0,0.3829787234042554,0.0,0.645161290322581,0.2631578947368424,0.0,0.1951219512195123,0.0,0.077542203097507,0.21352345,0.7514707,0.21498637,0.369749,0.759591,0.22532068,0.73232174,0.28249195,0.0131734845226915
0.6153846153846153,0.272727272727273,0.3157894736842105,0.4545454545454546,0.3749999999999999,0.3023255813953488,0.0,0.2,0.3829787234042554,0.2222222222222222,0.645161290322581,0.2631578947368424,0.4285714285714286,0.4146341463414635,0.0,0.0191808505078308,0.33847803,0.5609308,0.3538677,0.14431459,0.63538045,0.2746298,0.5029092,0.48758847,0.0149287789294459
0.2,0.272727272727273,0.3157894736842105,0.0,0.0,0.3023255813953488,1.0,0.64,0.3829787234042554,1.0,0.3225806451612903,0.0,1.0,0.6585365853658539,0.173913043478261,0.0069859410114806,0.8988733,0.13504034,0.860811,0.6116058,0.050376043,0.81131077,0.23307186,0.9001542,0.0101894840312091
0.2,0.0,0.1578947368421052,0.0,0.1071428571428572,0.6511627906976741,0.4642857142857144,0.3866666666666667,0.3829787234042554,0.4166666666666667,0.645161290322581,0.6315789473684218,1.0,0.6585365853658539,0.0,0.0054180240762356,0.7099299,0.2959252,0.68222255,0.43937528,0.31619245,0.73249876,0.28473744,0.65927845,0.0030805416838539
0.2,0.0,0.4736842105263157,0.1666666666666668,0.3749999999999999,1.0,0.4642857142857144,0.0,0.3829787234042554,0.0,0.645161290322581,0.6315789473684218,0.4285714285714286,0.6585365853658539,0.347826086956522,0.002891935680563,0.47192624,0.44391263,0.50031775,0.20390677,0.5341241,0.416881,0.35998586,0.51454085,0.0007108942347355
0.3846153846153847,0.0,0.3157894736842105,0.0,0.1071428571428572,0.6511627906976741,0.0,0.3866666666666667,0.0,0.4166666666666667,0.3225806451612903,0.0,0.2142857142857144,0.6585365853658539,0.0,0.0021079772129405,0.4216253,0.5915588,0.42316937,0.43229628,0.5739705,0.43241343,0.5790335,0.42766368,0.0012374825567618
0.2,0.0,0.0,0.0,0.0,0.0,0.0,0.2,0.0,0.6527777777777778,0.0,0.0,0.666666666666667,0.4146341463414635,0.0,0.003763000644588,0.30758095,0.75558466,0.27450058,0.90178496,0.64540815,0.40918484,0.91142637,0.29415616,0.0010619531160863
0.6153846153846153,0.0,0.6315789473684211,0.4545454545454546,0.3749999999999999,0.3023255813953488,0.4642857142857144,0.2,0.1914893617021278,0.4166666666666667,0.645161290322581,0.6315789473684218,0.666666666666667,0.6585365853658539,0.347826086956522,0.0217940453999059,0.5039384,0.39801902,0.5215835,0.22436382,0.51542264,0.48370546,0.3935825,0.5553266,0.0835607902335419
0.3846153846153847,0.0,0.4736842105263157,0.1666666666666668,0.3749999999999999,1.0,0.4642857142857144,0.3866666666666667,0.3829787234042554,0.4166666666666667,0.645161290322581,0.6315789473684218,0.666666666666667,0.6585365853658539,1.0,0.0130833957596557,0.79972523,0.1374321,0.80017376,0.23190862,0.23646331,0.7389421,0.12630263,0.80863065,0.0202824268700467
1.0,0.0,0.6315789473684211,1.0,0.3749999999999999,0.3023255813953488,0.4642857142857144,0.0,0.0,0.0,0.0,0.0,0.2142857142857144,0.4146341463414635,0.0,0.0200519154718558,0.19443229,0.6867556,0.26554948,0.08983699,0.7789711,0.12267767,0.55471474,0.30236953,0.0108916017939108
0.3846153846153847,0.0,0.4736842105263157,0.090909090909091,0.1071428571428572,0.3023255813953488,0.0,0.3866666666666667,0.3829787234042554,0.4166666666666667,0.3225806451612903,0.2631578947368424,0.2142857142857144,0.4146341463414635,0.0,0.0183097855438058,0.2617238,0.72232276,0.23629646,0.43656656,0.7371667,0.3073007,0.7612343,0.2787021,0.0056257185736477
0.6153846153846153,0.0,0.6315789473684211,0.1666666666666668,0.1071428571428572,0.3023255813953488,0.4642857142857144,0.2,0.6595744680851061,0.2222222222222222,0.645161290322581,0.6315789473684218,0.666666666666667,0.6585365853658539,0.347826086956522,0.004111426630198,0.45074221,0.44139516,0.48402098,0.14686975,0.5501262,0.389466,0.414215,0.53150684,0.0044847772092574
0.3846153846153847,0.0,0.4736842105263157,0.0,0.0,0.0,0.0,0.2,0.3829787234042554,0.2222222222222222,0.0,0.2631578947368424,0.0,0.4146341463414635,0.0,0.0226651103639309,0.0,1.0,0.0,0.55607355,1.0,0.08863911,0.99910134,0.0,0.0038704241668933
0.2,0.0,0.6315789473684211,0.1666666666666668,0.3749999999999999,0.6511627906976741,0.4642857142857144,0.0933333333333334,0.0,0.0,1.0,1.0,0.2142857142857144,1.0,0.0,0.0062019825438581,0.5681173,0.41942206,0.55167603,0.37581372,0.47028244,0.57322943,0.3059862,0.50908345,0.0028172475228407
0.3846153846153847,0.0,0.4736842105263157,0.0,0.0,0.3023255813953488,0.0,0.0,0.0,0.2222222222222222,0.3225806451612903,0.2631578947368424,0.0,0.4146341463414635,0.0,0.0069859410114806,0.16637303,0.8514242,0.16328958,0.57535434,0.8362454,0.26426485,0.86435187,0.16060495,0.0007986589550732
