rely,data,virt,turn,aexp,vexp,tool,sced,loc,Generated_Var_1,Generated_Var_2,Generated_Var_4,actual
0.4030133,0.519492,0.22851107,-0.012170769,0.15636992,0.62590784,0.38621938,0.4754434,0.034940213,0.50708395,0.33190945,0.87575483,-0.081849344
0.49583113,0.6373626,0.21042544,-0.21369827,0.08445078,0.75603807,0.36465573,0.70299697,-0.060405016,0.57593733,0.40492278,1.1399772,-0.11888524
0.33700246,0.5124907,0.18534884,0.05474572,0.19717948,0.5076836,0.37766615,0.35306612,0.03606095,0.6292969,0.35888422,0.86584616,-0.07108983
0.5259063,0.49962732,0.4226408,0.049576607,0.17444609,0.7439025,0.4480233,0.4907285,0.12050506,0.45656574,0.4888889,0.907657,-0.017406888
0.53058577,0.61991686,0.32351452,-0.056961663,0.18162932,0.8005684,0.4463731,0.7182908,0.039729632,0.40172273,0.49478978,1.0455185,-0.06353917
-0.16735691,0.7468179,0.16124329,0.008428827,0.80161726,0.6141888,0.46569785,0.527371,0.014903809,0.72014683,0.45142633,0.90986025,-0.2439284
0.5729791,0.56763494,0.34526765,-0.08500116,0.089703456,0.8319578,0.43666553,0.6407711,0.045725293,0.4407279,0.5052206,1.0671731,-0.070979126
0.620948,0.5041259,0.65589833,0.06689759,0.31156212,1.0820874,0.5729228,0.76722085,0.13210064,0.36579102,0.66025317,0.95995367,-0.0663865
0.33266133,0.4976187,0.37560773,0.14271653,0.3154011,0.64923406,0.4623388,0.37060615,0.14098711,0.49745128,0.45188817,0.7699175,-0.016961396
0.3196466,0.47592175,0.30532968,0.13928525,0.27935144,0.53456664,0.45426762,0.28383508,0.14825459,0.5712634,0.37255448,0.74619985,-0.041607298
0.42525643,0.5003612,0.25252703,0.037999634,0.1544294,0.60396457,0.4096644,0.40788746,0.07366554,0.4936344,0.35293403,0.8165755,-0.039732613
-0.0065875202,0.8025993,0.017206445,0.107236184,0.6148197,0.39192164,0.46664587,0.360043,0.031659514,0.8576787,0.3525438,1.0501156,-0.23221216
0.2712857,0.43243355,0.34296715,0.17506015,0.3635668,0.5185576,0.4667224,0.27686763,0.13163275,0.5110578,0.3570762,0.6304511,-0.042573698
-0.0878225,0.95511174,-0.038096324,0.08964083,0.7610931,0.41710365,0.52262187,0.4567147,0.0075236596,0.99702317,0.38884133,1.242048,-0.3057673
0.03764934,0.54030204,0.26192078,0.07786772,0.56793964,0.58300704,0.42563105,0.44522175,0.05195657,0.49797577,0.38404053,0.64182913,-0.1164392
0.5693557,0.48100165,0.5832521,0.122181594,0.29063773,0.95994884,0.57315403,0.73029256,0.14040594,0.32661948,0.6489477,0.8704926,-0.065402456
0.13130622,0.75050086,0.024494112,0.042675283,0.42249817,0.422621,0.4253814,0.484518,0.0052067386,0.7786142,0.3403467,1.0405536,-0.22581998
0.19872336,0.5106622,0.38574666,0.2608377,0.48966917,0.6341547,0.54277664,0.40747625,0.12666662,0.503811,0.4821699,0.60686105,-0.046085484
0.3770103,0.52212024,0.2743473,0.002587594,0.1858802,0.6503896,0.39408106,0.4490792,0.058202423,0.48241898,0.36982524,0.8769866,-0.02739384
0.48391244,0.3626863,0.7360964,0.19748595,0.4560443,1.0294663,0.6479167,0.52442557,0.14124617,0.39866963,0.5466703,0.6840788,-0.002859123
0.090218075,0.72892004,0.06266479,0.08701841,0.47248197,0.40517506,0.42142448,0.3570647,0.04355884,0.74605775,0.33149263,0.97419596,-0.19019109
0.40072364,0.48018196,0.28890294,0.07563412,0.18081008,0.5535249,0.39721113,0.2973566,0.09961654,0.53260326,0.36561787,0.8337475,-0.022188254
0.028617598,0.7258862,0.05928456,0.12140824,0.5498286,0.40513858,0.4549295,0.36164635,0.051299773,0.74791205,0.35810405,0.92817104,-0.18624917
-0.09647864,0.775652,0.06340562,0.11485489,0.7224988,0.4766606,0.4792699,0.49257758,0.030695986,0.7716039,0.4275595,0.9408735,-0.2412155
0.26059657,0.40914753,0.47776678,0.19834009,0.46068308,0.70908535,0.5069179,0.40884215,0.12715542,0.39391226,0.44552723,0.5305613,-0.02971036
0.29551607,0.4964131,0.35876757,0.2171334,0.3601322,0.5905427,0.5081806,0.34146178,0.15170355,0.5261841,0.45207193,0.6948217,-0.023514695
0.5354453,0.59986407,0.30695242,-0.060802586,0.13174006,0.80294585,0.44497484,0.7007687,0.03721307,0.41912436,0.49885583,1.0533506,-0.07363836
-0.43619636,1.7841418,-0.29345804,-0.20069355,1.4870341,0.64176244,0.7344425,0.7375969,-0.12302853,1.9004357,0.5458266,2.3414729,-0.7549748
0.4493103,0.41529322,0.66603565,0.14997014,0.46839568,1.0113736,0.59457266,0.6726937,0.13404252,0.28490245,0.64523745,0.6531831,-0.04098914
0.25691262,0.49443945,0.3151743,0.18848285,0.36486697,0.5851289,0.45985985,0.38922164,0.11327789,0.5211402,0.4399742,0.6742488,-0.037956573
0.01737167,0.9570315,-0.033046916,-0.13570228,0.5739823,0.53185767,0.4360007,0.46428004,-0.062323414,1.0530849,0.34953305,1.3656812,-0.35378397
-0.056663543,0.70175654,0.11741666,0.064318605,0.654903,0.4867166,0.43562073,0.4527566,0.03256107,0.7047905,0.36021778,0.85516953,-0.20172822
-0.0663109,0.6664709,0.19034222,0.17236349,0.71011955,0.56208193,0.488052,0.5132233,0.057452515,0.6151611,0.47742972,0.73866606,-0.16586354
-0.24369791,0.8376229,0.16754618,0.064739965,0.96164775,0.7080631,0.50891614,0.6566751,0.020038579,0.73761123,0.5605858,0.94376767,-0.2794203
0.1962004,0.41707173,0.59037113,0.16043335,0.609137,0.92495507,0.58079123,0.5606364,0.10604384,0.41051114,0.53378963,0.62672496,-0.09137615
0.98926616,1.1402625,0.58163655,-0.35707128,0.3038387,1.7623234,0.6981602,1.62794,0.024801312,0.5718256,1.0433899,2.178526,-0.22358748
0.46992308,0.3881633,0.6932359,0.15051717,0.43158552,1.0273196,0.59626675,0.61379033,0.14826977,0.33035624,0.6327531,0.68271184,-0.0336247
0.39184716,0.4194927,0.41781387,0.22040775,0.29739627,0.58556855,0.50948715,0.25292817,0.17698252,0.5311774,0.40306613,0.6753441,-0.0014935657
0.03652808,0.6928956,0.08665324,0.14581183,0.5428594,0.41496283,0.44851974,0.35264397,0.058789626,0.7123316,0.36442646,0.85572815,-0.16594699
0.19780679,0.3633889,0.609079,0.19009042,0.60308486,0.9148648,0.5674405,0.562234,0.09701953,0.31430972,0.5331411,0.5250844,-0.05300992
0.49387795,0.5893453,0.23446795,-0.147338,0.08306207,0.75839925,0.36002702,0.66241026,-0.021126898,0.49955767,0.38152108,1.0402967,-0.09082181
0.3759728,0.5998717,0.16713004,-0.0742955,0.15765548,0.6627168,0.37074983,0.5758755,-0.029860737,0.62440884,0.36721283,1.0147203,-0.12651038
-0.10895869,0.8351936,0.07140854,0.013754636,0.7480736,0.51738495,0.45819092,0.46963847,0.023282092,0.87499696,0.40172234,1.0725454,-0.28018722
0.4372037,0.4203605,0.4439797,0.14868511,0.24161698,0.66394573,0.4690441,0.31091797,0.16328727,0.49103487,0.42952892,0.75300384,0.0056054145
0.5016012,0.551081,0.34171456,0.03128977,0.15852855,0.75303495,0.46323624,0.63323176,0.07356544,0.39721674,0.49449876,0.9438851,-0.05526664
0.12458114,0.46687916,0.43062,0.11027516,0.5428999,0.7204247,0.5055185,0.4133326,0.11055529,0.49969986,0.46975896,0.671497,-0.08628098
0.37572616,0.37694132,0.50151813,0.15785146,0.32729614,0.7113229,0.51207185,0.34084818,0.16838285,0.49563995,0.41721407,0.68903553,-0.0017518625
0.3994657,0.334481,0.5573032,0.14187722,0.35194054,0.7532081,0.5129782,0.33692905,0.14771414,0.44743147,0.41751835,0.6539328,0.0046107396
0.7324016,0.7112965,0.55821055,-0.017721184,0.29090285,1.1638768,0.5821948,0.9403807,0.1051799,0.38336575,0.74248254,1.3053977,-0.06910098
0.3659027,0.34751537,0.50040615,0.1672399,0.34113273,0.68245727,0.49473763,0.32049757,0.14733005,0.43437204,0.3913814,0.63066447,0.0016820654
0.35669118,0.5768556,0.19076686,-0.014663637,0.19909337,0.5814487,0.38446623,0.5371528,0.017403502,0.50347984,0.3338339,0.85550773,-0.08825108
0.1579378,0.6630046,0.2520789,0.09948542,0.45869908,0.68929744,0.45079246,0.5769531,0.04190348,0.5794118,0.44105908,0.83717203,-0.11230876
0.34152162,0.41719338,0.47924146,0.093637474,0.40959406,0.7590602,0.4723289,0.54240215,0.07880273,0.33792004,0.4156282,0.6497625,-0.008946098
0.24405158,0.47847247,0.34303993,0.15834591,0.39353314,0.56402504,0.4763443,0.28679767,0.14018404,0.56900984,0.37703535,0.6949048,-0.056058474
-0.044745,0.6212402,0.22183268,0.05458469,0.6465321,0.5721724,0.43070608,0.4685418,0.043247364,0.597069,0.37768337,0.7361418,-0.16661811
0.4156795,0.45362812,0.70107496,0.10420962,0.49696326,1.153679,0.633381,0.7047125,0.15280026,0.4780708,0.6489514,0.8558465,-0.047127284
0.07998708,0.6544686,0.19041595,0.07357756,0.5249827,0.5253729,0.45476332,0.35536233,0.088099346,0.7124838,0.39099994,0.87705946,-0.150803
0.28928348,0.4548228,0.36913046,0.27362758,0.37622535,0.53854823,0.5222163,0.2923073,0.15317562,0.51851505,0.4234815,0.6218703,-0.02597253
0.1223829,0.3966942,0.5536969,0.19838472,0.65050393,0.8722421,0.56581676,0.58682954,0.07753277,0.32196122,0.5263323,0.5094516,-0.07059843
-0.23860127,0.9517922,0.033622615,-0.07596738,0.91453785,0.58624166,0.4606078,0.52144426,-0.037128553,0.9801753,0.42655054,1.189527,-0.3308734
0.30305257,0.44683185,0.34267902,0.20609915,0.33870032,0.5287346,0.47818416,0.29049966,0.14068657,0.51280427,0.37032607,0.64676356,-0.043537445
0.5910601,0.52676266,0.4875409,0.06287352,0.2086271,0.86122346,0.5093841,0.65688986,0.11064327,0.37819234,0.57038766,0.95751464,-0.050794758
0.4755015,0.36594614,0.6229203,0.15712044,0.3489249,0.8836398,0.5524043,0.46964833,0.1539449,0.3803069,0.51723427,0.68362653,0.00033401698
0.7332201,0.7117021,0.4696041,-0.18741882,0.108731,1.1605551,0.50062376,0.9715511,0.0551845,0.51533395,0.6969045,1.4111379,-0.09831574
0.5396984,0.6278522,0.30600065,-0.046675406,0.1795069,0.81343853,0.44855273,0.72746474,0.038986076,0.41442063,0.49042276,1.0573487,-0.06625513
0.4412304,0.38865694,0.6327938,0.14743543,0.43348986,0.9448326,0.55872035,0.63227946,0.13668565,0.29358476,0.5882987,0.63611007,-0.044296913
0.0013636947,0.728642,0.08614523,-0.005312063,0.6028534,0.45650065,0.41593742,0.35058987,0.034644,0.7823201,0.34869888,0.9484364,-0.21603778
0.4983649,0.46877545,0.44842568,0.12604941,0.21902263,0.7504793,0.49296293,0.5106013,0.13421644,0.41713426,0.52200407,0.7855375,-0.026602112
0.340793,0.44226918,0.37107503,0.2684235,0.32638276,0.53386307,0.5138012,0.2731773,0.16088924,0.5483924,0.3963748,0.6683451,-0.026602894
0.20253336,0.5927363,0.17008145,0.11176774,0.38025105,0.4219346,0.4266264,0.2777341,0.09279376,0.65718585,0.3330041,0.8228501,-0.10989068
0.65975916,0.5393898,0.588019,0.054370806,0.2446143,1.006864,0.5389892,0.7080646,0.12473516,0.38825583,0.6325521,1.0417099,-0.04746353
0.29247063,0.357835,0.57241464,0.115011856,0.49676427,0.875619,0.52207386,0.5490255,0.10535366,0.30309355,0.5103776,0.5456261,-0.054285176
0.5097773,0.4609832,0.48446307,0.12422146,0.21985997,0.7677698,0.48890144,0.4668876,0.1441197,0.42701292,0.5016404,0.81368315,-0.011525847
0.6475221,0.6162165,0.38979697,-0.1289258,0.08060234,0.9446266,0.45727065,0.7594079,0.042366095,0.4464895,0.561878,1.213148,-0.07354545
0.4188894,0.48408177,0.34029582,0.0880322,0.19299343,0.67566484,0.43243077,0.44846892,0.11224299,0.42531317,0.4286959,0.79122305,-0.027460061
0.20901528,0.358225,0.5907154,0.15031275,0.57074803,0.8648569,0.53073716,0.5676971,0.0693003,0.29987422,0.4828289,0.5169543,-0.052198865
-0.18325481,0.9593699,0.016125426,-0.045226686,0.87782574,0.5522525,0.47899517,0.51185495,-0.008938482,0.99480736,0.4073082,1.2154996,-0.33949682
0.11883799,0.7228879,0.059474304,-0.018521823,0.41599485,0.460791,0.39413095,0.42312136,-0.007796459,0.76448953,0.31674865,1.0112873,-0.20086735
0.31139994,0.5043731,0.25158548,0.17772436,0.26780254,0.47956437,0.43918094,0.29610997,0.10857949,0.5637231,0.35726362,0.7772963,-0.06281797
0.6504978,0.6530301,0.5353992,-0.022529416,0.20247033,1.0609382,0.5219208,0.7895946,0.11170902,0.5057241,0.6870728,1.2027301,-0.046288915
0.23063928,0.61231,0.10321885,-0.0016215742,0.27901095,0.4593905,0.372337,0.35259345,0.030028716,0.6644744,0.28713244,0.92240703,-0.14316422
0.6974338,0.66975266,0.5350843,-0.043222852,0.21242534,1.1134177,0.53921443,0.9139853,0.09530163,0.40878242,0.7094205,1.2910373,-0.085706495
0.5334674,0.49153063,0.40266627,0.05329414,0.17381968,0.7619181,0.45781815,0.5620882,0.11358322,0.39278615,0.48738256,0.88226104,-0.033288866
-0.008367181,0.5895892,0.21044835,0.078822605,0.59745854,0.52346,0.43288052,0.41986835,0.05696348,0.5940245,0.37393895,0.7328981,-0.15456924
0.45621836,0.51263183,0.27971864,-0.021785341,0.11962679,0.6761747,0.38502038,0.52044785,0.052538812,0.44012088,0.373536,0.907246,-0.036509223
0.2993117,0.504857,0.2391035,0.20390117,0.28218445,0.48348483,0.4581543,0.35453552,0.11343345,0.5206973,0.36759898,0.73185647,-0.067638956
0.22614385,0.3762188,1.0995203,0.16741887,1.0118321,1.6780136,0.8487719,1.0131272,0.033297718,0.26146898,0.8088386,0.71151376,-0.15374726
0.38670954,0.41120082,0.41922665,0.10921847,0.29663652,0.7115461,0.46390522,0.47576743,0.13816376,0.3609707,0.45347634,0.6577134,-0.037342854
0.6038393,0.695936,0.3045655,-0.28644475,0.043218084,1.0056264,0.39640546,0.8696689,-0.061804898,0.5398601,0.51678956,1.3190486,-0.08825406
0.47180894,0.5647211,0.29054642,-0.036486916,0.1700266,0.7498295,0.41201237,0.63010794,0.054349862,0.39966694,0.44606283,0.94648683,-0.065537505
0.40344962,0.51386,0.26242402,0.06430383,0.18835482,0.56084275,0.40197712,0.38854492,0.09935912,0.4780454,0.37041703,0.83124495,-0.046948157
0.46900588,0.32328832,0.7519156,0.112045,0.48233023,1.0820597,0.6136936,0.51741403,0.13501473,0.40647313,0.51813793,0.7363262,-0.009657927
0.34557125,0.43108118,0.45800814,0.22133976,0.3597574,0.70202345,0.5208734,0.44122416,0.15218471,0.35621697,0.5102675,0.5657352,-0.02516397
0.25766653,0.55613726,0.19301733,0.12741962,0.31195715,0.44211322,0.41509065,0.2712941,0.10477939,0.6236421,0.33561742,0.83720887,-0.08892352
0.2633896,0.4460605,0.38505974,0.27543074,0.41072965,0.56733036,0.520725,0.34261933,0.1401756,0.49730852,0.4207854,0.60393715,-0.038811557
0.28948307,0.4030662,0.3673898,0.10443063,0.32259735,0.55658007,0.44845977,0.2643666,0.13299704,0.5178374,0.33663437,0.6871686,-0.031433903
0.2633103,0.71131885,0.14171551,-0.06516678,0.28894612,0.48473766,0.37949973,0.45658144,0.020767495,0.6695966,0.34827128,1.0001943,-0.16116768
0.54127765,0.53450614,0.37520567,-0.0012258142,0.14027216,0.78779906,0.435829,0.56384885,0.08467773,0.42239857,0.48296434,0.96720386,-0.024278983
0.44998336,0.5568039,0.22492662,-0.106096186,0.08873015,0.69979954,0.3478067,0.54351157,-0.004794413,0.5447184,0.34585074,1.0201236,-0.083857305
0.20641224,0.51382077,0.30063832,0.21040791,0.43386498,0.5276668,0.5005112,0.35449886,0.124318846,0.56270254,0.39427134,0.7124548,-0.07185996
-0.07901858,0.91287977,-0.011093542,0.058905847,0.7447271,0.4421631,0.4946666,0.4430893,0.007058179,0.9528534,0.37582353,1.1712377,-0.2956664
0.3118731,0.46485135,0.5028822,0.2629745,0.4456361,0.8081364,0.59339905,0.49731222,0.15717748,0.50689673,0.54025763,0.6963129,-0.0366944
0.48676252,0.48582125,0.3260712,0.044193078,0.13614455,0.6545067,0.42140734,0.46748176,0.08999932,0.41268083,0.4213648,0.84504986,-0.024133153
0.18615627,0.7061259,0.06576429,-0.0007676631,0.37194952,0.45570713,0.38816312,0.43331668,0.026217166,0.72802526,0.31665856,0.97054636,-0.18135843
0.39839858,0.53255135,0.41443285,0.1525265,0.33238518,0.68550795,0.49715427,0.5039754,0.08690246,0.39055994,0.41646507,0.7549877,-0.01654046
0.5117199,0.4789959,0.34965718,0.04993985,0.124541104,0.67430025,0.43014553,0.4566144,0.101210214,0.42149335,0.43228775,0.8612083,-0.021713063
0.394591,0.42278573,0.5226728,0.14580698,0.39723158,0.8107502,0.5211463,0.5519212,0.10517131,0.32152334,0.47303802,0.6273668,-0.030584998
0.11696507,0.38725886,0.69375384,0.14181116,0.7420842,1.0820813,0.61329746,0.6570159,0.07635673,0.32168308,0.6310459,0.55540824,-0.09026725
0.4203877,0.50574446,0.29594973,0.0679421,0.1761278,0.6072548,0.4266929,0.40423194,0.091088004,0.5033629,0.39674887,0.8357227,-0.020452842
0.32813853,0.36872426,0.5262233,0.21605226,0.38730282,0.743488,0.5313449,0.36291268,0.16800794,0.4326192,0.48405418,0.58339274,-0.0010183379
0.51590645,0.6062446,0.26298356,-0.12632611,0.09381809,0.78717667,0.4099119,0.6956846,-0.004062932,0.47139785,0.44978788,1.0585427,-0.08820196
-0.07037336,0.9731073,-0.07703532,0.06936727,0.7364703,0.39220077,0.51574916,0.46789277,0.011087399,1.0333922,0.37335846,1.2892671,-0.34271303
0.06670741,0.7891022,0.012247011,0.07317598,0.5068769,0.44738275,0.44372782,0.5336906,0.018157337,0.7974116,0.3621864,1.0627952,-0.2522601
0.34415653,0.46641764,0.252713,0.13356996,0.23121339,0.527251,0.418272,0.29253784,0.10686342,0.57631254,0.3636413,0.7669425,-0.044748046
0.5338551,0.4329191,0.5283005,0.15458333,0.22907367,0.7862438,0.51438856,0.44482037,0.1533744,0.43287528,0.5097848,0.78955543,-0.0062240213
0.30359614,0.5179305,0.20154953,0.12634116,0.2531715,0.4959578,0.42703882,0.3982421,0.07423448,0.5453997,0.33788085,0.79609907,-0.08977301
0.11158169,0.6530973,0.10826194,0.07550988,0.4220883,0.4328518,0.42686367,0.3389129,0.033013716,0.6854991,0.3279396,0.8815135,-0.14566407
0.32821023,0.45615864,0.3858912,0.21282142,0.33619282,0.6339766,0.5043981,0.40040618,0.142707,0.40551966,0.47242522,0.59445155,-0.022009946
0.23607564,0.59075963,0.22589242,0.10386354,0.35205758,0.5201507,0.4180659,0.37936172,0.10553757,0.5838799,0.38068488,0.8249283,-0.08422724
0.075787574,0.61990744,0.1880001,0.22163814,0.5343479,0.46774483,0.5025121,0.39536935,0.08271638,0.6099729,0.41927612,0.75085366,-0.11562353
0.57723975,0.63644546,0.34457672,-0.08945649,0.15814783,0.8582959,0.45505518,0.73803246,0.04226312,0.4234527,0.5265048,1.1156207,-0.0645472
0.15133451,0.5874727,0.20829463,0.109542154,0.41596493,0.543544,0.43376818,0.4026017,0.06627615,0.5544292,0.38818416,0.73481405,-0.097803436
0.3605324,0.36310166,0.47137034,0.1553072,0.336718,0.652347,0.4924431,0.27425602,0.1554339,0.4765969,0.39308086,0.6312928,-0.0057253167
0.42044145,0.41182357,0.43688434,0.21432668,0.27593338,0.6162416,0.5120704,0.27590498,0.17464896,0.49842718,0.4179676,0.6714865,0.0041000694
0.03155771,0.836173,0.0387559,-0.019439012,0.56031024,0.57077634,0.43404746,0.63853824,-0.012960885,0.8329626,0.38003635,1.1684356,-0.30027407
0.23127583,0.53982216,0.19546798,0.21906081,0.37425837,0.41094834,0.46352452,0.32123542,0.11311232,0.5848788,0.34955612,0.74919116,-0.08518236
0.44002947,0.3633271,0.5534707,0.2492496,0.32960907,0.7668237,0.57055914,0.34751278,0.18764547,0.50229436,0.47216216,0.6857786,0.0016016439
0.4779451,0.46662578,0.44102985,0.11716776,0.26766363,0.7455485,0.4897985,0.54985607,0.12307692,0.3266008,0.4865986,0.7527832,-0.021371804
0.43829513,0.42043933,0.3864314,0.13460995,0.22879769,0.641172,0.46064484,0.3922185,0.13482141,0.38819736,0.4152116,0.68212545,-0.01102636
0.6648352,0.58412886,0.49088165,-0.0011123493,0.17157638,0.9631748,0.50082326,0.74169284,0.10344261,0.41750655,0.62263525,1.1252327,-0.0638705
-0.071660504,0.94961697,-0.04854366,0.04563474,0.7080674,0.42871737,0.49793068,0.45024514,0.0037272507,0.9912759,0.377015,1.2421701,-0.3149837
0.12769744,0.37679276,0.58452773,0.18454646,0.6637724,0.9060756,0.55717933,0.6177526,0.062977605,0.3001596,0.51852185,0.50788856,-0.07537005
0.46043503,0.4919427,0.3405999,0.080737926,0.17224386,0.6775011,0.4300295,0.5078284,0.110269845,0.40109992,0.42844474,0.8304217,-0.02519466
0.00028307736,0.7877388,0.036915563,0.10445182,0.58027005,0.42624703,0.4628725,0.4264931,0.02995692,0.79087347,0.36938873,1.0021198,-0.22056016
0.7933819,0.82246727,0.3330539,-0.4947966,-0.030301603,1.30441,0.42868954,1.2015499,-0.13273264,0.6420886,0.5712276,1.771776,-0.20896026
0.34285527,0.47275743,0.31687802,0.18726513,0.29801396,0.5341424,0.47279695,0.27714595,0.16003339,0.5373042,0.38599768,0.7131491,-0.02132579
0.25394133,0.77266335,0.07913533,-0.13817456,0.29663002,0.57375115,0.37019485,0.6097433,-0.011684727,0.74024314,0.33318225,1.1420212,-0.19957617
-0.027603596,0.7843692,0.045288816,0.102883995,0.63162047,0.41986424,0.46236613,0.37714323,0.030539284,0.8007718,0.36814645,0.9775195,-0.20943093
0.48500082,0.44097123,0.48408192,0.17070964,0.26343977,0.72692484,0.51574457,0.43696818,0.14122528,0.4236421,0.45566973,0.7309563,0.018641606
0.12377372,0.5877141,0.23747072,0.25111628,0.48498407,0.501451,0.50625855,0.39374605,0.094289556,0.58563274,0.43445104,0.7024964,-0.09511552
0.03388855,0.72982156,0.052053213,0.116077125,0.5381345,0.4050649,0.45537347,0.38206166,0.047876615,0.747601,0.35427678,0.9529636,-0.19643208
0.19686373,0.65489686,0.0990186,0.1264796,0.36179864,0.4532059,0.43642175,0.49781334,0.045321196,0.6487439,0.35981014,0.910169,-0.16234753
0.32391858,0.37501332,0.5168885,0.1899222,0.41522506,0.724422,0.5152017,0.4229613,0.12122448,0.36192337,0.41321853,0.5801721,-0.0133236945
-0.31196254,1.139431,-0.017808914,-0.057071157,1.095869,0.7037512,0.5648433,0.667412,-0.03898626,1.2237387,0.52569413,1.4960241,-0.44823614
0.32034767,0.40570363,0.4892383,0.19728467,0.38782537,0.7203901,0.5236081,0.36508635,0.17087372,0.46598297,0.4609193,0.6471653,-0.016948394
0.5664943,0.5237993,0.65146255,0.11773762,0.30290285,1.0159581,0.61512685,0.59599864,0.11542958,0.46722245,0.58496433,0.9610394,0.0053610355
0.43855888,0.44497,0.31702006,0.10016783,0.17738806,0.5659795,0.41596615,0.29405576,0.1288186,0.4933232,0.36065334,0.78698766,-0.006818734
-0.14164126,0.7782761,0.07775407,0.0012427345,0.75521594,0.50797576,0.4437744,0.4730766,0.01017334,0.78003436,0.38510576,0.95529354,-0.24436674
0.34084544,0.4623647,0.38911048,0.19196618,0.3260896,0.6166177,0.4984243,0.3314892,0.16365898,0.49978602,0.43752274,0.6969507,-0.010656297
0.38623506,0.39751068,0.42003608,0.21675473,0.2886037,0.6086189,0.5011195,0.31221205,0.16201863,0.43213987,0.4238691,0.59247327,-0.0058559105
0.21466407,0.41671756,0.5160842,0.25185198,0.54234576,0.79224384,0.564385,0.49631938,0.1286686,0.4078307,0.50813675,0.5766623,-0.049647905
0.3335278,0.44976673,0.35596693,0.26122537,0.334383,0.5201754,0.51184726,0.26952764,0.16009122,0.55591375,0.38655236,0.6739458,-0.0280694
0.5734565,0.6004016,0.30282873,-0.1908463,0.033204414,0.8610794,0.3932525,0.7099503,-0.029363533,0.48986003,0.4561927,1.1483107,-0.07503194
0.5797472,0.4612611,0.56984293,0.1331315,0.2545621,0.8904107,0.5363975,0.6068798,0.14482717,0.36221376,0.5860827,0.8453548,-0.04048001
0.44544584,0.40987483,0.42560095,0.17393926,0.23647581,0.617809,0.48180434,0.26808175,0.16960883,0.49198598,0.397273,0.71749294,0.010931499
0.42547935,0.54316574,0.21835959,0.008079283,0.14136128,0.5964415,0.39230198,0.5742108,0.03661623,0.4518062,0.35607278,0.8728571,-0.06870989
0.8658929,0.97479093,0.51330984,-0.25144678,0.25379956,1.4904089,0.6160672,1.3291272,0.032098845,0.50398326,0.8935826,1.8491312,-0.14762166
0.30321246,0.47748867,0.27923876,0.10881361,0.2703355,0.5163698,0.42914206,0.29747248,0.1021459,0.51296014,0.35621443,0.70508385,-0.04859703
-0.14832857,0.7013444,0.2512172,-0.020286374,0.81441593,0.72296464,0.45761564,0.55706275,0.020677421,0.64694,0.45161918,0.8296317,-0.22981194
0.43566978,0.45737714,0.33431637,0.024895355,0.18162587,0.64412373,0.41053396,0.4596926,0.086150795,0.42103174,0.39745763,0.76854205,-0.025874339
0.23523271,0.36804432,0.6258123,0.15990081,0.6048746,0.9554332,0.5594815,0.634861,0.09204187,0.26841164,0.5727925,0.5145172,-0.05864977
0.20798868,0.58212984,0.22271356,0.14578585,0.37169364,0.5710945,0.44107684,0.5058968,0.07737664,0.5251466,0.3892477,0.80167913,-0.10006388
0.32570234,0.31990194,0.590545,0.17476472,0.42379376,0.8058938,0.54711163,0.38457987,0.14663853,0.4094242,0.4704828,0.59131795,-0.012973629
0.10112381,0.7025789,0.036117114,0.12687686,0.47125793,0.3496545,0.4350488,0.3600569,0.056811273,0.742328,0.32099262,0.9476507,-0.18963838
0.40711126,0.5021463,0.25866836,0.056079913,0.1584769,0.54849386,0.39350295,0.39674333,0.07261279,0.48275805,0.3430393,0.82171273,-0.041951455
-0.12758842,0.87055457,0.026095547,0.05825049,0.779996,0.48802152,0.48191327,0.48464334,0.0046436246,0.8661584,0.40684953,1.0562711,-0.2683601
0.5498312,0.5212533,0.4779153,0.088935226,0.21514592,0.8364136,0.50249684,0.5981528,0.113243446,0.40743163,0.53593737,0.9119723,-0.022126473
0.18560469,0.6700387,0.13418336,-0.044966884,0.37935185,0.60253024,0.39386797,0.48162022,-0.014137818,0.65103704,0.3852466,0.9176363,-0.1670857
0.24357885,0.51325977,0.28250155,0.16208328,0.35782585,0.50167495,0.45149282,0.28601825,0.12575212,0.5472914,0.38187867,0.70293915,-0.04741744
0.6032289,0.6299859,0.39878702,-0.017234057,0.21510969,0.9240803,0.50095224,0.78489894,0.0741868,0.38333166,0.59893006,1.1260537,-0.06723615
-0.08064966,0.956685,-0.050336927,0.03707943,0.7232617,0.44451994,0.49403358,0.45986792,0.006529987,0.9925841,0.38257742,1.2522168,-0.32799116
0.24447468,0.3733088,0.58058727,0.24022403,0.5257872,0.8352102,0.57121885,0.4774699,0.13629235,0.38309634,0.54133046,0.5299096,-0.027396016
0.32898986,0.4323088,0.37541926,0.20443437,0.3224737,0.54636574,0.48324767,0.2743159,0.15345338,0.533254,0.36120597,0.6800144,-0.03462054
0.35241807,0.35890946,0.5788286,0.17577654,0.4135736,0.8450525,0.5332837,0.48444957,0.14428113,0.35320196,0.5167715,0.579985,-0.015975304
0.37002861,0.4646438,0.30614662,0.16210237,0.26063538,0.5160025,0.4493611,0.24526119,0.15333313,0.565945,0.36239192,0.7553129,-0.029034086
0.55658215,0.56759113,0.33535558,-0.0698406,0.13473159,0.8040445,0.42447516,0.6833593,0.04812483,0.48453218,0.5071254,1.0190955,-0.089434616
0.4951778,0.44319195,0.43787637,0.15809299,0.21770771,0.71098465,0.4992685,0.45180634,0.15215312,0.38625136,0.4804198,0.74596786,-0.016510807
-0.072819754,1.0081437,-0.06376089,-0.038446583,0.71498054,0.42849112,0.45770252,0.41451964,-0.03139939,1.0419862,0.35256872,1.2995998,-0.35477597
0.19937253,0.45016095,0.5424479,0.16214022,0.5409588,0.8639771,0.5582575,0.48344275,0.14645638,0.45305943,0.55792814,0.67012084,-0.06303344
0.5559589,0.54655445,0.32258973,-0.09583578,0.07563774,0.8171694,0.41637444,0.6175763,0.035550125,0.4328975,0.44451672,1.0258816,-0.07348249
-0.05050461,0.79730546,0.08484803,0.21095598,0.67082053,0.48435605,0.52446496,0.50602484,0.052255563,0.7615804,0.45103988,0.9256482,-0.20663941
0.23113632,0.4624829,0.3667367,0.2755194,0.43941838,0.5636712,0.5234449,0.35870364,0.1303809,0.49340373,0.42932028,0.59973764,-0.04629273
0.7027751,0.84851134,0.31356192,-0.29113236,0.13018095,1.1385204,0.48644158,1.140087,-0.061460897,0.5021782,0.63658416,1.5374703,-0.15187195
0.3608141,0.55154896,0.19372164,0.116112076,0.21420504,0.5525741,0.43370548,0.5338537,0.06234321,0.498618,0.37381074,0.84955287,-0.09816245
0.6844026,0.70908767,0.40632322,-0.12799385,0.1643479,1.0707556,0.5078908,0.9335454,0.045141272,0.4292494,0.6625538,1.342186,-0.104372896
0.3250147,0.5271668,0.21066558,0.0990627,0.21529008,0.4974632,0.40993312,0.37629694,0.06765239,0.54144824,0.34016883,0.7948358,-0.06961083
0.4094901,0.4953326,0.26909894,0.07396749,0.17394148,0.5971333,0.4047836,0.44967008,0.09295356,0.45281252,0.3681063,0.81220627,-0.031052157
0.07699016,0.8187068,-0.034796223,0.060471915,0.52332896,0.34673387,0.44007695,0.4340806,0.03471659,0.86240965,0.3205295,1.1101555,-0.27107748
0.43197206,0.35583887,0.55537105,0.2183457,0.334712,0.7525665,0.5451704,0.34156135,0.16940202,0.43362436,0.45029822,0.61872435,0.017630868
0.026249737,0.6281612,0.19125548,0.05862527,0.5642129,0.50883144,0.4273215,0.40063372,0.05631666,0.66758466,0.3394147,0.8181615,-0.1659416
0.14439777,0.6125911,0.23652732,0.14179286,0.45095032,0.6387878,0.46130452,0.52808315,0.05851753,0.56920606,0.4440487,0.8008294,-0.10227796
0.28307104,0.5560751,0.15508066,0.10705401,0.27154258,0.5090581,0.42131516,0.46538097,0.04734283,0.5974793,0.32952815,0.861835,-0.12485132
0.4229411,0.49931428,0.31117016,0.02009216,0.17243299,0.6949555,0.40714145,0.5139904,0.086611174,0.39383692,0.40175328,0.8308877,-0.034605123
0.5225053,0.56303906,0.3967614,-0.012205988,0.15567349,0.84831876,0.48481002,0.66761047,0.08199196,0.43505326,0.55635834,1.0058196,-0.057707123
0.37174478,0.3684515,0.5856589,0.1713064,0.4055125,0.83869934,0.54700994,0.44585708,0.14920372,0.371075,0.5145371,0.57947826,-0.015448295
-0.14756536,1.0282319,-0.07071224,0.010883518,0.8030312,0.5271038,0.528639,0.59702855,-0.031612888,1.10374,0.4081823,1.3878186,-0.40302542
0.31652397,0.48371652,0.25883448,0.22103333,0.29412273,0.4596633,0.4691881,0.3162436,0.128443,0.5385553,0.36312854,0.71501863,-0.055038445
0.23861519,0.45328367,0.37717238,0.28304932,0.42180133,0.5717371,0.51467466,0.35382968,0.13131854,0.49621487,0.44425383,0.57464194,-0.041506566
0.47387993,0.39106116,0.55458045,0.22297367,0.32559025,0.7580136,0.5642321,0.35394278,0.16572781,0.44045728,0.44714716,0.67865634,0.025527783
0.18730202,0.39330292,0.527267,0.21505573,0.55246454,0.8034274,0.55034435,0.5058022,0.13748021,0.39039278,0.5287187,0.5837338,-0.057728656
0.27287018,0.547722,0.17158209,0.1511066,0.30289194,0.42595556,0.42097783,0.3269681,0.10332215,0.5815586,0.33246017,0.80158544,-0.08453224
-0.25655577,1.0393436,-0.009112641,-0.014840178,0.97693884,0.58113897,0.5070611,0.56352615,-0.0334557,1.0341041,0.47155744,1.2943008,-0.36282918
-0.13603577,0.9396186,0.002376251,0.0649468,0.82114357,0.495513,0.4936149,0.49426812,-0.0022389404,0.93896973,0.42807615,1.115911,-0.30381116
0.34698462,0.41997772,0.4445153,0.2317316,0.3518411,0.62746346,0.5258246,0.3009918,0.16454303,0.48927724,0.42803198,0.6337085,-0.006535195
0.47629714,0.46848378,0.32845166,0.068109795,0.1370129,0.6219046,0.42563987,0.39239693,0.106435195,0.44841158,0.39970195,0.8201088,-0.012211405
0.19098523,0.40888384,0.67903566,0.19685468,0.71365917,1.0632879,0.62779,0.6732593,0.07379206,0.32344836,0.5960844,0.56855,-0.09055612
0.4579355,0.3640968,0.5191251,0.21796787,0.28845406,0.69406587,0.53443205,0.26180777,0.18660219,0.51479036,0.41860464,0.6815456,0.014380224
-0.092959926,1.1763512,-0.12579252,-0.088486485,0.80488175,0.4647999,0.51601434,0.49156108,-0.038422942,1.2583866,0.37434712,1.5909901,-0.4497364
0.24806944,0.3829252,0.5481769,0.2244429,0.49762866,0.83382857,0.57830673,0.47892916,0.16247569,0.4464802,0.5639155,0.6086645,-0.016907401
0.46708095,0.4984617,0.32759488,0.04293337,0.14942305,0.6542309,0.42245346,0.5218729,0.086272046,0.40803954,0.4273166,0.83071697,-0.03416217
0.0890485,0.71448016,0.076707825,0.13866866,0.5189636,0.40447375,0.4468856,0.41135228,0.050535478,0.7131937,0.34198323,0.91493523,-0.17306343
-0.09599529,0.925874,-0.022274822,0.061962385,0.7630505,0.44896343,0.496985,0.45816287,0.0017737541,0.9537177,0.393994,1.1634552,-0.29828724
0.20671326,0.4553286,0.3823425,0.0898186,0.44608724,0.61005,0.45433104,0.34842834,0.10604399,0.5394939,0.35178468,0.705518,-0.08674068
-0.043087363,0.7658887,0.06184378,0.12343077,0.6574985,0.4383249,0.4784539,0.42624992,0.039417677,0.78060573,0.39337808,0.95464516,-0.20933753
0.08463998,0.5820631,0.19254881,0.17637579,0.46489096,0.48176667,0.45859745,0.36948347,0.070428185,0.5867133,0.38653752,0.720598,-0.10168994
0.2274204,0.5302728,0.25057274,0.18910807,0.370552,0.48802915,0.45305532,0.2886568,0.11642594,0.5875728,0.37376478,0.7031653,-0.07307852
0.01139202,0.72147644,0.09651281,0.096866384,0.5922956,0.45721102,0.4482984,0.39870062,0.05454866,0.7613353,0.36499164,0.9205228,-0.19936788
0.3635017,0.4773099,0.3484039,0.19842231,0.29102823,0.6108344,0.4962792,0.38030443,0.14622882,0.46447635,0.44642046,0.6661593,-0.01711353
0.33942345,0.3912239,0.5329122,0.13744563,0.39420688,0.81157005,0.530879,0.44665092,0.1502829,0.37784427,0.52029854,0.6126187,-0.012205534
0.72791255,0.7049289,0.39939785,-0.25686666,0.045503862,1.1281166,0.4719745,0.9529247,-0.01321931,0.497168,0.6141928,1.4378068,-0.106219746
0.50496566,0.52208793,0.44107443,0.06423507,0.2378083,0.7804388,0.48572907,0.58180594,0.08831509,0.39200208,0.5064322,0.86640203,-0.02874031
0.7796093,0.8572187,0.30872577,-0.5074341,-0.011505043,1.2869924,0.44196302,1.2205257,-0.14447953,0.625614,0.60975766,1.757163,-0.194677
0.3297882,0.42057917,0.47759074,0.16177279,0.41706657,0.75836766,0.50216067,0.5387377,0.12725012,0.30413043,0.51300395,0.5408231,-0.048734196
-0.22920987,0.8839736,0.17327009,-0.14478019,0.948836,0.76547813,0.4772316,0.65365803,-0.026120817,0.93436974,0.40879312,1.1277721,-0.37055585
-0.13626856,1.1216933,-0.100544855,-0.06623801,0.8663955,0.49414444,0.5179572,0.53911954,-0.031170106,1.1954925,0.37966368,1.4865034,-0.42768
0.52997375,0.5338673,0.37447476,0.027132906,0.15287128,0.7814918,0.45761794,0.5857342,0.101485096,0.40050212,0.49711275,0.9457214,-0.044960566
0.30914426,0.46565172,0.3252899,0.20777982,0.3243854,0.5406618,0.49695843,0.28540564,0.152784,0.5513084,0.40107116,0.69159687,-0.026905902
0.35335496,0.41975456,0.42110622,0.24247187,0.35223857,0.5922303,0.5140586,0.32083708,0.15576057,0.46958488,0.3817805,0.6244923,-0.013754532
0.49705583,0.40306348,0.565637,0.19630444,0.3076176,0.79739916,0.5496092,0.44980013,0.15151311,0.3787032,0.49489665,0.68688,0.006330423
0.08712748,0.53390247,0.31694087,0.103539385,0.53683025,0.60680753,0.45958924,0.40720236,0.08738945,0.5585825,0.3903573,0.691818,-0.114253946
0.42700115,0.4963881,0.3672127,0.1362367,0.24731396,0.66496503,0.4791792,0.51744866,0.10178896,0.37735656,0.46143588,0.7300792,-0.031249963
0.53172845,0.43051332,0.4438585,0.11097272,0.16690199,0.6801515,0.46689346,0.38613874,0.14466804,0.45516956,0.45629185,0.8172165,-0.004077412
-0.20296508,0.7653321,0.2665282,-0.019486696,0.94457495,0.82047415,0.5034002,0.6853222,-0.012711553,0.7031098,0.4973244,0.90851617,-0.27380794
0.55301464,0.61598665,0.29647863,-0.09818453,0.13175228,0.8228548,0.4386475,0.750058,0.026708087,0.41431743,0.49668303,1.0876387,-0.081122495
0.11384687,0.6441632,0.13906407,0.13441092,0.45302072,0.44571242,0.44633424,0.34568378,0.06701908,0.65252477,0.3612297,0.8370018,-0.12444908
0.25623447,0.55512553,0.21612853,0.17752123,0.32404858,0.5168115,0.43362436,0.45216623,0.08462277,0.52356327,0.37168783,0.7904098,-0.087221466
0.14661404,0.6034816,0.15615761,0.17558628,0.4651302,0.4235352,0.45306167,0.3460749,0.08016298,0.6276365,0.35086575,0.78553426,-0.12919068
0.10891577,0.7032992,0.066343166,0.12389317,0.47768602,0.3588212,0.4403709,0.29049534,0.05498574,0.7665314,0.3168283,0.95775425,-0.1788061
0.40598035,0.5465125,0.30114576,0.018866926,0.16705166,0.67806697,0.41934907,0.47297156,0.057148546,0.47014183,0.40345207,0.85770345,-0.032811575
0.096644774,0.39424834,0.51872486,0.24053365,0.6471115,0.82715404,0.54433984,0.55595386,0.11891335,0.32547963,0.56246287,0.47481298,-0.058030047
0.5134696,0.5213869,0.31624138,-0.032801725,0.0930285,0.7178906,0.3966738,0.59180975,0.057094008,0.41075698,0.42514533,0.9575826,-0.04465323
0.42480126,0.5674607,0.21444803,-0.05075095,0.121805,0.64494157,0.38117075,0.55952346,0.008006256,0.5281029,0.36999264,0.987483,-0.09597952
0.09286317,0.41868198,0.45791194,0.20224902,0.61264443,0.7359963,0.5063739,0.52728754,0.077143915,0.34877652,0.46378234,0.50739324,-0.08043761
0.5836728,0.6797382,0.258556,-0.19902965,0.112869166,0.89090616,0.40961882,0.8808906,-0.021627938,0.46641135,0.4790505,1.2316468,-0.11369198
-0.11954749,1.1994916,-0.12949803,-0.024418645,0.9136981,0.43993556,0.5518428,0.44721654,-0.009198384,1.2947905,0.38962564,1.6113306,-0.44249043
0.43316773,0.45546976,0.30409688,0.072621286,0.15498686,0.57810605,0.40217066,0.3141883,0.116760135,0.5016506,0.36299506,0.8091706,-0.0153042
-0.17644283,0.8629578,0.0725694,0.12170563,0.8324067,0.5621196,0.49905568,0.540218,0.024892824,0.8207112,0.49186337,1.0016525,-0.2536026
0.09015545,0.7303966,0.0459672,0.107798405,0.4899009,0.39425567,0.43975824,0.42306083,0.03785468,0.7381689,0.34583774,0.95548797,-0.1991576
0.070682265,0.6272487,0.19319454,-0.039128594,0.5302729,0.53101116,0.3969863,0.35261726,0.057569057,0.74592,0.302961,0.8875507,-0.18897235
0.4053565,0.50787246,0.34905112,0.079719454,0.20732616,0.6792299,0.43817225,0.46276337,0.107344925,0.47148538,0.43288985,0.84144986,-0.023953535
0.5384579,0.5454979,0.37191626,-0.042316042,0.1376002,0.8329498,0.42528912,0.62970215,0.07520711,0.39597574,0.48177645,1.0047755,-0.055287503
0.5146612,0.5445311,0.32180488,-0.04724484,0.089182876,0.73731285,0.4118283,0.5445336,0.042956047,0.44839093,0.44623432,0.97891474,-0.035383247
0.42405152,0.41093197,0.47100252,0.19842015,0.2827275,0.665719,0.5003305,0.30641136,0.1748763,0.50090575,0.42291257,0.7041627,0.0066269636
0.15952235,0.6348566,0.07959642,0.1565231,0.39017475,0.36551896,0.43112183,0.36628532,0.07164363,0.65816224,0.32803616,0.8633312,-0.15632412
0.49548072,0.50451565,0.3775956,0.067729205,0.14908752,0.69639194,0.45011175,0.47899783,0.10256727,0.4707411,0.46606475,0.87298274,-0.021913826
0.25514984,0.5129081,0.30564666,0.23724675,0.37770483,0.54085225,0.51118946,0.34349436,0.13743901,0.5490658,0.42637488,0.68134403,-0.04033751
0.19876769,0.38353086,0.479635,0.16324614,0.50653625,0.7167733,0.5073575,0.42640957,0.12056652,0.4309378,0.44111815,0.5959487,-0.059962355
0.7982093,0.7565141,0.41696042,-0.36157247,0.007018166,1.2396922,0.4573223,1.0405147,-0.035524957,0.54321456,0.61608124,1.6091433,-0.14931151
0.6092504,0.63926464,0.42895827,-0.07786641,0.17515737,1.0032592,0.4936918,0.82821405,0.06980449,0.44537622,0.61973476,1.1746861,-0.079533435
0.487754,0.5465642,0.39995667,0.02661416,0.18648434,0.7868614,0.43627673,0.5620603,0.09845973,0.4439971,0.5056646,0.93846726,-0.02566491
0.8158213,0.81002486,0.380525,-0.43312612,-0.023247866,1.3192799,0.44013008,1.2082219,-0.08313076,0.58972347,0.60698044,1.73802,-0.19274536
0.54826796,0.6282579,0.31727636,-0.16424659,0.09363663,0.91985583,0.38852215,0.77044946,-0.0068621375,0.4576709,0.47956014,1.1551342,-0.07537941
0.07915357,0.7028825,0.0839358,0.105492085,0.47279721,0.43296653,0.42660704,0.379625,0.044331525,0.72952324,0.34095925,0.95020926,-0.18430164
0.5347213,0.5487971,0.39621487,0.014396869,0.14955808,0.8038323,0.45384517,0.59143454,0.088875555,0.42927924,0.5191853,0.98373246,-0.040177323
0.5030557,0.3789079,0.7264849,0.16356367,0.43857047,1.0227269,0.61835206,0.56558615,0.13002735,0.36659813,0.54528666,0.7163719,0.0068322867
0.010126546,0.8060315,0.015209168,0.12005429,0.60430086,0.37599543,0.4744896,0.37451082,0.031737886,0.85573405,0.34495118,1.0696348,-0.23639545
0.3756889,0.5577354,0.26316518,0.042629655,0.1799234,0.6414738,0.40963876,0.49981847,0.048343666,0.49062806,0.40633884,0.8661283,-0.08202351
0.61381364,0.49372965,0.57647336,0.118696466,0.25906175,0.93076646,0.55975366,0.68185985,0.13690458,0.33468992,0.6434128,0.9113296,-0.061322086
-0.03622873,0.78144777,0.074388735,0.02498366,0.6555418,0.5184238,0.41208947,0.43180054,0.01388974,0.77831894,0.38763082,0.8983687,-0.21063581
-0.14407074,0.93733215,-0.037082374,0.09061185,0.78553265,0.478965,0.5200137,0.5017046,-0.0015261155,1.0359256,0.42900577,1.2466704,-0.32353768
0.3831522,0.30165502,0.6744864,0.16569024,0.4486227,0.9283132,0.5730443,0.45779258,0.1343162,0.37959933,0.49672717,0.5951123,-0.016579367
0.15912428,0.56749713,0.30467677,0.23282203,0.48574373,0.577741,0.49412745,0.42865467,0.102118365,0.5582975,0.4568571,0.68956435,-0.06916668
0.27188691,0.9353531,0.02457127,-0.27510568,0.363036,0.6491679,0.372236,0.7039512,-0.06838355,0.9374711,0.38664898,1.4185878,-0.30965006
0.42787552,0.3992865,0.47220153,0.20850188,0.28446814,0.64920014,0.5105617,0.27077305,0.18083417,0.5133309,0.41181877,0.6864836,0.007069625
0.5097778,0.6952623,0.20473021,-0.2786131,0.08668489,0.85995805,0.36871788,0.8432104,-0.08126674,0.5875489,0.411099,1.2653174,-0.15388992
0.3981006,0.2708518,0.67668056,0.113767624,0.44632593,0.93368256,0.55801386,0.433609,0.12996225,0.4168381,0.4587697,0.661782,-0.017872833
0.51132095,0.58182347,0.25278494,-0.15482739,0.07714927,0.76480585,0.37375456,0.6604026,-0.023368834,0.49917123,0.40058926,1.0546422,-0.09521679
0.97179794,1.0832998,0.57404196,-0.35781297,0.13006987,1.6141622,0.65408087,1.4420755,-0.0007983167,0.69857055,0.949568,2.0342183,-0.1881527
0.17889291,0.5398917,0.30855453,0.2050141,0.45293152,0.5795837,0.51353073,0.39144507,0.11107995,0.5317141,0.45678928,0.70278144,-0.063230805
-0.07137106,0.81399316,0.038308553,0.094450414,0.65926915,0.4412629,0.4618706,0.3864595,0.015889857,0.84843993,0.38535622,1.0167865,-0.22610345
0.42637306,0.5432359,0.22872046,-0.027945451,0.15194128,0.63374335,0.3859573,0.6027054,0.022780515,0.4358139,0.35267717,0.8870852,-0.08451099
0.43574804,0.4452128,0.33958673,0.109774694,0.18231682,0.6103716,0.43960094,0.35640395,0.12683997,0.49703985,0.4018658,0.7853817,-0.006683953
0.591612,0.6218131,0.3104311,-0.20440656,0.04820323,0.9091918,0.4092463,0.747725,-0.027055306,0.4890269,0.47939974,1.1977434,-0.09072935
0.42512476,0.37901175,0.5319277,0.17184773,0.32283294,0.7763502,0.50842917,0.47468796,0.14501634,0.3425877,0.49650872,0.6201222,-0.012874752
0.69627154,0.7333172,0.30788732,-0.35859776,0.013126007,1.1086751,0.43289754,1.0045906,-0.09136924,0.5811716,0.5387234,1.5117195,-0.15160367
-0.051923037,0.503151,0.8866664,0.1918222,1.1777385,1.508474,0.8213344,1.0274056,0.024689138,0.30850637,0.8900008,0.657012,-0.18950501
0.33897036,0.4534608,0.3543386,0.23281428,0.31166995,0.5383286,0.49866644,0.27637196,0.16100697,0.52831435,0.40860936,0.6686579,-0.019440055
0.5620542,0.56622523,0.31169897,-0.17180297,0.032772236,0.8601083,0.38856804,0.6701506,-0.013618022,0.48190296,0.42726338,1.1230184,-0.069600634
0.6168971,0.62432384,0.3468619,-0.19413126,0.04650715,0.9562136,0.42964545,0.77997845,-0.008977091,0.49109405,0.5147306,1.2297378,-0.07670059
0.45595396,0.5432937,0.26332986,-0.025291458,0.13226803,0.618316,0.39587566,0.5064129,0.042335354,0.4540864,0.37601334,0.8955996,-0.03840538
0.61525697,0.6019775,0.4406287,-0.026245914,0.18198708,0.9293883,0.48021755,0.74989706,0.105669536,0.3812058,0.5956356,1.1192311,-0.05258482
-0.013636053,0.6894261,0.1725184,0.22352004,0.63569134,0.5143103,0.5043848,0.45988974,0.08106022,0.65611047,0.459132,0.7856592,-0.14840904
0.56268877,0.65075004,0.30409336,-0.13675067,0.122458965,0.8460404,0.44153163,0.7434836,0.012061761,0.45747897,0.5063888,1.1252385,-0.0904044
0.07707397,0.6978568,0.10845213,0.11181996,0.47830546,0.494953,0.42786235,0.3950021,0.056358457,0.69553655,0.37453178,0.83082366,-0.15988797
0.2901623,0.38054785,0.54728544,0.18062094,0.4707818,0.80452096,0.5295338,0.47239435,0.12375594,0.35366818,0.48341933,0.54291785,-0.033185102
0.49421176,0.5548461,0.48237124,0.1045943,0.34122407,0.86400646,0.53692794,0.7004595,0.088399105,0.3184481,0.5498315,0.86965513,-0.040234573
0.17733413,0.689888,0.09937507,0.03307518,0.37257707,0.45108756,0.37716663,0.419976,0.041416872,0.6726399,0.3062183,0.94236755,-0.15565634
0.39508143,0.54627323,0.20738168,-0.062131546,0.13244672,0.6368163,0.36593497,0.5174684,-0.0016718581,0.56407225,0.32865307,0.9807583,-0.10572883
0.027241908,0.8327821,0.04048142,0.019615449,0.60650027,0.45583785,0.42920387,0.5330001,0.015237598,0.7668509,0.3511239,1.023795,-0.2192412
0.42057863,0.3505653,0.70353997,0.09013685,0.4750572,1.0225478,0.6029413,0.52575254,0.11483615,0.40581086,0.5209413,0.7231891,-0.01778578
0.13104697,0.60555875,0.20747064,0.035403598,0.4342315,0.6327807,0.41769487,0.4720587,0.003009514,0.589041,0.39626852,0.8353268,-0.11327497
0.5599519,0.67935145,0.24336585,-0.29357928,0.04422976,0.87282735,0.35419923,0.7248629,-0.084869996,0.61159086,0.4590788,1.2678986,-0.14131632
0.021712512,0.5598986,0.37579694,0.12426506,0.6736157,0.73976105,0.51407075,0.5507443,0.057098724,0.5098576,0.46501103,0.69265103,-0.14045566
0.09842685,0.45972022,0.5776684,0.10172359,0.7037376,0.95355123,0.5588491,0.63827705,0.04143686,0.383159,0.5115485,0.6156911,-0.12731776
0.44554883,0.608853,0.49919748,0.14262472,0.47821483,0.9324095,0.57091284,0.8077034,0.06973734,0.29039085,0.56507236,0.8163693,-0.058235027
-0.16139624,0.7852496,0.17151865,-0.013371386,0.810937,0.6610334,0.46507367,0.5031253,0.02076799,0.7433354,0.48963198,0.9600711,-0.24347934
0.15657622,0.54892063,0.20911616,0.18598226,0.41289577,0.46156305,0.46128267,0.2767092,0.10801153,0.6162904,0.3795102,0.7319664,-0.076157115
0.04035484,0.8565309,-0.03746657,0.040418755,0.54705656,0.39987534,0.44732612,0.4723232,0.018162612,0.886678,0.34023708,1.1305668,-0.27765396
0.40008453,0.47334427,0.46319014,0.14701417,0.29791468,0.7334826,0.48760682,0.40536064,0.14756586,0.48710606,0.475031,0.78863025,-0.005214162
0.72969806,0.8204175,0.25367898,-0.5143918,-0.0018111607,1.2002239,0.37729603,1.1393409,-0.14963327,0.65356666,0.52056503,1.687551,-0.21255767
0.6667539,0.7212962,0.43771994,-0.042021774,0.26679945,1.0672945,0.5329268,0.95813507,0.07744273,0.37277317,0.66951305,1.285922,-0.0791137
0.58222055,0.56086063,0.43504304,0.02745635,0.21283351,0.8625131,0.48516038,0.6657258,0.100894995,0.36402607,0.559237,1.0110532,-0.038970813
0.42261264,0.54637563,0.22249743,-0.03116969,0.14742918,0.62065804,0.3837831,0.55476165,0.025223695,0.48125023,0.35538325,0.88658714,-0.084731676
0.14264359,0.59144443,0.17074248,0.10230073,0.4251577,0.43122116,0.4123216,0.26477993,0.09329973,0.68755573,0.3327488,0.8113152,-0.11889825
0.17611855,0.5414496,0.22994062,0.19376394,0.4404543,0.4824047,0.4578224,0.34024724,0.10271503,0.5522997,0.37711945,0.6820258,-0.087929614
-0.23661214,1.3369013,-0.16000912,-0.08097548,1.0642747,0.5053694,0.59895194,0.52144474,-0.050195105,1.4823658,0.42424914,1.7947192,-0.52264464
0.5108994,0.514939,0.45473972,0.048128515,0.23397078,0.85631436,0.4811726,0.6180653,0.12712508,0.38949746,0.5257101,0.9087187,-0.04086124
-0.08496934,1.1098444,-0.055504948,-0.09010171,0.8314533,0.5017355,0.49640232,0.5826525,-0.040228598,1.1146445,0.38355395,1.3762879,-0.3816094
-0.2177411,1.1737137,-0.11619902,0.015953675,0.9716711,0.4945612,0.58864695,0.5610914,-0.03354504,1.2294397,0.44633555,1.5166588,-0.4247606
0.008564562,0.66089755,0.18139896,0.1369102,0.6156832,0.5334561,0.46633598,0.4215512,0.061721116,0.63272005,0.4313607,0.7439165,-0.14720574
0.20783663,0.5680705,0.19706132,0.13422978,0.40147397,0.43515986,0.43490425,0.28270033,0.106076516,0.6382417,0.32434344,0.815127,-0.098614566
0.18122989,0.7687143,0.020755954,-0.0024084225,0.38594356,0.43667883,0.38673878,0.4896861,0.03432363,0.77702266,0.3315889,1.0913051,-0.238478
-0.13572225,0.68527603,0.31249154,0.040214587,0.86608016,0.80727506,0.51002884,0.6393537,0.017203832,0.594489,0.532165,0.7710221,-0.20251033
0.48937646,0.5021122,0.79042554,0.10686909,0.61032826,1.2471261,0.662746,0.8974783,0.09754289,0.23308547,0.7252705,0.7687342,-0.07752273
0.2662791,0.4007587,0.48223588,0.16385537,0.4321078,0.7192327,0.5066056,0.36888924,0.14166369,0.45830014,0.44555882,0.5957581,-0.043903567
0.50394917,0.48666888,0.34342983,0.049816046,0.12603508,0.68200386,0.4251152,0.46411484,0.09529918,0.4236176,0.4372165,0.8665869,-0.03318552
0.4532463,0.5260113,0.29679102,-0.06310522,0.12973449,0.73185927,0.37220973,0.52084965,0.029585877,0.44767186,0.39694282,0.9265635,-0.06561855
0.49300826,0.5040295,0.3077067,-0.0052068233,0.10288828,0.6449832,0.4071977,0.45121735,0.06863505,0.45769683,0.40182176,0.89321554,-0.025277697
0.44435036,0.5153991,0.37747058,0.023607194,0.19922385,0.7249183,0.4219104,0.44087026,0.10546467,0.5004035,0.4440427,0.9082942,-0.011674017
0.49671245,0.5177904,0.3602924,0.071701884,0.18104582,0.7375103,0.4606148,0.5729248,0.097751245,0.40873063,0.46071193,0.88220227,-0.034543604
0.030653335,0.5966123,0.26099843,0.08034158,0.55422634,0.5808452,0.46294525,0.38351464,0.07157331,0.6040148,0.4409467,0.7717482,-0.12328423
-0.121428445,0.829378,0.06425207,0.06833192,0.7704138,0.5182227,0.47449365,0.51085097,0.013179794,0.8132401,0.42667988,0.9845698,-0.25236937
0.41932112,0.49052685,0.37043214,0.09042858,0.21141222,0.6684471,0.43947837,0.40654525,0.11465086,0.509974,0.43902376,0.838326,-0.0042451546
0.41927338,0.41173607,0.47181165,0.2052842,0.288361,0.67524785,0.5163447,0.306591,0.17469482,0.49804968,0.435635,0.6989373,0.0022784546
0.38509777,0.76253116,0.11645771,-0.26221183,0.20492212,0.7957036,0.35659677,0.8124962,-0.06997538,0.70065445,0.34385923,1.2703707,-0.2156884
0.46977046,0.5115454,0.29395306,-0.0064160973,0.10071209,0.6161341,0.40305805,0.3969665,0.06366561,0.49587888,0.3881725,0.8943871,-0.026841678
0.48630297,0.41161993,0.48484424,0.2218624,0.24750805,0.6935521,0.5240059,0.40922183,0.15832184,0.3833096,0.48814914,0.65963626,-0.009132616
0.34259915,0.50602144,0.24186587,0.06530388,0.20097193,0.5560982,0.39608318,0.33585325,0.07531058,0.54772526,0.3392371,0.8232299,-0.053583868
0.21331963,0.41764316,0.35218823,0.16469988,0.40905884,0.55328804,0.46392536,0.3670925,0.101917416,0.4449895,0.3577536,0.60974896,-0.06050647
0.33676812,0.6292275,0.15518016,-0.12336499,0.22840275,0.6758636,0.38208985,0.513608,-0.04042279,0.66438067,0.3826177,1.0426158,-0.15679345
0.6110314,0.5838471,0.47896224,0.0061039403,0.19158298,0.9092112,0.5114275,0.68275017,0.092795245,0.4406116,0.584634,1.0585055,-0.048770092
0.5843798,0.6035964,0.3195124,-0.15848315,0.06813519,0.8765354,0.42339516,0.7346757,-0.0026988015,0.46290737,0.50032455,1.1398072,-0.08367539
0.39643887,0.45942903,0.41736245,0.13554372,0.2888966,0.69613034,0.49391413,0.4165949,0.12298993,0.45249844,0.42697874,0.7348449,-0.015084945
0.5233894,0.5662406,0.3225708,-0.05533936,0.10273032,0.76995206,0.41020876,0.6071657,0.045362152,0.43214408,0.47035828,1.0264802,-0.056399815
0.37981316,0.49568698,0.52047336,0.1649248,0.3905497,0.86981106,0.53843915,0.5510951,0.15321985,0.4681601,0.54543555,0.77884173,-0.0426526
0.60685456,0.5898586,0.32084113,-0.19442523,0.037623927,0.9050406,0.39917794,0.7418021,-0.006498227,0.46026295,0.46163055,1.1846037,-0.08585105
0.30067724,0.5604877,0.18854585,0.024713226,0.2168757,0.49307063,0.37127188,0.3286429,0.04361149,0.6109213,0.33075097,0.8872658,-0.084348
0.68645203,0.6396227,0.38801694,-0.1750662,0.05655434,1.0233272,0.4626557,0.824029,0.018868301,0.46481532,0.5475872,1.2850283,-0.099308886
0.49493182,0.50867313,0.2921794,-0.041406803,0.09256633,0.6970156,0.37680393,0.5418679,0.04216789,0.41956675,0.3916729,0.92696047,-0.031954043
0.07511386,0.43976906,0.43864962,0.08897175,0.6010635,0.73878634,0.47331125,0.49517554,0.058140114,0.41530138,0.4197516,0.58500314,-0.10993526
0.10516292,0.87183034,-0.029674917,-0.004646197,0.5073718,0.44747072,0.44406193,0.59924513,0.008355543,0.90174204,0.34455678,1.2577763,-0.33601475
0.36861414,0.47596076,0.3500476,0.1765746,0.26087347,0.5922477,0.46292478,0.3400576,0.14576215,0.5029613,0.42498896,0.7456298,-0.01475919
0.40645224,0.3776586,0.5901209,0.088037744,0.38007852,0.90085876,0.5701407,0.5471547,0.114638634,0.49326855,0.5101925,0.7252892,-0.00848452
0.33407828,0.3240614,0.5245242,0.19851041,0.3655214,0.705046,0.5031252,0.34299648,0.15055075,0.40735453,0.42270312,0.5497476,-0.004119076
0.08114998,0.674445,0.08759485,0.0986838,0.49927714,0.3858897,0.43363857,0.30559126,0.05617609,0.71658546,0.33798513,0.89877117,-0.16503379
0.06935406,0.6781402,0.09683895,0.15990078,0.5073097,0.39498267,0.46102434,0.33118433,0.059180595,0.7083002,0.3570115,0.86563766,-0.15353882
0.6645967,0.7428019,0.45158437,-0.04121829,0.26429436,1.0835599,0.53785527,0.9211755,0.051338956,0.4349411,0.64596725,1.2898628,-0.073114045
0.23623317,0.41788977,0.41227406,0.061384887,0.4098448,0.6350837,0.43936127,0.35052365,0.10525401,0.5063853,0.3490825,0.6856115,-0.06597393
0.37251917,0.43815312,0.39197344,0.21372753,0.30267024,0.57721364,0.5002637,0.27974826,0.17029412,0.52305555,0.4051045,0.68499935,-0.007110797
0.50875145,0.48661175,0.35870227,0.05697565,0.14329742,0.67551076,0.42504886,0.4880399,0.09896852,0.40059087,0.45331523,0.8704672,-0.023130715
0.12573487,0.50844693,0.37016124,0.24221557,0.5380638,0.64176446,0.51968133,0.43118435,0.12588163,0.4810465,0.4961286,0.5904795,-0.063174255
0.26361436,0.35461804,0.65277445,0.15971676,0.55626714,0.95792305,0.58213043,0.5255304,0.1170241,0.35034594,0.56864077,0.5694593,-0.053289242
0.20314789,0.57798684,0.24357638,0.06663419,0.42590734,0.54526114,0.41467568,0.5138787,0.05903673,0.45648867,0.3521182,0.7610477,-0.08868634
0.39850095,0.5039395,0.27973184,0.03574772,0.16951324,0.5988295,0.39893657,0.39426336,0.07048078,0.4991689,0.36547843,0.8435559,-0.023249306
0.44108483,0.3997944,0.5201744,0.1390318,0.2778417,0.7670816,0.50945854,0.36560062,0.16668317,0.45633566,0.4751131,0.7339364,0.012352996
0.1881876,0.38930684,0.71840763,0.16199861,0.68716055,1.1164689,0.6478815,0.6501211,0.10228051,0.3620254,0.6361692,0.6168095,-0.10320712
0.33365077,0.44214562,0.3931438,0.262706,0.35373998,0.55467105,0.5218439,0.29694352,0.15757895,0.5238426,0.39971378,0.65994716,-0.02496609
0.054956377,0.5178794,0.39777842,0.20607138,0.63571,0.7307764,0.50491273,0.5222453,0.07820874,0.41922438,0.5229894,0.54444516,-0.06994795
0.17524548,0.35312077,0.660964,0.20421843,0.63897437,1.0114582,0.61094683,0.5986948,0.13355674,0.3566159,0.62085915,0.569721,-0.062298812
0.4624491,0.4372029,0.4603515,0.11790928,0.22960553,0.69953513,0.46648732,0.34520078,0.15030026,0.50079113,0.43670648,0.8002132,0.00693392
0.43581864,0.46572745,0.45160443,0.120404124,0.31031767,0.7939918,0.5004499,0.58924425,0.1423615,0.31616384,0.5450161,0.69874907,-0.052186586
0.3943353,0.34762484,0.53398305,0.15811858,0.341881,0.7489773,0.50281334,0.38853493,0.14970267,0.40876704,0.43839452,0.623386,-0.0043864697
0.49319404,0.52946854,0.31009373,-0.011003636,0.12297963,0.72649205,0.39955586,0.5997542,0.06298706,0.40170455,0.42069164,0.94714963,-0.04382228
0.16565238,0.5601289,0.23317266,0.14278302,0.41600385,0.5329232,0.44527042,0.36683238,0.09730519,0.5550523,0.39792398,0.7185092,-0.06914548
0.43885136,0.60353935,0.15687843,-0.045587905,0.1405244,0.621659,0.38578904,0.65423495,0.003919444,0.5794692,0.369343,1.0395021,-0.11619379
0.4033955,0.33609158,0.54270947,0.16989325,0.33007196,0.7448068,0.5130136,0.31477493,0.16736624,0.4567515,0.42794767,0.64256823,0.0064262524
0.39804998,0.40312454,0.43532255,0.24154559,0.3021983,0.5875474,0.5182355,0.246113,0.17438392,0.5258582,0.39088556,0.66264844,-0.0014361814
0.5805508,0.5935718,0.310108,-0.17519751,0.048929192,0.8614284,0.40226454,0.73018694,-0.011356711,0.46032846,0.46707204,1.1462543,-0.07711499
0.41168773,0.3560573,0.5496603,0.16947708,0.33723405,0.7740805,0.5224622,0.3387029,0.17411123,0.47201318,0.44871417,0.6756691,0.005639501
0.25127423,0.29681754,0.6488358,0.110113055,0.51755005,0.9194247,0.5353912,0.47896296,0.09637741,0.3510804,0.4796144,0.5672889,-0.06087143
-0.022215098,0.563892,0.3339066,0.0055725425,0.6522443,0.6773273,0.43880567,0.4983656,0.052178912,0.5686429,0.40247497,0.72948587,-0.18327919
0.2100037,0.5545098,0.21211958,0.2122877,0.406672,0.42653957,0.48324537,0.28340012,0.11348165,0.6112559,0.37164345,0.7705617,-0.08170868
0.07707213,0.48763984,0.41984752,0.26370046,0.6387115,0.7161623,0.5353277,0.5353656,0.092495196,0.4070319,0.5218404,0.5196079,-0.068491675
0.6336942,0.6391317,0.40478924,-0.039826535,0.18983737,0.9613776,0.5028664,0.8239395,0.07981143,0.38431498,0.6228964,1.1751988,-0.08104799
0.40581053,0.47280803,0.28247482,0.06551833,0.1440491,0.57139117,0.37310588,0.37437642,0.0863827,0.4683377,0.3650488,0.81286323,-0.029203847
0.017720133,0.7449482,0.055586778,0.06621291,0.5316443,0.43767855,0.44208363,0.4059186,0.01073606,0.76641655,0.34521085,0.96548474,-0.20783278
0.4370312,0.44265816,0.3420894,0.13446313,0.19048557,0.55863565,0.44308487,0.32253766,0.124235556,0.47453153,0.37625065,0.7367073,-0.0054479316
0.044850856,0.73702776,0.049126886,0.11077071,0.5180342,0.4012431,0.4409863,0.35629368,0.0416286,0.7806398,0.33727628,0.977564,-0.20329347
0.3450121,0.45284596,0.3920255,0.21129915,0.33653125,0.57762855,0.5239742,0.25276017,0.16277634,0.5453291,0.4270623,0.67655253,-0.016827084
-0.11743122,0.7484007,0.13724704,0.07183559,0.76197875,0.59034956,0.47785047,0.53678536,0.047577098,0.74671215,0.44434008,0.89694583,-0.24482325
0.10018186,0.7393739,0.01511471,0.10056791,0.45672783,0.37684464,0.42509097,0.41374698,0.04872571,0.75759465,0.33658212,0.96787894,-0.21056527
-0.11544295,1.1100941,-0.1069645,0.013805501,0.8296574,0.4339605,0.5304732,0.48379523,-0.011871349,1.1739855,0.3903573,1.4429942,-0.39683795
0.40403447,0.46825647,0.34531012,0.16234937,0.23557326,0.564651,0.45777997,0.38073412,0.11425099,0.4464363,0.38542464,0.7096268,-0.016839877
0.3525443,0.4148819,0.45053294,0.21518815,0.34333745,0.65430313,0.51224375,0.33047497,0.16828641,0.4807463,0.43663755,0.6445067,-0.004734032
0.42015013,0.7354348,0.09956303,-0.27726898,0.1470158,0.75966066,0.33573338,0.75516105,-0.07826218,0.7342686,0.3418891,1.2826896,-0.22657576
0.12651959,0.6137316,0.1619505,0.093857706,0.46286058,0.4265713,0.41908407,0.33985826,0.076571375,0.66268903,0.31499538,0.85824203,-0.13890824
0.5720252,0.6359937,0.30429918,-0.1435382,0.09467366,0.8630355,0.43127713,0.76876974,0.0041922005,0.44533178,0.50192124,1.1599381,-0.08957224
0.56346595,0.56725013,0.31510285,-0.06920872,0.10325421,0.8099179,0.4250813,0.7144536,0.04412511,0.40191233,0.46819982,1.0544506,-0.07235924
0.4869361,0.5277745,0.41602695,0.053449158,0.19546546,0.75978917,0.43865877,0.5360933,0.11130293,0.44617933,0.49609503,0.91039574,-0.02037441
0.018148765,1.2497635,-0.12631854,-0.2684675,0.71966183,0.6834181,0.49278244,0.76782244,-0.11017598,1.3536742,0.42329404,1.8170065,-0.52892536
0.18304005,0.48221415,0.41125464,0.013726719,0.49449113,0.6963444,0.45360753,0.39857596,0.08780077,0.59799415,0.3528995,0.78455853,-0.12380103
0.00046749413,0.783532,0.06960933,0.124608256,0.59570897,0.48843867,0.47149345,0.509024,0.04064744,0.770401,0.40822965,1.0041367,-0.2294552
0.39941457,0.39362547,0.45152315,0.21263614,0.30480745,0.61685216,0.50996375,0.253305,0.17400153,0.51240945,0.3961582,0.6652,-0.00047130138
-0.055088297,0.8391988,0.014060415,0.116905764,0.6716822,0.42553473,0.4945336,0.43604213,0.027705148,0.8623387,0.3872744,1.0683348,-0.24789241
0.5025507,0.6222804,0.19554198,-0.19981837,0.06526628,0.78094226,0.350662,0.7410877,-0.043289497,0.546551,0.36764282,1.1573992,-0.11866263
0.52554154,0.44106308,0.787689,0.1461043,0.5151929,1.1669737,0.6575555,0.7495987,0.11032548,0.28578767,0.63622063,0.7631031,-0.028527625
0.2005125,0.7830042,0.019122578,-0.070347406,0.36728877,0.5431911,0.40746638,0.6403797,-0.023979256,0.83157784,0.3345991,1.1941571,-0.26307636
0.2701773,1.0310042,-0.040451437,-0.36597276,0.39107186,0.7284612,0.39630672,0.8164554,-0.106537744,1.0991008,0.42975,1.611325,-0.38664708
0.22640419,0.52550524,0.21282259,0.16563192,0.37399548,0.4120552,0.44910923,0.26055413,0.108654864,0.6072741,0.3304638,0.7600014,-0.079886846
0.6276612,0.78378904,0.22356781,-0.36276725,0.08476521,1.0672445,0.3874423,1.033173,-0.11846836,0.66288835,0.5287675,1.4600061,-0.20432359
0.5115004,0.60971606,0.22844629,-0.20592448,0.05940266,0.81115955,0.3559175,0.7254243,-0.059424378,0.5509972,0.38447896,1.160191,-0.11997091
0.5179085,0.46644416,0.5351769,0.14184591,0.27970243,0.8583994,0.5236984,0.60096157,0.14609374,0.3642617,0.5639015,0.80654407,-0.040732287
-0.1098724,1.0998546,-0.09868443,-0.056735657,0.80018383,0.4469131,0.51217854,0.45331296,-0.029200265,1.1816494,0.36880752,1.4710649,-0.40155002
0.16637437,0.8431038,0.03455262,-0.10498626,0.44119683,0.6277439,0.40642738,0.6955158,-0.049867667,0.8589984,0.38083878,1.2431248,-0.2926494
0.3636183,0.4528015,0.4283088,0.1980952,0.32667494,0.701214,0.5167327,0.38820365,0.1604294,0.512047,0.4689701,0.7172532,-0.008499168
0.3945504,0.31701377,0.57064664,0.18517661,0.34692848,0.7735934,0.52615774,0.33636722,0.164325,0.4369745,0.44297817,0.60884345,0.0037006661
0.4567811,0.57719934,0.30139998,-0.057187937,0.19632837,0.7897427,0.4283223,0.657296,0.0371629,0.4119901,0.48554984,0.9211875,-0.08853797
0.51466817,0.49126548,0.4743566,0.029495008,0.21448688,0.83187664,0.471708,0.5456463,0.122764915,0.42984363,0.506496,0.89801276,-0.028851949
-0.21452782,1.1615436,-0.110829204,-0.028991021,0.9456976,0.4983546,0.5600896,0.53252494,-0.04196287,1.2341001,0.418989,1.5208988,-0.43115124
0.39446774,0.42962897,0.41630712,0.17956689,0.2519538,0.6127207,0.48726994,0.2929049,0.16129321,0.5081518,0.40939882,0.7179277,-0.0024774745
0.2672506,0.5101128,0.28377026,0.2343525,0.3431488,0.5238184,0.48170668,0.35880375,0.117025234,0.52590233,0.40465525,0.7078403,-0.06453552
0.14114591,0.5760394,0.24328917,0.26222244,0.46872002,0.5070679,0.52000225,0.39564237,0.100925855,0.5870777,0.4305441,0.7088835,-0.09080166
0.53755283,0.4779333,0.53046644,0.093842275,0.30573478,0.90446776,0.5320723,0.67038137,0.13842487,0.31611544,0.5691507,0.82702994,-0.04521265
0.6348636,0.6713619,0.31040174,-0.24271828,0.05619777,0.98757255,0.4198875,0.91453195,-0.037491553,0.48323593,0.5290477,1.3131117,-0.110143
0.5353943,0.4253628,0.5658667,0.18050745,0.271921,0.8184889,0.543272,0.47168592,0.14940031,0.40135136,0.50796056,0.75738513,0.004214108
0.20282356,0.59597075,0.21812837,0.029011682,0.4242012,0.51120204,0.41951677,0.30520445,0.100236334,0.70225066,0.3380635,0.8604616,-0.14318785
0.4815882,0.55160713,0.33028555,-0.024813727,0.20285888,0.7666145,0.43705043,0.64370006,0.06573115,0.38124335,0.48228976,0.92227995,-0.06922848
0.4981947,0.5262054,0.31720322,-0.00803946,0.13143297,0.7015865,0.4236561,0.5480877,0.06227602,0.4133737,0.44877028,0.9109092,-0.037012644
-0.12847549,0.981005,-0.044727623,0.070356086,0.7861847,0.45504114,0.52322924,0.48777613,-0.0008931253,0.9955116,0.41511714,1.2237926,-0.315708
0.6139314,0.5978489,0.35829657,-0.14705208,0.07311562,0.92965144,0.42005837,0.7376695,0.02866409,0.4374972,0.4992393,1.180064,-0.07011188
0.41693464,0.50141615,0.29432786,0.03329619,0.14967942,0.61773705,0.39562178,0.3882515,0.07867809,0.49705738,0.3776156,0.85995436,-0.015652917
0.3858837,0.5577028,0.19069153,-0.056988306,0.14456476,0.59260553,0.3608166,0.48672,0.009849766,0.55839086,0.3214889,0.95014167,-0.09312276
0.27211145,0.56103086,0.1926261,0.107016005,0.29093918,0.46707752,0.4162018,0.33618575,0.08191083,0.5854183,0.34744737,0.8111764,-0.08900597
-0.101594865,1.0701934,-0.050310507,-0.013842471,0.76857424,0.45701006,0.48438978,0.47374895,-0.02139805,1.0747471,0.3824651,1.3060371,-0.3640758
0.46545705,0.5758884,0.29080868,-0.014624856,0.16332626,0.71491504,0.4213997,0.5795706,0.043100603,0.4410743,0.42862466,0.9270431,-0.06004917
0.4330913,0.46431386,0.32521218,0.10883514,0.17680663,0.6021261,0.42902607,0.36111307,0.11248501,0.4605562,0.38948315,0.78054476,-0.022253565
0.8607857,0.9266907,0.34517434,-0.6377092,-0.03755702,1.4578019,0.44064948,1.3391836,-0.18151872,0.7079249,0.6765623,1.953721,-0.23726511
0.38047415,0.51077646,0.26284197,0.019187987,0.20281947,0.654675,0.41446897,0.43695694,0.0692842,0.46321124,0.3744155,0.8072356,-0.050121225
0.20625538,0.5803651,0.15686011,0.13912463,0.38551524,0.40094706,0.435023,0.2497372,0.10137412,0.65345424,0.33414647,0.8210821,-0.10594957
0.4178285,0.39553452,0.50834453,0.18792523,0.31203666,0.71171534,0.51702785,0.31894946,0.17513017,0.49103096,0.43877193,0.6963471,0.0019482821
0.31761572,0.4949002,0.27464783,0.22589138,0.31310123,0.50583035,0.4738943,0.39478698,0.13034813,0.4906726,0.38177696,0.69812775,-0.04421299
0.4686904,0.5308977,0.2578442,-0.06752745,0.089516506,0.68989295,0.38228196,0.5263297,0.009861636,0.49811667,0.35916495,0.9396751,-0.06798556
0.35896146,0.5251796,0.20851043,0.059019044,0.18186244,0.5469227,0.40085706,0.40234244,0.06089989,0.5425867,0.34237412,0.836596,-0.07005123
0.112333715,0.64738864,0.16203788,0.066067085,0.43446752,0.58667254,0.42439565,0.46553418,-0.0020731706,0.64866275,0.3941916,0.8816805,-0.13838303
0.47435656,0.49382925,0.3422684,0.018856697,0.12423708,0.660889,0.40375575,0.42002386,0.09108636,0.47590363,0.42507157,0.8799727,-0.015578739
0.25504088,0.32278386,0.6341294,0.15647492,0.5249402,0.89090186,0.5569267,0.49452564,0.10113656,0.348207,0.5080517,0.5509343,-0.046317734
0.4437532,0.38440317,0.5203344,0.20698197,0.31390435,0.7095055,0.53315556,0.3189164,0.16789894,0.44631755,0.42251566,0.6636276,0.021249034
0.27542666,0.42810592,0.36970824,0.10704843,0.36416602,0.55166614,0.44676512,0.2605363,0.13378125,0.5520508,0.32722217,0.6948687,-0.053084172
0.4588973,0.3857235,0.52051556,0.20416634,0.30607682,0.71486354,0.5464448,0.30706128,0.17353764,0.46923113,0.426787,0.68241847,0.022282422
0.4509781,0.43750754,0.38393605,0.15183201,0.2033059,0.6265939,0.46894056,0.34394228,0.14021379,0.44538355,0.4262505,0.69716537,-0.002588451
-0.060161084,0.5922415,0.46041724,0.14396888,0.8611129,0.9341509,0.5751846,0.69493365,0.053561755,0.47099605,0.5998366,0.6794776,-0.17039943
0.49922502,0.31618065,0.72609437,0.13765657,0.43033308,1.0139031,0.6107566,0.44912505,0.15813307,0.4400409,0.509742,0.7280704,0.0053840727
-0.13445255,0.9474316,-0.0074086636,0.056502294,0.82523435,0.48781493,0.5149189,0.48436415,-0.001967378,0.9648772,0.4190891,1.1841538,-0.301667
0.054319143,0.7062318,0.062788755,0.15452649,0.51165015,0.38591644,0.45818374,0.35462838,0.057808794,0.74212307,0.35073668,0.9087875,-0.18152314
0.43133697,0.3558885,0.6162604,0.20748341,0.39159408,0.8547713,0.57023376,0.42419055,0.155424,0.40117154,0.4894565,0.6096382,0.005717285
0.34204474,0.4944806,0.2719496,0.13714722,0.2630779,0.5177318,0.42691353,0.2897168,0.13368191,0.5515888,0.36100617,0.7970749,-0.036788203
0.49627212,0.37726793,0.5614326,0.21221045,0.29392824,0.7575354,0.56070757,0.33015063,0.17292827,0.47920573,0.44856966,0.7026558,0.020836204
-0.02001892,0.5466207,0.38656,0.08668191,0.69628805,0.7349938,0.5003061,0.51584566,0.036949985,0.49576372,0.46561548,0.670395,-0.1347942
0.36350542,0.3619756,0.49011993,0.2012347,0.34422335,0.67336994,0.4998718,0.3545688,0.15123497,0.39319888,0.41790947,0.5651251,0.0016161576
0.2873224,0.35690153,0.50983894,0.18225431,0.43432155,0.71275824,0.50075126,0.41618368,0.118095264,0.3739801,0.40647647,0.55401194,-0.028468065
0.3408216,0.6114691,0.14872615,-0.066055395,0.19981572,0.5624313,0.36400974,0.49176767,0.01774647,0.5810941,0.3260549,0.9422382,-0.13152587
0.59735787,0.5835297,0.5447699,0.09056996,0.32808232,0.9820985,0.5711749,0.78990495,0.09997768,0.3266862,0.62910944,0.99218154,-0.0663292
0.20145431,0.513748,0.25356126,0.17863294,0.4068204,0.48378366,0.46198055,0.290361,0.11712998,0.5729041,0.36962724,0.69729674,-0.07559908
0.43206796,0.44703308,0.39970472,0.19602019,0.24362208,0.63416207,0.49824074,0.41714466,0.13238408,0.4001657,0.45010647,0.66474307,-0.012895435
0.15650947,0.4280974,0.45571217,0.17572528,0.5348297,0.71914315,0.4981798,0.4350365,0.113427654,0.406473,0.4662461,0.5464871,-0.06556911
0.09109597,0.7488594,0.011897914,0.093418255,0.49592155,0.34692737,0.431377,0.3381208,0.050390422,0.8027976,0.31030828,1.0241038,-0.21785256
-0.0077928603,0.98918587,-0.10024524,0.021057174,0.6661561,0.3936984,0.48864824,0.51657236,0.011461824,1.0394717,0.36355868,1.3369179,-0.36735916
-0.18493235,0.7556865,0.15441698,-0.031806074,0.80973655,0.60395193,0.45211264,0.52079403,0.0030617686,0.73355645,0.4246912,0.92478514,-0.26631376
0.6595081,0.6709898,0.30687094,-0.2646639,0.05045876,1.0132036,0.41925696,0.9149214,-0.0338749,0.5055731,0.4840715,1.3519857,-0.14229599
0.09476124,0.36598104,0.71369886,0.1826713,0.7736187,1.1031209,0.6320937,0.6853524,0.09630134,0.31001192,0.653087,0.54868186,-0.09814558
0.059315912,0.8127134,-0.0099993795,0.08370409,0.5474771,0.36507735,0.44422814,0.3716888,0.043472074,0.85906094,0.32661456,1.088722,-0.25171146
0.12463694,0.6492452,0.10369682,0.13387053,0.4398625,0.395515,0.43596256,0.32472804,0.064455844,0.6854055,0.34166777,0.8815414,-0.15028092
0.338958,0.42187086,0.3953614,0.19352219,0.31828547,0.60690236,0.4865209,0.32770398,0.14916456,0.4247874,0.42794704,0.5698359,-0.016728513
0.16625139,0.38552776,0.5626898,0.2180492,0.6005032,0.852535,0.56136477,0.5171233,0.12414088,0.33783972,0.56102514,0.5054241,-0.044384398
0.087957256,0.6633974,0.08919241,0.18134107,0.48276386,0.3925528,0.45844758,0.3781612,0.068421334,0.6872753,0.3557711,0.8633412,-0.16226777
0.40711492,0.35828128,0.6136185,0.11608383,0.40974218,0.8732286,0.5369363,0.45209873,0.12256378,0.38849363,0.45913795,0.6740912,-0.00023194402
0.3397209,0.32554173,0.5633827,0.13073112,0.4132499,0.78090423,0.5062028,0.4082996,0.11261684,0.39194775,0.41383234,0.60807025,-0.013209604
0.46551922,0.43651277,0.5913249,0.15530853,0.3197851,0.91837156,0.59238744,0.5269699,0.17897189,0.51874334,0.5361949,0.83938646,-0.037259005
0.12241255,0.61131287,0.24265042,0.25373062,0.50350285,0.58016413,0.52549446,0.47798938,0.0952861,0.5976646,0.47665587,0.7340416,-0.09454716
0.45809236,0.5108401,0.3906732,0.061585717,0.1861882,0.7366567,0.45888862,0.4699118,0.105085336,0.47241074,0.46087027,0.86844134,-0.013903767
0.67927396,0.6477565,0.45668414,-0.07696364,0.13671754,1.0324311,0.51721865,0.8270701,0.06740206,0.45043027,0.65438014,1.2579412,-0.084044226
0.6267421,0.62848943,0.31094652,-0.29311535,-0.010845346,0.99120253,0.37028378,0.8147404,-0.058826923,0.5150737,0.47778568,1.3031952,-0.116928436
0.43601644,0.39260894,0.51658106,0.19329423,0.3154946,0.756665,0.5226228,0.45135882,0.15549687,0.35452637,0.50921285,0.6268548,-0.012897298
-0.025543615,0.6415023,0.2046992,0.18153623,0.6487889,0.55958444,0.47496206,0.49081072,0.06074352,0.5977516,0.4527054,0.68368125,-0.14164418
0.35810503,0.5023583,0.29360607,0.11187601,0.24340485,0.5748847,0.4387804,0.37825027,0.10669951,0.49428767,0.39783052,0.7700057,-0.023470394
0.5771569,0.5523685,0.3393068,-0.08315223,0.06841738,0.81472534,0.41898856,0.6371844,0.04252287,0.4462053,0.46646842,1.0550035,-0.052335344
0.19462797,0.76768243,0.004371159,-0.018640846,0.37466708,0.48355097,0.41555247,0.62965065,-0.0037534349,0.77804786,0.34039128,1.0747734,-0.23247829
0.48219657,0.42961672,0.55888104,0.23319629,0.33964908,0.78958654,0.5844768,0.41694316,0.14945677,0.41244596,0.46215278,0.7118422,0.02237621
0.4408145,0.4681934,0.37017035,0.07489663,0.1973914,0.6530749,0.42584437,0.3431689,0.13378944,0.5102814,0.4174781,0.8409866,-0.0031370446
0.080284424,0.76154584,0.00027529895,0.09627567,0.50202364,0.35682863,0.44312918,0.4238601,0.038244255,0.80178136,0.32136896,1.0469686,-0.24311426
0.25111797,0.7210006,0.042678468,-0.053384475,0.30818263,0.51409364,0.37664306,0.5542745,0.00694991,0.7470512,0.32650676,1.1081698,-0.22938797
0.04949861,0.70692676,0.06895233,0.05044343,0.53696597,0.41183564,0.4106613,0.3484639,0.041813836,0.74444044,0.33195475,0.92646027,-0.19886714
0.39584702,0.566617,0.22267368,-0.025459915,0.15916169,0.5860174,0.38076735,0.4858811,0.050008304,0.4847505,0.3597801,0.88743055,-0.066362314
-0.071118,0.7431558,0.09048368,0.024048433,0.6864545,0.4992182,0.43553242,0.4449681,0.031667832,0.7517895,0.39540252,0.93908536,-0.23420337
-0.043670878,0.78316605,0.05799754,0.14742322,0.66416544,0.44430894,0.49043703,0.43796274,0.040664874,0.789535,0.4044583,0.9591179,-0.21163967
0.5661918,0.44622722,0.5950806,0.16985297,0.28581843,0.888663,0.5585909,0.573494,0.15051216,0.37753686,0.5643988,0.8052176,-0.023636453
0.06827344,0.47031766,0.4793748,0.21772464,0.6561563,0.8181763,0.53974456,0.5542598,0.12942672,0.39726162,0.57555604,0.5357634,-0.06298364
-0.06790052,0.9292505,-0.03364858,0.076821744,0.7092929,0.4272729,0.5034901,0.44907674,0.0058224453,0.9840615,0.37071285,1.2043974,-0.30004376
0.38523337,0.46020055,0.3706864,0.16448295,0.26891348,0.59869695,0.46623266,0.303199,0.160993,0.52032226,0.41036084,0.75496733,-0.005776204
0.07469669,0.8045513,0.035678953,-0.10218305,0.47397253,0.5275489,0.39606437,0.4055008,-0.050047316,0.88454145,0.3191541,1.1592023,-0.2594715
