data,turn,acap,aexp,pcap,modp,sced,loc,Generated_Var_2,Generated_Var_4,Generated_Var_5,Generated_Var_7,Generated_Var_8,Generated_Var_9,actual
0.14724801,0.23059435,0.065496996,0.29411033,-0.0085081905,0.29278606,0.18522246,0.12452229,0.5137108,0.32881373,0.50471157,0.20313397,0.21865934,0.33337814,0.09838134
0.24405415,0.19825594,0.15220436,0.029711422,0.23122866,0.1931395,0.024384003,0.084900886,0.14593446,-0.09905391,0.28753483,-0.15986848,-0.22693865,0.11539306,-0.039045017
0.101813465,0.14542802,0.041489206,0.11048767,0.008390725,0.13145839,0.059301913,0.060992263,0.20286658,0.05453815,0.30752146,-0.074082814,-0.065660596,0.11668094,-0.030294314
0.17476737,0.25430623,0.11863904,0.359884,0.064958,0.40741655,0.20967996,0.14508975,0.5886859,0.3776101,0.55553937,0.27896667,0.28923014,0.4254238,0.14311719
0.7288978,0.67664486,0.5836294,0.7698815,0.57254267,0.9356439,0.25114828,0.42184675,0.743042,0.4017119,0.8483664,0.43644574,0.3148123,0.6708082,0.40725994
0.89769584,0.7736252,0.69751745,0.8440721,0.66017723,1.0743791,0.26506287,0.5026269,0.74001724,0.33813372,0.87134963,0.3982571,0.23663165,0.7104515,0.45198926
0.05229843,0.14890671,0.010507468,0.14094552,-0.03563016,0.18838038,0.12044555,0.049947433,0.3558643,0.17434138,0.3571015,0.021810332,0.04859284,0.19605352,-0.0028532688
-0.15484683,0.031487525,-0.07775451,-0.09454603,-0.10785878,0.2252359,0.07364412,0.028323319,0.2161296,-0.123896085,0.20582807,-0.27049485,-0.31689742,0.010175131,-0.08765282
0.3383198,0.3638659,0.25623184,0.34407833,0.2376646,0.37784088,0.089687966,0.1827486,0.33723283,0.15315825,0.42325813,0.09863679,0.052599095,0.3046626,0.11860062
0.07914606,0.17099836,0.0375734,0.09104273,0.04481865,0.18494415,0.07179103,0.06300835,0.26024273,0.10752281,0.31096768,-0.021091115,-0.013163865,0.15991834,-0.028467543
-0.009352058,0.13771251,0.031016856,0.27367875,-0.11107467,0.48506784,0.2984784,0.14136931,0.7335487,0.39895397,0.58227825,0.25937414,0.30221567,0.46713808,0.1241124
0.06467476,0.13317776,0.03223206,0.09348397,0.015587512,0.15140292,0.07563844,0.05019703,0.24601796,0.07429918,0.2896116,-0.050771765,-0.03998715,0.13029511,-0.027452748
0.85318226,0.77350795,0.6857903,0.7518684,0.71131027,0.9816433,0.20742154,0.43528402,0.6083073,0.28235337,0.7525527,0.37790164,0.19683388,0.61835885,0.34544253
0.0771955,0.16293025,0.044233717,0.12688734,0.022815082,0.18025836,0.07504251,0.062553965,0.27089864,0.105060935,0.30776638,-0.040079847,-0.023736458,0.15757987,-0.011568261
0.079355836,0.18355855,0.0052876063,0.25825804,-0.07567574,0.318154,0.2188405,0.1072439,0.5936478,0.37366715,0.548604,0.22494176,0.25498316,0.38397068,0.107853875
0.7438257,0.71802217,0.6233575,0.6601069,0.6290439,0.8666613,0.17319947,0.3582791,0.5391852,0.23749614,0.67238444,0.2911121,0.1248405,0.5274241,0.28021595
0.49253482,0.4749471,0.328873,0.45093384,0.32935712,0.4623731,0.10992545,0.21732476,0.44563878,0.22018325,0.512008,0.23389472,0.13610852,0.36259136,0.14541142
-0.009906612,0.08830717,-0.026282635,-0.021368913,-0.04332187,0.15276468,0.044925895,0.036590267,0.20341711,-0.019272894,0.2479466,-0.18071732,-0.17182054,0.081076436,-0.058272544
0.07231387,0.13855496,0.00077361055,0.07557583,-0.055278376,0.1331874,0.11400977,0.07345432,0.28780204,0.051571604,0.3570481,-0.07070237,-0.07509136,0.16006124,-0.0032095509
0.9574875,0.58283985,0.50378543,0.4560316,0.6152882,0.45736173,0.11154644,0.3034029,0.4778419,0.008262567,0.70563495,0.09696344,-0.14775485,0.48148134,0.13163875
0.025683157,0.14566876,-0.023956459,0.21894991,-0.1454622,0.19488849,0.19688398,0.08040227,0.44932336,0.24567416,0.48160785,0.095122896,0.1349184,0.25308958,0.050417036
1.5519495,1.1997395,1.0308772,1.138437,1.0599091,1.2774645,0.311577,0.63526064,0.91393864,0.31739062,1.1812661,0.603819,0.18658024,0.92731965,0.4591077
0.71676826,0.654726,0.55350316,0.65802896,0.5385854,0.79812825,0.16552512,0.37269568,0.58211344,0.28142786,0.70081794,0.3438534,0.20613514,0.54632044,0.3240956
0.07202924,0.14869422,0.026595302,0.08489793,0.036660466,0.17088577,0.06956997,0.049238816,0.25573415,0.11903866,0.3097157,-0.01012059,0.0052030347,0.15445063,-0.032071617
0.054295693,0.20561862,0.025152605,0.41020077,-0.09125303,0.57521653,0.39879996,0.1744115,0.92577565,0.5496942,0.80695486,0.4069976,0.43586048,0.6215526,0.24084228
-0.024601012,0.10682128,-0.0071811564,0.1151361,-0.114874646,0.25429994,0.16728087,0.05952534,0.42890072,0.21350181,0.38296568,0.06256443,0.08873461,0.2381857,0.002483393
-0.04763198,0.09856884,-0.07259007,0.053818256,-0.15243608,0.16455033,0.122691676,0.06454499,0.3076324,0.07040704,0.34308016,-0.103633575,-0.09088482,0.13555905,-0.015319461
0.116935804,0.2233104,0.067169935,0.27777502,0.00731406,0.33182907,0.18480377,0.10116221,0.5216807,0.34651256,0.48238015,0.20530197,0.22980808,0.35012403,0.08149007
0.095715374,0.2587394,0.0698947,0.45415178,-0.04563661,0.5974673,0.41946763,0.16060005,0.91633034,0.5499437,0.8027697,0.4162056,0.4499572,0.6252433,0.2567323
0.049546316,0.17345533,0.008042421,0.29245266,-0.12684149,0.35139662,0.27484024,0.13767006,0.63925654,0.3740896,0.60263234,0.21016163,0.25192893,0.40337053,0.13732773
0.03817775,0.17797615,-0.03312604,0.3480194,-0.18060373,0.44479525,0.3696588,0.16827087,0.82378995,0.48791465,0.7742484,0.33643952,0.36993334,0.5428668,0.20504327
0.09134502,0.20793486,0.014931042,0.29383487,-0.08158997,0.31009403,0.25065207,0.110273376,0.608455,0.40617937,0.57211936,0.2579946,0.29503924,0.39278665,0.1192563
0.25323072,0.32396048,0.17681625,0.35585877,0.14140615,0.37396216,0.13179457,0.15943308,0.44064748,0.24201521,0.45393765,0.16329664,0.13760437,0.33495,0.12014733
0.08652205,0.20042503,0.0008840859,0.3093945,-0.1078625,0.35007146,0.2805624,0.13104177,0.6775382,0.4346443,0.63430613,0.28294107,0.31398535,0.43573645,0.15334791
0.18419957,0.19338483,0.07190998,0.2530297,0.017451845,0.22884369,0.109339364,0.1237759,0.371306,0.17358704,0.4476416,0.05552316,0.07687718,0.24135873,0.06518181
-0.015170433,0.0758953,-0.03602413,-0.04647994,-0.025542699,0.1699223,0.03838074,0.03294151,0.17957997,-0.1071529,0.24516359,-0.23897304,-0.26828694,0.046537198,-0.053556208
-0.14106098,0.023781277,-0.0406133,-0.046993613,-0.11207658,0.2259005,0.110029556,0.04236066,0.28707388,-0.038015947,0.2589498,-0.16231468,-0.19157673,0.07514201,-0.08663146
0.22682033,0.28683084,0.13160451,0.3386379,0.06755841,0.34877068,0.15837279,0.1557989,0.47405934,0.26832187,0.4835602,0.17511414,0.17189834,0.3390939,0.12643674
-0.022620715,0.13727605,-0.06789313,0.25491324,-0.26315713,0.3221178,0.29403096,0.1372602,0.6412609,0.33804306,0.63625044,0.16914564,0.20826928,0.38214386,0.12530097
0.21347404,0.29294807,0.11697646,0.30833027,0.074370384,0.30211252,0.13614981,0.12873738,0.45621812,0.26991624,0.45865524,0.17659584,0.16745964,0.3110145,0.08659157
0.3214528,0.30880627,0.13467744,0.28096387,0.13632217,0.16678025,0.07369142,0.11964725,0.3459463,0.180787,0.43348533,0.11325366,0.08648223,0.25855303,0.06063079
0.12502164,0.2468208,0.092375174,0.36555538,-0.010116704,0.40044582,0.23898244,0.12025839,0.63461304,0.37109008,0.56000686,0.22061001,0.23384267,0.40200147,0.13154395
0.10438699,0.24320059,0.10660489,0.35938135,0.043136224,0.46822515,0.27444962,0.1261608,0.6662984,0.47777614,0.5789656,0.35397583,0.38303447,0.49216712,0.15948747
0.9562681,0.87872607,0.80686253,0.8882976,0.82572937,1.1840746,0.27399024,0.520038,0.7142693,0.3824672,0.8664272,0.47960252,0.2811975,0.7487302,0.44043556
0.38357642,0.4359275,0.34477606,0.5075499,0.33312765,0.6155393,0.16712384,0.22918485,0.53358346,0.28744715,0.5505618,0.22625996,0.16943806,0.44880903,0.22104283
0.09595972,0.1870858,0.031798106,0.19216335,-0.008830786,0.19597416,0.12349652,0.072096415,0.37134647,0.21966359,0.38083792,0.08641874,0.104848176,0.23005278,0.015504865
0.09651331,0.23836882,0.026719932,0.41852447,-0.081006646,0.49312782,0.38799638,0.14981483,0.85047966,0.5447159,0.7750933,0.3755099,0.4244415,0.57447696,0.2306759
0.2596063,0.31006837,0.18452671,0.37972194,0.12888543,0.3968335,0.16115502,0.15878397,0.49640703,0.27168447,0.49166548,0.19371115,0.17672713,0.36413243,0.13153286
0.1662997,0.24492316,0.086522825,0.30835178,0.010660015,0.31412578,0.19536375,0.12611274,0.5142466,0.31395692,0.500034,0.20338264,0.22682813,0.3512464,0.11724797
0.7504373,0.5946905,0.441012,0.59528196,0.44557443,0.5706608,0.13556501,0.346336,0.5186387,0.20212868,0.6514855,0.23388791,0.11919555,0.504328,0.25049385
0.55562294,0.5442362,0.4794009,0.6970386,0.4354632,0.87266874,0.24934703,0.3300252,0.7157775,0.41120934,0.7328966,0.37691435,0.293484,0.6447098,0.35927424
0.04505004,0.1770392,0.011956563,0.2735678,-0.11332558,0.32049617,0.25054574,0.08987963,0.6089315,0.35350844,0.5355521,0.1930516,0.22808222,0.37071764,0.09508252
0.3586944,0.31173497,0.076037705,0.42880693,0.033566803,0.24782528,0.20599498,0.17785361,0.6101182,0.3285661,0.65591216,0.26472476,0.21670036,0.43714,0.17774424
1.4981077,1.2646667,1.2548165,1.3271353,1.265379,1.8241673,0.42041886,0.77048534,1.0826074,0.550385,1.2811625,0.7693081,0.45011944,1.1324865,0.6776475
0.33133823,0.2994486,0.13351698,0.31892076,0.096160546,0.18590298,0.12059723,0.1475655,0.41927063,0.2193807,0.514642,0.14350672,0.117743045,0.3078114,0.09465267
0.42427048,0.34239274,0.20735008,0.35498303,0.19207215,0.22373916,0.0967206,0.17915016,0.39280635,0.15664524,0.48827505,0.12489001,0.064520866,0.31379098,0.11771974
0.25770456,0.3253634,0.247406,0.36576295,0.23625317,0.52534765,0.14827566,0.18730323,0.46384412,0.22872621,0.45976663,0.15233427,0.10735783,0.34894148,0.14370723
0.4707312,0.4592489,0.36276954,0.47115982,0.3329896,0.53107363,0.117876396,0.27098396,0.45344085,0.20213455,0.5315303,0.19338216,0.11628537,0.41720688,0.19809869
0.16003016,0.2077303,0.015983714,0.33351672,-0.08540395,0.27818877,0.2533603,0.14646253,0.61232644,0.35930458,0.6299008,0.23922983,0.24038398,0.40837008,0.1574901
0.2000649,0.26043987,0.11513713,0.2655323,0.06877111,0.27106762,0.112795144,0.11183653,0.40704483,0.21606672,0.41971993,0.11689565,0.11670637,0.27624536,0.06371063
1.0208687,0.9117868,0.89823663,1.0309885,0.9590861,1.4151115,0.32696217,0.53223246,0.8867928,0.5201403,0.9858539,0.6138841,0.4132899,0.88209784,0.5326182
0.9154268,0.8543023,0.802472,0.9072552,0.86983687,1.2252741,0.27796257,0.50611347,0.729328,0.41240916,0.8644447,0.49720234,0.29415026,0.7602055,0.46345633
0.1505231,0.25229287,0.12723461,0.35955948,0.0596437,0.4113548,0.20811392,0.12198688,0.5611842,0.32279155,0.50437295,0.19826783,0.20665127,0.38750654,0.11955592
0.17761058,0.29717386,0.12777981,0.45896107,0.1083685,0.6077242,0.33973023,0.17757563,0.8529931,0.57439035,0.7402152,0.46040532,0.4731158,0.6297382,0.25879708
0.08286419,0.19567057,0.007182833,0.32018575,-0.121072784,0.32864872,0.28460428,0.12898415,0.6650845,0.4272349,0.6452253,0.26991338,0.31608436,0.4391598,0.14731108
0.5283716,0.5139846,0.36531547,0.4565336,0.3890667,0.5218985,0.10645051,0.23570274,0.4453526,0.21129286,0.52261513,0.23478253,0.11685604,0.38104078,0.16159487
0.11141514,0.17528734,0.051535025,0.13844919,0.04003121,0.18098566,0.07751089,0.0736818,0.27698064,0.11915687,0.32968038,-0.0002062209,0.009210752,0.17659283,-0.0024894644
0.9076181,0.6423855,0.4619321,0.646842,0.4942891,0.44480553,0.14909658,0.33063143,0.6097712,0.23970217,0.767693,0.31542385,0.13866703,0.5534624,0.2388643
0.14974597,0.21300425,0.0583592,0.16552648,0.054768078,0.19008198,0.08867063,0.07971135,0.32352737,0.17043838,0.36589235,0.05871878,0.063300155,0.21242176,0.006494104
0.08222629,0.124351874,0.07493314,0.066968516,0.08842004,0.18768501,0.051314577,0.079980955,0.12040876,-0.060078382,0.26748878,-0.16969983,-0.20077936,0.08259811,-0.07178523
-0.03702169,0.15537925,-0.10233771,0.28269964,-0.27835009,0.43345362,0.40039885,0.19490637,0.8588727,0.4322608,0.7993169,0.26566452,0.28212088,0.5124217,0.1924856
0.015573792,0.098607376,0.0040509123,-0.021178655,0.031129487,0.14790174,0.01975596,0.031641297,0.11537856,-0.06612586,0.21851993,-0.19919236,-0.21511962,0.042968336,-0.07670657
0.58128476,0.5527743,0.48630595,0.6252416,0.50504065,0.7560996,0.19223353,0.32629842,0.54800034,0.31940454,0.6252148,0.30832008,0.20842719,0.5313003,0.30654314
0.10238684,0.23084724,0.048746943,0.28012604,-0.015332542,0.29885566,0.1980881,0.09285435,0.5283086,0.37299687,0.48609847,0.23947123,0.26471388,0.34875876,0.08282919
-0.027597927,0.13852854,-0.041684195,0.3248691,-0.17728536,0.5434358,0.4081294,0.18748091,0.91979086,0.5077427,0.7956098,0.34353694,0.3876406,0.5687055,0.2240787
0.90486676,0.7519613,0.69011986,0.7682647,0.6627202,0.947057,0.21204662,0.43418747,0.64421797,0.30611432,0.7776457,0.38958207,0.22731873,0.62790465,0.34452108
0.48751727,0.47839278,0.38609645,0.54706055,0.3747941,0.6443325,0.1758669,0.3075508,0.5422367,0.28195426,0.6072259,0.26405874,0.2013895,0.4989126,0.27390137
0.09659949,0.21254039,0.0554517,0.3200572,-0.03076125,0.34358,0.23515132,0.091452055,0.60458094,0.36614034,0.5130108,0.22860779,0.24636832,0.37477762,0.09771137
2.2639575,1.8622466,1.9040155,1.9463892,1.9643523,2.7848125,0.6555316,1.1289319,1.5517662,0.8208403,1.8617607,1.2152469,0.70486754,1.6511581,1.0194367
0.07173799,0.17546403,0.047694523,0.134641,0.018481202,0.21349382,0.08259528,0.09016446,0.3061527,0.11808446,0.3397357,-0.032147344,-0.009281065,0.189372,0.00906114
0.89695966,0.8046083,0.7057919,0.7589296,0.70923585,0.96206796,0.22531614,0.41657978,0.6398048,0.28984445,0.78983676,0.39394546,0.21235596,0.61993897,0.34122807
0.054919697,0.13089268,-0.0039305575,0.13996705,-0.05617457,0.17726296,0.14521505,0.054172292,0.37877756,0.17174986,0.38319337,0.019638209,0.05235268,0.22030532,0.0012678439
0.5475695,0.5370688,0.43318093,0.5609717,0.40704113,0.6628759,0.14437208,0.29314095,0.50856334,0.23990521,0.589573,0.24591498,0.14541468,0.46106339,0.24800242
0.5214976,0.37526846,0.26892984,0.40044203,0.24220054,0.17461611,0.15708107,0.1813532,0.42609423,0.1712118,0.5961222,0.20240133,0.06740627,0.40760505,0.086467594
0.08279457,0.19765534,0.022018388,0.2741113,-0.058827966,0.3162767,0.22078088,0.10206471,0.5856256,0.3762093,0.53091097,0.23218334,0.25488418,0.36897314,0.10398552
0.12703967,0.24414146,0.07348345,0.31127188,-0.025239393,0.28470004,0.20906204,0.096791,0.55118614,0.36662546,0.53159446,0.2479151,0.26658106,0.35854158,0.099902764
0.6724581,0.68703467,0.58903116,0.5924991,0.60070455,0.8360723,0.1170135,0.33002508,0.46044344,0.13385795,0.61388904,0.18718363,0.0010520127,0.46804097,0.2504831
0.06305882,0.18154924,-0.012681633,0.320065,-0.14285728,0.38937572,0.31825426,0.15315458,0.7317735,0.44892696,0.69001436,0.3043401,0.32735294,0.47581795,0.18293785
0.5172969,0.53015274,0.42274043,0.4939265,0.44643804,0.6287322,0.108550556,0.29315484,0.4536518,0.19288075,0.550033,0.22764152,0.11145747,0.43533674,0.21381767
-0.06728618,0.08578663,-0.05058495,0.07231744,-0.15990077,0.27659476,0.16195276,0.09601231,0.454261,0.13673475,0.3997177,-0.034760833,-0.0177382,0.22730699,0.005138319
0.06387916,0.19367948,0.0544283,0.25455314,-0.0118833855,0.34314594,0.21410544,0.09057447,0.5362118,0.36347574,0.47551107,0.23445493,0.26924005,0.3645306,0.08700915
0.03230132,0.15289533,0.030819383,0.112364784,-0.009537458,0.2115946,0.09465201,0.06764778,0.3128273,0.104944706,0.31646633,-0.07142843,-0.050799776,0.16739371,-0.008071125
0.09644962,0.20289394,0.038763627,0.35448015,-0.040724203,0.43451664,0.29479343,0.1308425,0.7182418,0.4541825,0.63710904,0.32255343,0.3496764,0.48224115,0.16464362
0.35638222,0.26032722,0.17979404,0.1326895,0.24252887,0.13664927,0.06324137,0.115643136,0.2305244,-0.011315614,0.37552994,-0.032495555,-0.11913508,0.19492558,0.014089297
0.4939384,0.35353106,0.20910484,0.24043068,0.2725851,0.17776978,0.06586644,0.14862214,0.3371606,0.056823388,0.45039296,0.053281326,-0.036726702,0.2798878,0.06623503
0.002264738,0.14128302,-0.010246489,0.27484205,-0.16008084,0.36284858,0.28476647,0.08340915,0.6294766,0.33498767,0.5442936,0.17531921,0.20329623,0.37457907,0.09178722
0.42452934,0.41564655,0.32942435,0.57829416,0.23540051,0.66770554,0.25002453,0.28039795,0.66976017,0.36630282,0.6791817,0.29236665,0.2565927,0.5408352,0.28824356
0.2748986,0.33630276,0.22298792,0.4069959,0.1620794,0.4449027,0.17383835,0.1685067,0.50121313,0.27293706,0.5026083,0.18201198,0.1527341,0.37742832,0.15091597
0.62580967,0.42272985,0.37311885,0.27009052,0.45340043,0.3161574,0.05701247,0.22263154,0.2999599,-0.025245458,0.51138955,0.0032911496,-0.14926462,0.32318687,0.08336949
0.51210606,0.46422642,0.31783438,0.4765347,0.31100088,0.42518452,0.11316046,0.23988406,0.47892827,0.26245165,0.5383186,0.30279034,0.19493079,0.39363652,0.16380584
0.11151703,0.19455272,0.05267358,0.090906106,0.05988862,0.1756532,0.063323274,0.06103703,0.25662476,0.0991568,0.31755477,-0.02338292,-0.017425839,0.15934265,-0.025763385
1.0702887,0.9517966,0.9387297,1.0370338,0.9675023,1.4299824,0.31615257,0.56318873,0.8472069,0.46750095,0.9892909,0.5851966,0.356796,0.86936307,0.5324301
0.08145407,0.16292664,-0.008098882,0.23555002,-0.11152378,0.16862355,0.18016054,0.08493492,0.4388796,0.24415877,0.5010496,0.11433024,0.14319064,0.27760077,0.05156107
0.102342024,0.22728746,0.060891487,0.3786031,-0.048078783,0.44293994,0.32274565,0.14758605,0.7397686,0.45727697,0.6858355,0.32097542,0.3543804,0.49687904,0.19705597
0.4488397,0.46245927,0.40476117,0.6451458,0.40038347,0.8432456,0.2852681,0.3168611,0.7504812,0.46733385,0.74385715,0.45106652,0.4285059,0.6750977,0.35492933
0.07407993,0.2037954,0.04148689,0.28984436,-0.057558358,0.32895163,0.22844578,0.08733622,0.5862806,0.36919686,0.50802225,0.22212109,0.25010088,0.36080766,0.090718076
0.58986104,0.441683,0.28705433,0.37103903,0.32858998,0.22238626,0.07183385,0.20289823,0.37839907,0.14052817,0.52048683,0.14388283,0.03402052,0.33776054,0.11695045
0.039913855,0.18194701,-0.032988794,0.30454972,-0.19511876,0.33517724,0.31697145,0.15643495,0.69780874,0.42728126,0.68737537,0.27083528,0.29412448,0.44494018,0.17426908
0.12873648,0.16444513,0.034781475,0.12797503,0.015079826,0.1280765,0.08493876,0.067698106,0.28345805,0.10312475,0.34182185,-0.008017368,-0.004812695,0.17100596,0.002892497
0.033543557,0.15301198,-0.011766218,0.23146775,-0.1395923,0.20862116,0.19813134,0.084548,0.47189754,0.2666525,0.49593467,0.119081706,0.15153158,0.27419862,0.059715647
0.19667763,0.32215723,0.1944347,0.3523626,0.14685911,0.45897463,0.15384261,0.15477273,0.47452694,0.22562912,0.4761073,0.110580646,0.083992936,0.35991225,0.11397694
0.05798044,0.16221362,0.015280832,0.20566583,-0.081563696,0.22900856,0.1819654,0.06453821,0.4683534,0.2422171,0.4392832,0.080839284,0.10995686,0.2760891,0.03304511
0.11814429,0.19228387,0.01883034,0.2425127,-0.026645929,0.25394303,0.16989389,0.080969065,0.51445806,0.30980718,0.48399425,0.17548425,0.2077581,0.32996327,0.05757387
0.5502957,0.567401,0.45545152,0.5343096,0.43910205,0.6974722,0.15132314,0.30924332,0.41108,0.1157172,0.5643821,0.14102376,-0.0036966167,0.37826195,0.20937406
0.051335067,0.18639496,0.024596626,0.31722307,-0.09041637,0.42570332,0.29985377,0.14675154,0.7332959,0.45688087,0.67006207,0.3093972,0.34383258,0.48247463,0.17455709
0.109485894,0.18606475,0.04168375,0.18820116,0.0032670498,0.19271596,0.119551405,0.068498224,0.3630411,0.213305,0.3814267,0.08299807,0.10087933,0.223716,0.014099452
0.027360879,0.18534641,-0.049396813,0.42416853,-0.18336168,0.5796132,0.47987485,0.18812996,1.053816,0.5977863,0.918252,0.4322619,0.45941114,0.66430247,0.28968522
0.04189102,0.18535659,-0.06259926,0.35615066,-0.20726311,0.44473782,0.3983654,0.18492644,0.875651,0.50616384,0.8199482,0.34323242,0.35510814,0.546638,0.22909294
0.05370392,0.24923974,0.04443009,0.5452618,-0.097561374,0.78533447,0.56999314,0.21955517,1.1960691,0.71589214,1.0220351,0.5465218,0.59874034,0.80901754,0.3542961
0.16977659,0.25954345,0.12665358,0.3955679,0.022592425,0.43934885,0.2554021,0.15661502,0.6178812,0.3623759,0.5935731,0.2458594,0.27465403,0.4373052,0.18996832
0.31502324,0.25985467,0.11108226,0.23087966,0.11370289,0.09919033,0.08251261,0.10581145,0.31321028,0.11954556,0.4232369,0.0567185,0.01642303,0.22895609,0.03722492
0.06961125,0.20210224,-0.029516567,0.3833914,-0.16117333,0.42693824,0.3874849,0.15517138,0.8422744,0.50911045,0.7913481,0.35042816,0.38625133,0.54774374,0.21730725
0.08545652,0.19257589,0.019647717,0.2748313,-0.10329495,0.2472927,0.23680624,0.09672205,0.55299586,0.3465896,0.54122674,0.2133101,0.24111445,0.3444891,0.08389893
0.11306615,0.23585053,0.047669183,0.27837902,-0.018924907,0.27943385,0.18526854,0.09369314,0.5140011,0.36182284,0.4804567,0.22766277,0.24437381,0.33311298,0.07757945
0.07928542,0.19553648,0.08028521,0.28666335,-0.004429251,0.3816633,0.21910152,0.10857859,0.5606277,0.33170596,0.48838627,0.18093063,0.22305186,0.36872855,0.10447401
0.03388599,0.15510154,-0.013139091,0.1871126,-0.12085047,0.21756777,0.19951662,0.08787888,0.47023207,0.26948574,0.47018218,0.11033334,0.14450827,0.28027454,0.058353998
0.02602183,0.14646247,0.017676122,0.17860533,-0.08212885,0.25048363,0.17137523,0.06150831,0.4549337,0.2478975,0.41145575,0.09725242,0.1244988,0.26655203,0.026061188
0.808093,0.66214705,0.5012999,0.6242987,0.52989256,0.6239315,0.17065835,0.32831067,0.5316575,0.23058686,0.6825813,0.3410393,0.16340804,0.51760644,0.23243602
1.7119882,1.3532792,1.1577652,1.2790741,1.1954088,1.4381412,0.38296863,0.7140704,0.9630846,0.37765655,1.2951378,0.69062155,0.22434752,1.0651921,0.51220983
-0.019026898,0.12523325,-0.0029329844,-0.02561418,0.01738717,0.18265457,0.043210592,0.034774166,0.17878924,-0.033605494,0.23437762,-0.17741637,-0.19714642,0.07427292,-0.079923436
0.045810133,0.18050346,0.036040857,0.35039106,-0.07578334,0.5232761,0.3552916,0.14996472,0.8112889,0.49941716,0.6978466,0.3596277,0.40557525,0.55135906,0.19401537
-0.060915843,0.10937851,-0.109785564,0.2368693,-0.27350724,0.33552226,0.28859246,0.15486492,0.6639965,0.32695654,0.66616637,0.15724371,0.18716948,0.3832913,0.14629558
-0.048825346,0.07564572,-0.04110221,-0.06990314,-0.02733592,0.1675273,0.034496523,0.024790376,0.158546,-0.09839847,0.20980859,-0.25411505,-0.2811492,0.03452373,-0.080152854
0.2211481,0.20356569,0.11812862,0.04871072,0.16684029,0.14279044,0.036677033,0.0918252,0.18212637,-0.064368345,0.30893135,-0.1277893,-0.19425482,0.12664571,-0.014185917
-0.031352513,0.09264664,-0.05589422,0.039047092,-0.112665,0.17643695,0.10581918,0.06603135,0.30962336,0.054337025,0.32298064,-0.106706925,-0.09723283,0.13756418,-0.011726122
1.0492864,0.9611073,0.9229405,1.0484006,0.91714925,1.4311839,0.31861192,0.5803062,0.8556377,0.46428427,0.9829573,0.55008304,0.31331098,0.8673028,0.52800614
0.046909764,0.13829967,0.012227034,0.10882777,-0.024554923,0.17083408,0.10021292,0.046578187,0.29217482,0.13033234,0.32277048,-0.010655307,0.0070677884,0.15347002,-0.019406883
0.06066732,0.1881204,0.058556255,0.2627451,-0.035367347,0.31087282,0.2052591,0.07550796,0.5171208,0.29612535,0.4613803,0.13961174,0.16096422,0.31074795,0.055770457
0.3028679,0.2758205,0.100925736,0.27742523,0.082117796,0.16236098,0.12605722,0.13155293,0.40356737,0.18225309,0.47613537,0.11819438,0.07755279,0.29809642,0.089255914
0.11754523,0.23431593,0.07184008,0.3697673,0.0034113824,0.45538223,0.30951044,0.14285782,0.72164154,0.491993,0.6582312,0.35864276,0.39165348,0.50509554,0.18821868
0.01823359,0.18860379,-0.026353057,0.38670227,-0.19091266,0.4159025,0.40912867,0.11590081,0.83084756,0.4751345,0.7466926,0.3075414,0.3485881,0.51223296,0.19295265
0.07103927,0.20864439,0.04470535,0.4821479,-0.06382446,0.6982908,0.46351743,0.20022687,1.0443456,0.60955465,0.8794105,0.46433043,0.52368045,0.709365,0.27933156
0.0946261,0.2506884,-0.037192956,0.40881023,-0.1635786,0.418483,0.38127774,0.16724269,0.8646077,0.53277415,0.84561366,0.38131565,0.39598054,0.58104455,0.20810898
0.78066975,0.75289166,0.6597548,0.7193813,0.7099484,0.9656471,0.20015988,0.40897584,0.6092122,0.3033533,0.72511023,0.36938536,0.1878524,0.5943786,0.32753673
0.05474446,0.122790575,-0.00038453192,0.09628153,-0.063076824,0.13838819,0.12678084,0.077072516,0.30248863,0.08649532,0.37409472,-0.034644984,-0.029506274,0.17588091,-0.006289102
0.14792103,0.25172022,0.045872256,0.4225493,-0.057359785,0.47212136,0.3377196,0.17659386,0.80348814,0.4691655,0.74858254,0.33469072,0.3562253,0.5371678,0.22486928
0.046247825,0.10934159,0.019260861,0.06278975,0.0005484447,0.1368466,0.07415162,0.04562162,0.22264524,0.042942114,0.2759674,-0.09435147,-0.085667506,0.10837036,-0.042129356
0.6251724,0.5510503,0.4533875,0.68968564,0.44571796,0.8024491,0.23520589,0.34128445,0.74027747,0.43494397,0.78322005,0.46298984,0.36221528,0.6561657,0.34750825
1.2965593,1.093144,0.9913367,1.0199208,0.98160344,1.3018209,0.28761423,0.5931264,0.8033662,0.3002272,1.0283403,0.5019429,0.17922398,0.8093922,0.4404482
0.08840039,0.20624536,0.030208759,0.33073103,-0.06080401,0.41702786,0.29377753,0.14096853,0.70895433,0.4590507,0.6469754,0.32020608,0.34763646,0.47178912,0.16925691
0.53201824,0.41767204,0.35215965,0.2653478,0.38267192,0.35948145,0.063126706,0.21850176,0.26423752,-0.028394207,0.45927125,-0.026146706,-0.14768837,0.28614485,0.08598259
0.64954937,0.6526877,0.5636901,0.68933785,0.56523967,0.89734304,0.22858456,0.37563294,0.6089018,0.3104849,0.7429244,0.32729232,0.20651951,0.56673074,0.35046282
0.0585884,0.101608165,-0.005855359,0.063630104,-0.030029625,0.14182177,0.0883389,0.053141348,0.28229728,0.06972712,0.3289284,-0.05633545,-0.024042167,0.17440593,-0.030316055
0.039248623,0.12206738,-0.003838636,0.11942838,-0.036021493,0.15275154,0.09524144,0.047057983,0.2628146,0.119352475,0.32123294,-0.023376826,0.011913842,0.14845145,-0.025190134
0.7442664,0.6340071,0.5138441,0.6417389,0.506431,0.73126626,0.14934735,0.3792305,0.5399115,0.21546826,0.6678173,0.26096553,0.12487522,0.52179766,0.28068984
1.0005401,0.8056999,0.66059047,0.796084,0.6573756,0.8637899,0.20487633,0.43211544,0.6867569,0.27436748,0.84578395,0.4391118,0.21891016,0.6615726,0.34250644
0.013798799,0.09654616,0.020204337,-0.012842827,0.042121455,0.14235964,0.051988892,0.030737042,0.15863228,-0.055334948,0.21691856,-0.17678095,-0.19250453,0.06589691,-0.07461265
-0.023623176,0.10491261,-0.044186234,0.07594594,-0.13018286,0.20021453,0.13352627,0.08051336,0.37430388,0.10891321,0.37143302,-0.05290567,-0.035021435,0.17616475,0.013945703
0.12621203,0.20648438,0.034697417,0.22774264,-0.022208534,0.19088155,0.13998404,0.07154837,0.41163957,0.25227508,0.4247973,0.12837334,0.14033948,0.2508173,0.03401434
0.063980214,0.15026471,0.012643779,0.14430672,-0.03270127,0.172936,0.11417645,0.061193377,0.3340093,0.17400193,0.35149592,0.031349856,0.052402757,0.18899459,-0.0010031322
0.23227869,0.324746,0.1709576,0.28963128,0.1549092,0.36098063,0.10544751,0.14987227,0.3925597,0.20161045,0.42805845,0.1142794,0.0865286,0.2959466,0.07060781
0.08342643,0.20761934,0.028373413,0.4045152,-0.09378189,0.47609073,0.36124894,0.1363422,0.80666256,0.4790529,0.70659995,0.32395732,0.3705433,0.539245,0.19713451
0.7002135,0.5041662,0.3449917,0.60077125,0.38424802,0.48427954,0.15423481,0.30201626,0.58317804,0.2827209,0.673827,0.32509923,0.21197219,0.52398545,0.22229019
0.32550746,0.243872,0.18146953,0.15721172,0.2424548,0.18684287,0.031574417,0.13146754,0.22424597,-0.0072868466,0.3619713,-0.057199545,-0.1051247,0.1887038,0.03459294
1.358809,0.9695653,0.774141,0.95692,0.8040529,0.843024,0.2363613,0.52284586,0.8017476,0.2747498,1.0506262,0.4795608,0.13611203,0.81260276,0.35845906
0.10594647,0.18684077,-0.030551229,0.33619034,-0.1441049,0.32320622,0.2748088,0.120856814,0.6696802,0.36433396,0.648617,0.19299953,0.23756212,0.42476833,0.14743933
0.03317651,0.1066949,-0.00051871315,0.084941275,-0.0067489967,0.1448707,0.072278656,0.039915618,0.21100652,0.07677403,0.2743552,-0.06399682,-0.035786334,0.113177925,-0.042050656
-0.024302706,0.12508668,-0.10234176,0.21872959,-0.27192292,0.2683295,0.26667038,0.12605822,0.606982,0.26694852,0.6075411,0.080507405,0.12410773,0.34000218,0.097933054
0.097044475,0.21014652,0.02939141,0.30262718,-0.10692461,0.27461785,0.24525413,0.11731139,0.5855035,0.3450839,0.58082724,0.21641745,0.24425884,0.3749963,0.11859134
-0.046448328,0.16418442,-0.081994936,0.33896077,-0.30540672,0.5041106,0.45199692,0.2134396,0.94198126,0.54106325,0.88657284,0.35116836,0.38194433,0.5852845,0.23331885
0.08175954,0.18047068,0.027865311,0.1656183,-0.009220354,0.22412929,0.13129008,0.06662956,0.38884753,0.23691964,0.38808286,0.10129674,0.12453793,0.23829679,0.0048659793
0.0423751,0.16443436,0.049953066,0.29973683,-0.062023222,0.44961053,0.28681582,0.12196746,0.68697804,0.4158924,0.56895834,0.2831551,0.3179513,0.45751134,0.12467764
-0.054167762,0.119548135,-0.09037782,0.30687493,-0.2663673,0.40926123,0.41194546,0.13927704,0.8398562,0.43039754,0.7581409,0.22905844,0.2863279,0.49110797,0.18521327
0.051007066,0.13964698,-0.06004571,0.2263763,-0.14746243,0.21477297,0.18354438,0.11533571,0.45776165,0.20706251,0.53311414,0.06093806,0.07754058,0.26603878,0.079830974
0.025385432,0.14795598,-0.062427543,0.30269116,-0.20180947,0.35325646,0.3178745,0.13476154,0.71571815,0.39055493,0.68823856,0.23180519,0.27235848,0.45024002,0.16242228
0.08583388,0.20591486,0.031238783,0.2896747,-0.064132735,0.28147635,0.23435989,0.08359417,0.57362306,0.35836476,0.5191233,0.21861358,0.24846783,0.3497759,0.08352193
0.03932309,0.1810444,0.020500991,0.23582572,-0.07685216,0.29685003,0.21068418,0.09690926,0.5373205,0.34223607,0.486351,0.19035369,0.22234201,0.33281544,0.08838402
0.11051862,0.23579769,0.060585506,0.479991,-0.05280511,0.5999714,0.40112284,0.16143939,0.91845393,0.53272074,0.7828807,0.38441804,0.41264778,0.6233833,0.24523745
0.25770253,0.28353897,0.08415591,0.30029643,0.060056742,0.17839855,0.11975695,0.100707486,0.42406696,0.26847723,0.4617532,0.17395243,0.16566001,0.3022701,0.06649639
0.30090737,0.33401316,0.21274874,0.4057975,0.13336879,0.43298346,0.15691242,0.20217237,0.47482938,0.28227344,0.5278181,0.19909075,0.19030891,0.3876522,0.17322701
0.0134088285,0.14618541,0.014649315,-0.009602465,0.0539897,0.18395513,0.03094304,0.035332847,0.16953263,-0.0223291,0.23365644,-0.15932387,-0.1703525,0.08424653,-0.07984343
0.37740734,0.42848253,0.32113886,0.5083465,0.26537824,0.59071994,0.1630228,0.24018356,0.5309354,0.25904748,0.5602219,0.21384443,0.1355244,0.44468424,0.21298937
0.6382142,0.46868473,0.28050807,0.46455243,0.31324002,0.35990056,0.097625874,0.24398068,0.44652778,0.16332921,0.56825286,0.1853472,0.083683245,0.40012747,0.18322973
0.57123244,0.54725087,0.49167195,0.45649037,0.5024522,0.64287376,0.07948993,0.2848247,0.3731103,0.03934805,0.521696,0.031935457,-0.12743446,0.3765859,0.15350686
-0.08282682,0.056844987,-0.13816726,0.035499237,-0.24355829,0.21096477,0.17348629,0.07936348,0.4136604,0.025253851,0.43563217,-0.14750215,-0.15525775,0.16704084,0.00950456
0.08952451,0.19211447,0.047420785,0.19579595,-0.021695323,0.2176377,0.12464985,0.07050286,0.3863184,0.20666045,0.3907631,0.051586423,0.08540893,0.23397672,0.025771944
0.1707468,0.27301508,0.12342061,0.34569997,0.04521033,0.37046915,0.19431214,0.13068342,0.52876675,0.30192915,0.5095981,0.17116834,0.1791096,0.36172673,0.11615911
0.09040412,0.17993176,0.051249377,0.12236066,0.052827,0.25011528,0.08099492,0.067341015,0.30719727,0.12646231,0.32033488,0.031385303,0.03400841,0.19875832,0.012659227
0.63364536,0.4990011,0.3484291,0.5160532,0.35952818,0.43292817,0.11155473,0.27737322,0.48745072,0.20971763,0.60400015,0.2472642,0.1473764,0.4245801,0.19708607
0.0015777424,0.11115239,-0.035013527,0.1012567,-0.117996454,0.17617354,0.14744636,0.060606383,0.3647343,0.12987071,0.37405342,-0.03575672,-0.008446831,0.19203596,-0.0040039057
1.6229532,1.2981244,1.1499935,1.2389221,1.1746575,1.5001439,0.34632033,0.7240397,0.9360441,0.346904,1.2230055,0.6357645,0.23111744,1.0106064,0.5330546
0.33982092,0.2455098,0.17371953,0.1640091,0.23796028,0.15994246,0.045923825,0.11629571,0.22522412,0.0111406185,0.36746204,-0.027011216,-0.086472526,0.19801086,0.017824687
0.47739574,0.46468717,0.35802978,0.51928604,0.3242347,0.56878746,0.14033756,0.252629,0.52624625,0.25787613,0.56168586,0.24009585,0.16110355,0.43605214,0.20436841
0.017622106,0.09755664,0.015650384,-0.0077860802,0.03433946,0.13473769,0.0482949,0.03260579,0.16293155,-0.04652743,0.21757157,-0.17335029,-0.1849709,0.068150416,-0.07126419
0.5142299,0.48240048,0.374315,0.6286184,0.3115589,0.736753,0.25904927,0.30716145,0.7399663,0.4278645,0.7474621,0.39767015,0.32898587,0.62641907,0.3034039
0.61754316,0.63573,0.5298533,0.9724603,0.5030816,1.3149796,0.5063907,0.474541,1.1993508,0.7565569,1.2271956,0.69616985,0.61673903,1.0342128,0.5842942
0.6499284,0.6048439,0.52648276,0.60965645,0.54950345,0.75010824,0.18507378,0.32330334,0.53720343,0.29303125,0.6275702,0.29904503,0.18267348,0.5021887,0.27594593
0.6334349,0.6151854,0.50986475,0.87357616,0.45309484,1.0983679,0.39790425,0.4382816,0.995972,0.59194076,1.0427107,0.5493363,0.4711296,0.88039935,0.5052363
0.3083778,0.36470842,0.22879711,0.3527462,0.19981807,0.38762468,0.10496975,0.1732625,0.40680104,0.21212563,0.44894236,0.14839165,0.10611299,0.3233944,0.12260869
-0.14313059,0.047800772,-0.07549162,-0.07185488,-0.11444558,0.20439038,0.07662898,0.014180984,0.18658033,-0.085107185,0.20173661,-0.23428494,-0.27208176,0.010272674,-0.098328516
1.7420812,1.4171879,1.3037388,1.3655803,1.3254961,1.748423,0.41409343,0.78586274,1.0264049,0.40711725,1.3383856,0.7371088,0.31479076,1.0981342,0.6322236
0.10565246,0.21273963,0.0143647455,0.34122598,-0.06716101,0.4177928,0.28911582,0.13858324,0.74502563,0.4669805,0.66658676,0.3289484,0.3466036,0.47945368,0.17101094
0.053696588,0.20864786,-0.028034393,0.40046382,-0.16246812,0.49046728,0.41900337,0.18545134,0.9193742,0.5618593,0.8576782,0.39283276,0.4217813,0.5911535,0.25292584
0.56019545,0.5501957,0.47411564,0.5887582,0.45611504,0.707067,0.17416354,0.2824971,0.52333635,0.29207036,0.6079314,0.26226026,0.17703858,0.4778364,0.2685998
0.12588146,0.21366774,0.04256952,0.2476508,-0.030038908,0.20763172,0.15825473,0.07514222,0.44386548,0.28011686,0.45154238,0.15616198,0.16897903,0.27428913,0.046333633
0.1255114,0.19184244,-0.0012755655,0.2309519,-0.08269715,0.19963826,0.19308089,0.10483964,0.48986375,0.27753836,0.51166874,0.14086403,0.1569278,0.3117728,0.07909994
0.8227494,0.60239494,0.39520195,0.54659575,0.44036964,0.35525814,0.123190746,0.27551293,0.53719527,0.21035436,0.6821096,0.29763603,0.105681404,0.4814109,0.174399
0.16422144,0.21729203,0.031269822,0.29495713,-0.045044348,0.26023188,0.20580243,0.11787244,0.56238794,0.34911823,0.56452066,0.21298303,0.23487477,0.36009377,0.10644321
-0.07770987,0.07113639,-0.06645814,-0.010014981,-0.096466705,0.15919584,0.06979834,0.045910276,0.19447318,-0.036866874,0.25362474,-0.20544444,-0.21434188,0.046113968,-0.049688097
0.50001156,0.45365465,0.36249164,0.53852737,0.33005956,0.6029552,0.18542922,0.3006543,0.52113914,0.27533486,0.59271926,0.23773938,0.17763732,0.47888786,0.27137804
0.047991507,0.18851751,-0.004615668,0.3607551,-0.15270601,0.4341983,0.34741062,0.16129251,0.7847044,0.45710948,0.7315609,0.30327937,0.33927822,0.51286757,0.20463121
0.53268766,0.4788087,0.29395047,0.4141711,0.33500728,0.3802345,0.0860835,0.2108091,0.4109686,0.20306158,0.50705063,0.21688528,0.10709785,0.36092654,0.13467605
-0.11363828,0.087646626,-0.13473642,0.08001149,-0.28904665,0.27649704,0.25389868,0.13874191,0.56335896,0.1160095,0.52802354,-0.052336812,-0.05562422,0.25609612,0.057822
0.05079516,0.11856519,0.013680855,0.08086035,0.009962454,0.14694677,0.073904276,0.04350401,0.23404701,0.078841,0.28121793,-0.059960246,-0.03865252,0.12349744,-0.03879357
0.07433295,0.19294025,0.017963443,0.2541172,-0.08232689,0.2584326,0.21857983,0.08661893,0.53224,0.3393421,0.4980955,0.19698964,0.22010727,0.32284778,0.072822936
0.23784497,0.31106555,0.14558484,0.51419634,0.062377334,0.61423016,0.3504153,0.18692587,0.87569153,0.5577081,0.7917768,0.4218178,0.4475863,0.63818705,0.2659591
0.25311357,0.3602913,0.21142966,0.56519467,0.21715727,0.77779734,0.37845024,0.25040329,0.9619365,0.6500505,0.84571457,0.56097436,0.55895686,0.7566161,0.33461416
0.15369773,0.24252425,0.16229397,0.38366672,0.10126002,0.55902314,0.29483357,0.17328368,0.6976956,0.4796367,0.61646545,0.3625752,0.3915565,0.5230715,0.20325463
0.36405262,0.3930651,0.28123844,0.41573742,0.26732415,0.4549679,0.11769892,0.20370443,0.43064022,0.23345217,0.46989596,0.1809119,0.1342672,0.3694978,0.16957502
0.14129874,0.25950235,0.1111104,0.32266465,0.048882097,0.36171615,0.19536863,0.1208921,0.53843504,0.35820103,0.5016508,0.23907122,0.2669275,0.3860581,0.12020947
0.03807809,0.21501017,-0.02140506,0.45275807,-0.1570414,0.58110905,0.481896,0.1569775,1.0136111,0.59857345,0.8867665,0.42355952,0.47386685,0.6551068,0.27899432
0.1473922,0.22536586,0.08412297,0.16477077,0.07322438,0.20338437,0.070748694,0.08526272,0.27970564,0.12271889,0.34919372,0.0075006927,0.008355601,0.1890141,0.007720367
0.68597776,0.6191243,0.5296635,0.61776316,0.53452015,0.743857,0.17300668,0.33921766,0.530104,0.25822365,0.63643056,0.30648246,0.17898153,0.50220037,0.26673847
0.18851808,0.2375113,0.054152668,0.23682588,0.012747142,0.16655146,0.13263366,0.082414076,0.40398228,0.24158454,0.43466783,0.13388082,0.13580458,0.26280448,0.037318796
0.30199194,0.33648086,0.21779379,0.4197549,0.15474783,0.44523147,0.16047908,0.19667871,0.48885775,0.2475023,0.51445436,0.16922297,0.14898132,0.37844083,0.17820431
-0.009850457,0.13003016,-0.08192618,0.19667783,-0.23373777,0.25151846,0.25580218,0.109165184,0.56604445,0.2748706,0.5726616,0.097665034,0.13422035,0.33472118,0.08713651
0.035195086,0.15371463,-0.06031861,0.2957903,-0.18171823,0.29676735,0.2731151,0.12141731,0.63908696,0.34818035,0.6432493,0.18347505,0.23069142,0.39628822,0.13687189
0.15076724,0.23187138,0.05023982,0.27304095,-0.020776004,0.22113135,0.17110962,0.08583194,0.47716075,0.30545506,0.47947854,0.18375598,0.19817433,0.30324328,0.06267823
0.14426517,0.24607359,0.1000941,0.29871505,0.021520227,0.3096431,0.17338987,0.10504362,0.47518367,0.26068896,0.45293522,0.13461918,0.13942407,0.3118914,0.07536031
0.20819464,0.2787662,0.16175848,0.45750898,0.12771465,0.59832335,0.2946799,0.21793173,0.780305,0.4963229,0.7024269,0.4029407,0.42725012,0.58911574,0.2553092
0.6394467,0.5180289,0.35056812,0.4749632,0.3835861,0.38781452,0.10772338,0.24780712,0.44185996,0.17970727,0.5752468,0.23568197,0.08637096,0.39994594,0.1533166
0.2907319,0.22088493,0.14968497,0.1447714,0.16346455,0.13915667,0.068953775,0.113699876,0.23915964,0.0059246346,0.3940999,-0.053719275,-0.11809605,0.1947034,-0.0003005499
0.0759787,0.19436467,-0.023481343,0.33783442,-0.1497029,0.3762336,0.32885098,0.14663938,0.74773926,0.46492267,0.7163597,0.31493062,0.3465824,0.49222937,0.18147731
-0.022495925,0.13389657,-0.03294816,0.21835113,-0.2052331,0.32677117,0.25809,0.11054372,0.603254,0.3259825,0.55307126,0.1582188,0.20270139,0.35528994,0.09288429
0.1226418,0.20388614,0.061818756,0.2498306,-0.019852474,0.23857406,0.14834361,0.089267224,0.4264874,0.25648662,0.45796746,0.12592483,0.15497784,0.26605862,0.054819256
0.114368945,0.21633233,0.014594959,0.32020995,-0.06827791,0.34343296,0.27836916,0.123071894,0.65621686,0.43603736,0.6183021,0.29692924,0.33352464,0.43537572,0.13359822
0.06503924,0.22997992,0.022328041,0.4644856,-0.06271286,0.7194625,0.50405276,0.23076648,1.1202464,0.70862603,0.98791665,0.53789395,0.5726865,0.757226,0.3379857
0.62992024,0.62182206,0.5399323,0.614753,0.5629437,0.7825668,0.18002109,0.32948244,0.5238925,0.2727647,0.62560683,0.28256074,0.16497889,0.5004883,0.28119028
0.6151926,0.45789307,0.27268395,0.383485,0.32933813,0.19167931,0.08843964,0.17716038,0.4071799,0.16621193,0.5356633,0.20176649,0.06200563,0.36532602,0.10132708
0.045224495,0.11232402,0.01382277,0.036791347,0.00787051,0.13369676,0.07169618,0.050071627,0.22147292,0.0052403286,0.27481496,-0.1271791,-0.12304887,0.11111054,-0.044507377
0.66871023,0.63754225,0.5639725,0.68414956,0.5897793,0.8447871,0.20619747,0.36822617,0.5692522,0.3335133,0.671196,0.34661642,0.2183124,0.57279885,0.33596796
-0.015115112,0.12531632,-0.03309813,0.1529836,-0.15175864,0.23743589,0.2045434,0.09697175,0.47943062,0.23838323,0.46569204,0.0832483,0.1149552,0.2716443,0.059087656
-0.0531255,0.09491523,-0.033348307,-0.038856722,-0.04278417,0.19316988,0.05574829,0.033466063,0.20299721,-0.046878554,0.23880926,-0.19112943,-0.21604988,0.072129905,-0.067882195
-0.122823715,0.05057191,-0.056804046,-0.12223738,-0.01619099,0.23001331,0.01298686,0.0063508525,0.09722239,-0.18036824,0.17251581,-0.3631842,-0.4081327,-0.033512972,-0.12864845
0.11195023,0.21548723,0.050849743,0.24561584,-0.018918894,0.24579361,0.15982287,0.08792591,0.4535148,0.3014953,0.45239854,0.16420561,0.18573605,0.2910216,0.0501177
0.1026213,0.20625615,0.08267595,0.3319556,-0.011832774,0.40551266,0.23620373,0.13062239,0.62808526,0.3571539,0.55449027,0.2179818,0.25223342,0.41269323,0.14345361
0.07568102,0.2061171,0.011524789,0.2831566,-0.12172879,0.28823858,0.2665853,0.12260223,0.59216267,0.37241173,0.5843221,0.23596577,0.27221403,0.39619,0.11492124
-0.01925993,0.11434048,-0.010443654,0.0042907894,-0.026704133,0.17231439,0.06778779,0.046456248,0.21257699,0.004906796,0.26156557,-0.13747264,-0.14786696,0.08973499,-0.052854653
0.26811832,0.33841926,0.22670785,0.5623003,0.17219345,0.742496,0.37062564,0.23099291,0.8738221,0.5716189,0.79937845,0.4746843,0.4845744,0.6901413,0.31771377
0.049129106,0.18122998,0.026909782,0.2443895,-0.062237784,0.33229002,0.22111756,0.10027816,0.56683636,0.3655939,0.5047372,0.21970017,0.24260917,0.36150202,0.09033607
0.08000493,0.16693479,0.031509645,0.099435285,0.038840063,0.18289652,0.08044302,0.05875261,0.27806342,0.12646517,0.31849483,-0.006337897,0.007756209,0.1671148,-0.026866738
0.310911,0.3193544,0.1728907,0.32227713,0.16050118,0.2934507,0.09694566,0.1544492,0.33851218,0.16239399,0.42551154,0.10414732,0.08303876,0.28539848,0.10968438
0.53495413,0.41737348,0.33300063,0.2812124,0.38355842,0.33730453,0.050107338,0.20911834,0.3022201,0.019893106,0.47359204,0.015291005,-0.09886694,0.29119045,0.086633846
0.09291305,0.28367317,0.049138725,0.52936566,-0.047768854,0.740402,0.5378554,0.23260209,1.1616879,0.71941936,1.0376532,0.56819415,0.59987456,0.7961652,0.35612375
1.6932938,1.442178,1.3634022,1.3862079,1.3640463,1.8724408,0.43956962,0.7736897,1.0929028,0.5011385,1.3843261,0.8182129,0.40914398,1.1337603,0.6853078
0.066060506,0.18951705,0.039175875,0.3519701,-0.08753508,0.41615096,0.30958787,0.12845787,0.71111596,0.42334935,0.6320987,0.26938826,0.3172801,0.46172717,0.16642877
0.014715787,0.15413927,-0.03404434,0.27905655,-0.16029412,0.4270329,0.3174643,0.15952127,0.7643654,0.41759318,0.6817472,0.2676425,0.28890842,0.47801763,0.16430812
0.050822623,0.20398432,-0.05133567,0.38576606,-0.22340512,0.4046525,0.3888233,0.19032134,0.8532637,0.50929976,0.8438603,0.3488927,0.3533625,0.55467653,0.22430822
0.077014506,0.15355632,0.017343163,0.15610601,-0.029715754,0.16429374,0.11018478,0.07030905,0.33441764,0.16351913,0.36291516,0.05129268,0.05768173,0.19503066,0.0033983383
0.37411365,0.26949617,0.14566533,0.34585983,0.0990794,0.17904514,0.14697686,0.17757133,0.43206352,0.14341818,0.5256998,0.087350495,0.048271373,0.31284863,0.08366184
0.09922983,0.19563779,0.0117443185,0.28958866,-0.08044255,0.27677336,0.25736237,0.103771515,0.5940629,0.38296303,0.5855908,0.2398297,0.2761565,0.3891216,0.10651077
0.43628708,0.41718918,0.29437163,0.46449244,0.25210893,0.43820122,0.11021313,0.2286386,0.4771288,0.24830702,0.5322482,0.21958753,0.15171848,0.36659145,0.17402695
0.016936481,0.15286082,0.023601554,0.23871824,-0.083512664,0.36398947,0.24696046,0.10442022,0.597845,0.36913872,0.51522434,0.22982916,0.26226744,0.3851557,0.09652987
1.6383965,1.38618,1.4132904,1.5671557,1.4008297,2.1718085,0.49609908,0.84742045,1.3233163,0.75582546,1.5086981,0.99445415,0.6228199,1.3743355,0.8380633
0.066654414,0.19148326,-0.0048211627,0.3147774,-0.1403987,0.322296,0.30506605,0.109496765,0.6858299,0.40426174,0.6360892,0.25494826,0.29113194,0.42548668,0.13516816
0.06182534,0.18963069,-0.019502878,0.33124584,-0.16134012,0.36292666,0.31903717,0.15526578,0.73561364,0.44446632,0.71012104,0.29665002,0.31701136,0.47406864,0.17832111
0.082995206,0.14605397,-0.0040004626,0.18330792,-0.0722916,0.18498757,0.15614341,0.0858448,0.42887557,0.21353897,0.452295,0.07695076,0.09105692,0.26944995,0.060150046
0.3772411,0.36523038,0.18633795,0.3635678,0.18347594,0.28949064,0.10473146,0.15993679,0.42990607,0.24104065,0.4722256,0.22022094,0.16751598,0.3264168,0.10428476
0.41955107,0.38271248,0.24459079,0.41606814,0.20870078,0.41287366,0.12218982,0.22211346,0.4341256,0.21151608,0.50207007,0.16189373,0.12850143,0.36554047,0.18349877
0.2620539,0.31592894,0.15819806,0.5298736,0.08754498,0.61198556,0.35637268,0.25955856,0.84087676,0.53640246,0.8368084,0.42672262,0.43463328,0.6330271,0.30698416
0.022417005,0.18565683,0.010677664,0.42607883,-0.13197109,0.65062225,0.45581385,0.20434906,1.0338557,0.5849639,0.8655395,0.43477356,0.47169042,0.6731489,0.26269987
0.4395887,0.4234982,0.37772352,0.5452704,0.3447471,0.6515757,0.2239588,0.27844512,0.54422814,0.33251348,0.6145736,0.2972217,0.2430981,0.50075567,0.2974794
0.7256171,0.63491577,0.48689377,0.5891571,0.48957008,0.6153935,0.16670397,0.31132656,0.46590698,0.23384771,0.6487434,0.27240017,0.106080145,0.49422485,0.21427818
0.08548026,0.18044251,-0.02650379,0.33534843,-0.13343796,0.34697878,0.31626993,0.13037315,0.71868324,0.42616174,0.7000381,0.27370688,0.31288654,0.46806955,0.16865483
0.1904412,0.2871752,0.117173314,0.3091185,0.071284436,0.30900696,0.1394732,0.1254079,0.44862127,0.26702082,0.44492805,0.16487835,0.15907015,0.3102697,0.08725695
0.6042854,0.44860375,0.29488686,0.35129136,0.3533533,0.23521395,0.07117342,0.19089863,0.3726281,0.12233396,0.51578456,0.14367329,0.010595126,0.33920893,0.105406106
1.9044158,1.6110588,1.5145876,1.5124999,1.5492498,2.0825582,0.47674426,0.87128735,1.162271,0.49912328,1.4629672,0.86926734,0.3676851,1.2008992,0.7136699
0.13731548,0.25455946,0.10982069,0.3567496,0.05255217,0.40015757,0.23769268,0.12683888,0.6066328,0.41590613,0.5455584,0.2981526,0.3219471,0.43966356,0.14719754
0.4883724,0.47799695,0.37080595,0.52017814,0.33903754,0.5716827,0.13690835,0.25931537,0.5134307,0.2683019,0.5724437,0.24207559,0.17088988,0.4397779,0.23802403
0.18560553,0.23249282,0.01609017,0.3438917,-0.10580422,0.26946527,0.24892923,0.1283615,0.6410876,0.36135477,0.63966393,0.21173099,0.22454745,0.40257376,0.14033033
0.09945402,0.21055888,0.018225772,0.29305056,-0.10894023,0.2738132,0.2514626,0.11426929,0.5874607,0.35344896,0.5744457,0.23017967,0.26239598,0.3821664,0.11023311
0.22650087,0.28760013,0.1509905,0.37506145,0.08156865,0.38686827,0.18612291,0.14295639,0.53553355,0.29557762,0.5037029,0.19679686,0.18749717,0.37061906,0.1204232
-0.0050430074,0.13136664,-0.0061682314,-0.024908647,0.027189698,0.21211603,0.03917236,0.02949059,0.16337523,-0.03706582,0.24949786,-0.16950354,-0.19769606,0.06607331,-0.07434167
0.8607669,0.78926784,0.75519735,0.8910262,0.7859055,1.1899647,0.27849302,0.4758721,0.73633695,0.42823815,0.8474928,0.48292837,0.31096122,0.7549441,0.45475712
0.07430941,0.2010447,0.0045814253,0.3539617,-0.10329686,0.43336606,0.32863352,0.1377312,0.77749014,0.47071898,0.7089647,0.3281828,0.3539431,0.508775,0.18850952
-0.054848984,0.10729128,-0.07683546,0.05072557,-0.16338605,0.16127512,0.10210998,0.06495703,0.27476296,0.07634257,0.33202168,-0.1145718,-0.10631819,0.109575994,-0.019367274
0.6054938,0.5906287,0.49512076,0.5991731,0.4748355,0.7491754,0.16997689,0.34561837,0.530495,0.23438218,0.6371037,0.2566403,0.14517745,0.49890587,0.29213086
1.1197779,1.0120257,1.019202,1.343333,1.0464036,1.826318,0.51025367,0.6725005,1.2713948,0.8385651,1.3452529,0.88775927,0.6855873,1.286708,0.77113837
0.117912315,0.23036619,0.03850211,0.26915288,-0.030913286,0.2596779,0.19278067,0.09222241,0.5026443,0.34286433,0.48129416,0.21468668,0.23559986,0.3271766,0.06937572
-0.049172573,0.086141706,-0.06684683,0.054659292,-0.1396654,0.19366771,0.10878577,0.065427765,0.31392646,0.05845472,0.33369714,-0.115331404,-0.09864725,0.131771,-0.0049661547
0.60805434,0.56204206,0.48201165,0.6019357,0.44692624,0.7158109,0.1690481,0.31422877,0.5331902,0.26545787,0.63395846,0.23505051,0.15508407,0.47420052,0.29468885
0.15473962,0.23158772,0.091392085,0.29621768,-0.00053699315,0.30140004,0.15139401,0.13052824,0.43325078,0.23316872,0.47076625,0.12677753,0.1516063,0.29171258,0.10069533
0.27753496,0.3487867,0.2408841,0.45176762,0.19024894,0.5218488,0.19141354,0.1836052,0.558125,0.2964313,0.53505284,0.19784833,0.16346689,0.4244522,0.1803306
0.08761969,0.20199504,0.009399569,0.33984625,-0.12548669,0.31871378,0.2963964,0.09998102,0.6824992,0.4031523,0.63526934,0.24572928,0.27744642,0.42496705,0.13301434
0.22032936,0.25014096,0.17172378,0.41781163,0.079199634,0.50517285,0.24230829,0.22321528,0.61668706,0.3361668,0.6049673,0.24283445,0.2512266,0.4634779,0.23231313
0.12953176,0.21099156,0.022140995,0.26871857,-0.031576253,0.29512727,0.18910535,0.102939695,0.5726301,0.33822805,0.53293866,0.2036524,0.22501081,0.36323982,0.09821254
0.0808876,0.21041115,0.022370275,0.32721192,-0.11266816,0.31972212,0.29402944,0.122564204,0.6616207,0.421347,0.6416692,0.2820652,0.31811965,0.43557158,0.14295658
0.09546797,0.20347741,-0.007980548,0.32470128,-0.11695522,0.35357472,0.2947267,0.13546899,0.70679677,0.44683614,0.66856086,0.3002253,0.33123043,0.45735484,0.1604498
0.061640967,0.17418016,-0.016444981,0.33670127,-0.14719388,0.39263847,0.32914418,0.15655965,0.73847073,0.46613196,0.71376336,0.3078649,0.35446885,0.49264008,0.17434853
0.5811159,0.5261666,0.3848599,0.4914947,0.39962965,0.52371013,0.11476557,0.2647969,0.4483297,0.19730172,0.5426491,0.24002455,0.1188325,0.40157953,0.17441927
-0.029721625,0.08549797,-0.036699474,0.035465848,-0.08506997,0.1433188,0.06242001,0.047600433,0.19678319,0.015543956,0.26262814,-0.16742703,-0.15340663,0.057974987,-0.052876037
0.065828376,0.15990531,0.053339355,0.072022825,0.062503695,0.18444933,0.051408507,0.060012348,0.21900116,0.037905153,0.26474094,-0.10175865,-0.10405587,0.11567293,-0.037516646
0.5238272,0.50732744,0.40289322,0.6024645,0.36392432,0.6781868,0.18368262,0.31939483,0.6021403,0.31439903,0.684317,0.29476777,0.22444099,0.51900506,0.32672343
0.97451603,0.7603818,0.54827195,0.72770673,0.587776,0.60676014,0.19578037,0.34774482,0.6219085,0.2537783,0.7790136,0.45116138,0.18149789,0.5948911,0.23559295
-0.018816866,0.11490936,-0.0006509051,0.18127999,-0.14261638,0.29697478,0.2122707,0.07991244,0.5307795,0.24266449,0.4463851,0.07970181,0.11136329,0.31013328,0.03483598
-0.07717806,0.0839852,-0.09003061,0.019665007,-0.1613793,0.18341488,0.11396904,0.06535302,0.29444388,0.024317745,0.3226108,-0.15616572,-0.1528398,0.108877376,-0.017472332
0.014995303,0.16121505,-0.028937686,0.24331242,-0.18870237,0.28886175,0.27463362,0.12208728,0.60375005,0.36671957,0.5861357,0.21182428,0.24276245,0.37181783,0.114277154
0.31672534,0.3060208,0.14713773,0.30298203,0.13009152,0.21377368,0.08090871,0.14473501,0.37223268,0.19660103,0.4671172,0.12062796,0.107523054,0.28172547,0.08727394
0.09774777,0.22034977,0.06248425,0.34727174,-0.035728797,0.41212738,0.2996383,0.13224699,0.69418335,0.46439138,0.64269906,0.32084423,0.36186844,0.4761673,0.17669688
-0.019352645,0.1365675,-0.063572995,0.18063311,-0.2123245,0.2551501,0.23572111,0.11948359,0.53948045,0.2575357,0.54154015,0.08926335,0.11530207,0.30201834,0.08935037
0.059009634,0.16201371,0.004906958,0.19192746,-0.07879135,0.20757283,0.1916073,0.06707165,0.44834048,0.2522174,0.44501078,0.097126216,0.12815215,0.26615736,0.03244232
0.11397077,0.21602489,0.019940514,0.30029443,-0.071878806,0.30289766,0.25418764,0.110491924,0.59592724,0.39807,0.5685984,0.26064095,0.29904944,0.39394066,0.116406545
0.43643126,0.43413132,0.34523997,0.61951596,0.2827838,0.7442503,0.2866711,0.29005426,0.7689284,0.45895782,0.7667903,0.40805832,0.39269498,0.65236986,0.31538817
0.03401814,0.21707158,-0.024297524,0.42358568,-0.17821342,0.53785205,0.4530418,0.19905134,0.95528954,0.5813088,0.91950643,0.42542756,0.45034364,0.6476296,0.27135256
0.53304446,0.50098926,0.40488452,0.5582778,0.3785395,0.63158536,0.15813121,0.2771991,0.5474787,0.28162646,0.5967216,0.26869544,0.18133579,0.47045124,0.22915444
0.07762847,0.21123664,0.043155514,0.29075462,-0.034447208,0.3287698,0.237227,0.1013996,0.5802234,0.40570277,0.52416986,0.26312298,0.3013195,0.38831112,0.11144626
0.45514497,0.38643664,0.18535876,0.36026075,0.21266414,0.17366521,0.084597625,0.14067718,0.39712787,0.2085076,0.47120702,0.20226632,0.12484273,0.3098982,0.085689515
0.074110426,0.17854552,0.036422413,0.16168404,-0.017111674,0.20201807,0.11554825,0.07736654,0.36488557,0.19257122,0.37201977,0.035840232,0.059798352,0.2115137,0.01641498
-0.06521511,0.07886715,-0.07001191,0.037533514,-0.12933266,0.14309916,0.09796545,0.06187227,0.21565513,0.0072828904,0.29284614,-0.16611852,-0.1511885,0.076920725,-0.049146935
0.09718322,0.21170776,0.02571588,0.36026165,-0.053841397,0.4272516,0.29829466,0.123714894,0.73543364,0.45896733,0.64584035,0.32214078,0.35007876,0.4838733,0.1656262
0.0526736,0.17624709,-0.019186549,0.25499344,-0.15148816,0.290591,0.26446286,0.11478722,0.6103253,0.3731364,0.5865722,0.21681042,0.24442326,0.37880287,0.11657758
0.005605854,0.117212415,-0.05944003,0.16139638,-0.15615375,0.21676683,0.19209702,0.06400041,0.46439886,0.22868112,0.46474147,0.056037586,0.09716648,0.27010125,0.037123233
-0.051299505,0.075807355,-0.023549553,0.019599237,-0.07833505,0.19566888,0.09828429,0.06259002,0.28994757,0.039538354,0.29625243,-0.10550495,-0.10344529,0.12955663,-0.039925516
0.041561227,0.17988756,-0.044593804,0.3553553,-0.19461814,0.3826602,0.3614988,0.14172629,0.7835054,0.44610435,0.750931,0.2884289,0.32599664,0.50482285,0.18844125
-0.033266,0.12692156,-0.0014282838,-0.026292592,0.025869574,0.19362378,0.043389294,0.02852672,0.17495054,-0.044852853,0.22581926,-0.18217143,-0.20677197,0.067321554,-0.08598243
0.002462007,0.13122243,-0.04241933,0.17987132,-0.16073972,0.20001015,0.1785699,0.08165915,0.43450493,0.23490247,0.459257,0.06662368,0.09882425,0.24281985,0.048026152
1.3740463,1.2372624,1.1308993,1.1473458,1.1694456,1.5766433,0.34122056,0.6573583,0.8992381,0.38621664,1.1255049,0.6236471,0.2627449,0.91643584,0.5136783
0.003933847,0.16431817,-0.10962825,0.3186818,-0.27569494,0.37907782,0.36881825,0.17286827,0.80834454,0.44405392,0.8060605,0.27076608,0.29132932,0.50412595,0.20810193
0.07270594,0.2425815,0.021392968,0.4005839,-0.1189041,0.4569577,0.3859087,0.1629322,0.8126186,0.54290116,0.7958337,0.39192837,0.42727613,0.5586566,0.22075208
0.47730866,0.35039443,0.22130692,0.3163531,0.25822568,0.17621298,0.075930335,0.15858978,0.37390852,0.13836956,0.46947986,0.11774118,0.04001284,0.3010757,0.08355515
0.17471673,0.25096822,0.14442167,0.15818939,0.16587067,0.29407492,0.039931413,0.10567975,0.2040984,0.03257459,0.3028571,-0.041119542,-0.08507259,0.1623336,0.0072036893
0.1740104,0.27581567,0.10011807,0.30172175,0.043680705,0.30605486,0.15478222,0.121630006,0.46548438,0.28264812,0.46354747,0.17421192,0.17665856,0.31545955,0.08878335
0.8100322,0.6169169,0.42727283,0.5605395,0.4848142,0.45538637,0.13247997,0.2929018,0.5286921,0.20969588,0.68448734,0.3165757,0.10420984,0.49078873,0.184481
0.00378301,0.11370664,0.0075076483,0.032339025,0.015585341,0.16607219,0.06314324,0.035158645,0.2158521,0.044390287,0.2553119,-0.08486757,-0.073459014,0.10976007,-0.06644645
-0.05966997,0.13754249,-0.089552276,0.17893502,-0.26132867,0.30620793,0.2905492,0.1548903,0.6262619,0.27062243,0.6040673,0.09703997,0.10962522,0.34245023,0.11328398
0.09725278,0.219315,0.03649377,0.26592028,-0.03877428,0.27302653,0.19269589,0.09590394,0.5157553,0.35404533,0.48280203,0.21584564,0.2330885,0.3287969,0.07859388
0.11361723,0.22399634,0.04777635,0.26841345,-0.02996543,0.24542834,0.18113174,0.08252479,0.4965964,0.32338658,0.47309214,0.20449714,0.21987255,0.3105362,0.059626512
1.4327095,1.2721733,1.2950743,1.4880055,1.3465947,2.0733318,0.4919429,0.7680267,1.2672706,0.7860784,1.4231497,0.9756361,0.6700943,1.3270509,0.8096299
0.7804736,0.7424512,0.6739259,0.75698924,0.7080482,1.0076545,0.23468235,0.4246626,0.62229383,0.33558157,0.7495048,0.3884676,0.22862178,0.6305971,0.36354455
0.10265422,0.22842933,0.059709273,0.27691513,-0.03185367,0.27383202,0.19140796,0.08166443,0.51110476,0.32200924,0.48609656,0.18006852,0.20390794,0.3071369,0.0685657
0.2780596,0.3369609,0.22597426,0.4090153,0.17798895,0.44707942,0.16474617,0.16266008,0.50376266,0.30259478,0.5056057,0.21158238,0.20275936,0.38422197,0.15926833
1.6264963,1.3776172,1.392536,1.470516,1.4603683,2.0673673,0.47986066,0.82307565,1.1728486,0.636734,1.4075792,0.8940765,0.51639384,1.2330397,0.76512086
0.466335,0.42887038,0.32243538,0.4989492,0.3358021,0.53890586,0.16370116,0.25512475,0.56550103,0.3259588,0.5785783,0.31843096,0.24306494,0.46215382,0.20803684
0.0754393,0.14493452,0.0060820803,0.14778239,-0.06409928,0.15171681,0.09394995,0.07148898,0.27070433,0.09647284,0.37158704,-0.035829656,-0.015929464,0.1447291,-0.0055323504
1.4411442,1.2445252,1.2588985,1.390658,1.350141,1.926577,0.4708684,0.7851688,1.0938438,0.6751133,1.3058271,0.8592121,0.5544996,1.2090724,0.7564363
0.008691691,0.116123855,-0.021254025,0.08789763,-0.0785525,0.16382684,0.10283171,0.05237243,0.28997898,0.118294746,0.32377076,-0.04477146,-0.019456655,0.14632234,-0.013071928
0.31696928,0.402941,0.24468786,0.6498,0.20613526,0.88283753,0.38941133,0.30134535,1.0044533,0.61373246,0.944673,0.50173897,0.4880785,0.7858014,0.38547465
0.87435156,0.8327102,0.7304819,0.7623548,0.7677703,1.0298159,0.21478139,0.42571515,0.63703245,0.297304,0.76586944,0.39312148,0.18830097,0.61977494,0.34548885
0.03846452,0.12998039,0.03380025,0.016666308,0.061091967,0.18567705,0.017580695,0.044169553,0.15730175,-0.02521833,0.22594395,-0.16284211,-0.16409457,0.08083783,-0.06596883
0.12011671,0.21194375,0.073094286,0.19155848,0.04409913,0.2280454,0.091204315,0.08257607,0.31828773,0.17432567,0.3699484,0.055958223,0.06408505,0.21413182,0.025828619
0.13280103,0.2373436,0.078913994,0.29305124,0.013503447,0.3069275,0.19099206,0.11421554,0.50663173,0.31674314,0.5041709,0.17399584,0.19545633,0.3321124,0.0805468
0.09577143,0.20847103,0.02900032,0.28619972,-0.06604318,0.28463843,0.23235813,0.09361294,0.56465733,0.3490268,0.5225724,0.21315949,0.24377076,0.3514709,0.0910857
0.2242734,0.30168784,0.15026477,0.33246452,0.090956934,0.3455547,0.14798011,0.13229972,0.46824998,0.25676355,0.4700716,0.16264538,0.14877899,0.32613993,0.097689465
0.605494,0.42368823,0.27498537,0.43902725,0.31561297,0.2743059,0.101730876,0.21066123,0.46501446,0.17962465,0.5559855,0.20718592,0.09029326,0.38617462,0.14873478
0.8170617,0.64399266,0.51507574,0.6473465,0.5156449,0.62530005,0.15201098,0.36787808,0.5489409,0.20898613,0.70535487,0.2766435,0.10760966,0.5385777,0.24102853
-0.081073314,0.08488588,-0.07670667,0.03912741,-0.18238547,0.20678416,0.13573979,0.072717234,0.34423167,0.07452694,0.35181534,-0.10104193,-0.08655444,0.14210035,-0.011118559
0.0063729584,0.17081091,-0.014127716,0.27226326,-0.15135175,0.38882208,0.28669935,0.14156908,0.66442996,0.38954878,0.636514,0.23249681,0.27870914,0.42624402,0.16111349
0.6793523,0.65325606,0.61689836,0.9089862,0.6510402,1.2821652,0.39202574,0.46194655,1.0424737,0.6607061,1.0408194,0.67606586,0.565483,0.94172347,0.5374539
0.2809729,0.3041466,0.14338961,0.33314237,0.10274433,0.28929564,0.12892948,0.14004362,0.4579084,0.26702824,0.47553593,0.20196794,0.18505447,0.32289463,0.09632489
0.5880118,0.5497055,0.46574372,0.55627036,0.48614115,0.68615603,0.15724403,0.30288953,0.51095206,0.26504853,0.59824663,0.2872526,0.18146372,0.47219503,0.24038187
0.1082229,0.22311153,0.011665216,0.34978378,-0.07681224,0.39674833,0.30613703,0.13301352,0.7332372,0.47568613,0.6734477,0.3343135,0.37052426,0.48523808,0.17538531
0.3697859,0.31960216,0.05953172,0.43033168,0.035613626,0.2677529,0.23136894,0.160508,0.6578403,0.34606308,0.67717695,0.26262298,0.243041,0.4598257,0.1624417
0.17539637,0.2765804,0.10273643,0.2974204,0.047051128,0.29302987,0.1413327,0.11687093,0.4483682,0.26687548,0.4461347,0.15991901,0.15806116,0.3020854,0.08251271
-0.0068122223,0.1421141,0.011683036,0.23187706,-0.10424423,0.38896513,0.25354692,0.105964534,0.6009767,0.35160917,0.5403683,0.21360701,0.25723583,0.39345032,0.11086863
0.056933977,0.16407874,0.0104222745,0.16139933,-0.062253073,0.18851396,0.14371765,0.06361749,0.38526553,0.21399513,0.38845068,0.061052464,0.09037494,0.21965708,0.011668696
0.032772247,0.12188707,-0.03542407,0.18163994,-0.10054663,0.19359815,0.14000751,0.07567298,0.3847282,0.17815551,0.42853057,0.028631087,0.07609972,0.22528404,0.023302231
0.47588053,0.52317095,0.4224323,0.55681586,0.41222388,0.7125428,0.1551542,0.2937991,0.48634183,0.22227636,0.57411724,0.18890703,0.08242765,0.44287956,0.24575625
0.9777871,0.8415519,0.755193,0.8390552,0.7694357,1.0637223,0.24334067,0.47913677,0.7064071,0.344674,0.8576214,0.47626138,0.26846388,0.70225644,0.41035366
0.5560317,0.5247486,0.40238503,0.51966995,0.38687477,0.589504,0.12230241,0.2920373,0.4680671,0.19906285,0.5571429,0.21957843,0.115099445,0.42065445,0.21411881
0.79894334,0.7515712,0.61108416,0.7042422,0.6237682,0.86784065,0.2012261,0.37508482,0.62382203,0.31054327,0.7552956,0.3950705,0.22520599,0.59083176,0.31917796
0.021959003,0.1819872,-0.10808582,0.40463904,-0.2568905,0.48931962,0.46200755,0.20878558,0.99813354,0.5455226,0.947517,0.37344477,0.38432318,0.61656415,0.27965167
0.30057386,0.38159978,0.2638759,0.50765985,0.20101832,0.6204754,0.21191442,0.21071006,0.62243086,0.33554038,0.6063993,0.25048396,0.2166795,0.49302217,0.22898701
0.05908655,0.18350698,0.005709585,0.3469466,-0.16680871,0.3614033,0.32586923,0.16230458,0.69484586,0.41483593,0.6933635,0.27441552,0.31104782,0.46039844,0.16356726
0.7289323,0.74364537,0.6630251,0.7302762,0.67673796,0.97782457,0.20145734,0.407148,0.5881579,0.3098994,0.72008723,0.34794053,0.18075448,0.5880805,0.33806512
0.3014241,0.29696095,0.10303698,0.27522522,0.10172027,0.14619103,0.09321155,0.095525205,0.37025768,0.20621127,0.430223,0.14582007,0.11745225,0.26822746,0.050559435
0.33010212,0.36143172,0.24124423,0.4565737,0.18103948,0.50002,0.1788476,0.2235644,0.5204276,0.26222828,0.56110454,0.18377635,0.15782852,0.41475642,0.20453109
0.14898129,0.15291192,0.08408047,0.01836184,0.12515448,0.13096723,0.03141238,0.061301917,0.1498736,-0.06041278,0.25984335,-0.14258225,-0.1735749,0.09904451,-0.040185273
0.112039715,0.2209058,0.01161254,0.3212088,-0.07173392,0.33895358,0.2655089,0.11966803,0.6590864,0.43620598,0.6139802,0.29239532,0.32957825,0.4325408,0.13732825
0.1988906,0.30711496,0.16643578,0.3686845,0.093575716,0.4133297,0.17155047,0.14610252,0.5055971,0.26211894,0.50841916,0.15128961,0.13759209,0.3532556,0.13275868
0.2966193,0.32583445,0.20782954,0.42205,0.1565867,0.43617705,0.1792348,0.18727459,0.5260433,0.31811184,0.5339919,0.24765521,0.23855126,0.41224727,0.18363185
0.29817474,0.3514402,0.21132049,0.398081,0.17917442,0.4014926,0.1348035,0.17794652,0.48285556,0.278215,0.4891088,0.2036694,0.17515697,0.37046942,0.14691971
0.08130031,0.19566432,0.028574977,0.28403288,-0.09844294,0.25750375,0.23144567,0.098267905,0.56514525,0.3526979,0.5496608,0.21951711,0.23917355,0.34732822,0.09554285
0.07169106,0.2097494,0.00010200776,0.3482605,-0.1472007,0.32949427,0.3332151,0.105380036,0.720835,0.42641863,0.6771258,0.27467757,0.31803086,0.4573537,0.14610001
0.2562224,0.30034664,0.12867467,0.32997292,0.091167964,0.2932572,0.14177185,0.13252884,0.4748972,0.3065799,0.47637612,0.23440748,0.22172187,0.33388948,0.08762081
0.7675313,0.7186399,0.65093446,0.7243099,0.6700566,0.95988464,0.20229812,0.40384746,0.59641194,0.31957883,0.72731787,0.37486997,0.22374295,0.5974237,0.3512039
1.4133687,1.2189369,1.2036324,1.2416012,1.1939622,1.7266904,0.3798204,0.7369051,0.9912554,0.50534564,1.1786811,0.6879007,0.370857,1.036273,0.62439907
0.06578356,0.14207381,0.035458673,0.11741806,0.005020976,0.16908595,0.093738295,0.043468513,0.26883605,0.14350176,0.3356641,0.0013999157,0.025755914,0.16045189,-0.014444301
0.61086184,0.61754125,0.5378727,0.6236051,0.58207124,0.82823575,0.17240451,0.345509,0.5504096,0.3003088,0.64325,0.33161315,0.20640641,0.5405209,0.30704504
-0.080090314,0.10858141,-0.025107991,-0.032993563,-0.057400256,0.23029277,0.064482234,0.029910596,0.19803974,-0.021470733,0.24730638,-0.17029254,-0.1923103,0.0637818,-0.08419247
0.6432817,0.6362583,0.54650235,0.59261626,0.53940284,0.77987564,0.13083746,0.3554864,0.47948998,0.17863518,0.6162943,0.2241619,0.06323136,0.48512623,0.25823456
0.14679465,0.24136694,0.13023224,0.182473,0.12704709,0.26856777,0.046066124,0.11311995,0.24556457,0.053412933,0.29824176,-0.06442611,-0.09223524,0.1688965,0.019612378
0.7217804,0.72047484,0.62125766,0.6806187,0.66264975,0.91538453,0.17675398,0.38721043,0.5686625,0.27662385,0.69011253,0.3330031,0.1632465,0.5537473,0.3120874
0.90051454,0.5898023,0.48321614,0.50715786,0.56357837,0.46502537,0.103858255,0.31397676,0.4881342,0.0777236,0.6957028,0.15218394,-0.06898858,0.4600606,0.16158953
-0.06459032,0.092167124,-0.11340364,0.1443069,-0.29220292,0.25834665,0.23685786,0.11246608,0.55615073,0.18628603,0.5339309,-0.008835417,0.019056242,0.27729583,0.052528244
0.8118379,0.73754764,0.6771347,0.7877128,0.6310496,1.0402926,0.22541876,0.44395798,0.7136998,0.33830872,0.82894826,0.38896093,0.22380126,0.6565379,0.41088432
0.10618502,0.23054564,0.08398497,0.1671387,0.04230593,0.25573936,0.074355595,0.08317377,0.30272487,0.14589599,0.3584379,-0.008330827,-0.002030477,0.17496401,0.004243107
0.04394374,0.1803568,0.007194979,0.30328977,-0.1348358,0.36785904,0.31012365,0.12777501,0.67788196,0.4186621,0.6311557,0.26335242,0.30255735,0.43384054,0.15217845
0.23159854,0.20358667,0.11586239,0.20167568,0.11318727,0.14534444,0.07008243,0.115166105,0.26014048,0.08180259,0.39160287,0.0027307207,-0.042567942,0.18633819,-0.0123593565
0.06222304,0.18900838,-0.0082466975,0.3076483,-0.15541631,0.3065449,0.285402,0.13597271,0.6601842,0.40535983,0.6486322,0.25593486,0.27981836,0.4192592,0.15203424
0.09567291,0.22309096,0.014771983,0.3859371,-0.07001512,0.49538866,0.36464214,0.16269629,0.84916896,0.54260683,0.7686687,0.39858285,0.42562547,0.5674753,0.23145324
0.27063265,0.2818216,0.032069266,0.43311673,-0.023750864,0.3686212,0.29325712,0.161585,0.76368934,0.42903823,0.74967456,0.30117097,0.31884995,0.5035829,0.19245413
0.43111813,0.39070934,0.239606,0.3617618,0.22987355,0.25610954,0.08807598,0.19283025,0.36461633,0.16098133,0.4873466,0.13222396,0.055306703,0.31813028,0.11831626
0.67411727,0.55178916,0.40346545,0.57007515,0.4251454,0.5964345,0.15296282,0.32965714,0.5485599,0.2598669,0.64383423,0.28570282,0.206865,0.5216411,0.26162097
-0.054801002,0.08647565,-0.07220572,0.051002655,-0.14588133,0.17913933,0.10814973,0.05384852,0.29483277,0.07045404,0.31866065,-0.11985124,-0.100804135,0.13092846,-0.018825509
0.12209868,0.22426996,0.054760564,0.23259303,-0.0035689622,0.23131907,0.13579284,0.084819525,0.4094556,0.25438124,0.41378015,0.12819648,0.14020476,0.26423898,0.04150557
0.008576199,0.1028859,-0.049406692,0.08899977,-0.1151889,0.18152674,0.12562399,0.06520996,0.37072974,0.12147377,0.38220805,-0.028531473,-0.001141537,0.20130807,0.011199594
0.092621386,0.2121029,0.021172356,0.28584945,-0.06957027,0.28284568,0.24379629,0.08921177,0.5704187,0.37761396,0.53010505,0.23134507,0.26689133,0.36328015,0.09017435
0.058115162,0.13409714,0.018484343,0.06887788,0.016472891,0.14881176,0.07117588,0.05429908,0.23845641,0.06842249,0.29160184,-0.06636429,-0.05146187,0.13327494,-0.032483604
0.7569663,0.7508264,0.5940169,0.61042684,0.58408016,0.7853135,0.1587452,0.308572,0.5034801,0.21885687,0.66649437,0.28880495,0.10965173,0.51333123,0.23298246
0.08246621,0.20049185,0.05437003,0.368331,-0.049827285,0.50009876,0.35967886,0.1659134,0.7784281,0.5081263,0.7133431,0.3581208,0.4080153,0.53558636,0.21563447
0.1637224,0.2439057,0.12454068,0.29513308,0.07604428,0.33225814,0.15124747,0.13230693,0.46245682,0.2573084,0.4657892,0.15348573,0.16093211,0.33816397,0.09310894
0.9118044,0.7488989,0.60802054,0.7936574,0.6155659,0.8994285,0.24673289,0.4520151,0.73214155,0.3688088,0.8800801,0.4421732,0.2885142,0.71143997,0.3790577
-0.08456956,0.08154559,-0.033414774,-0.092101134,0.007644035,0.21217126,0.02040499,0.016847754,0.1073033,-0.123477586,0.18209687,-0.29545873,-0.33428213,-0.0048710704,-0.11085276
0.1459545,0.27576953,0.14611763,0.48237464,0.028445773,0.6470884,0.35705137,0.18915859,0.823143,0.4624157,0.74681026,0.340693,0.3620318,0.5704529,0.25529596
0.06843844,0.20086476,0.02987204,0.24956736,-0.044372253,0.27122283,0.19263463,0.06907104,0.48911178,0.30820075,0.44163197,0.16083199,0.18539953,0.29309553,0.050278015
0.0069527626,0.16656455,-0.01738076,0.35493234,-0.16212796,0.5418074,0.39057302,0.18151562,0.91669923,0.5058401,0.78611636,0.35692775,0.37954703,0.5866096,0.21647425
-0.01932042,0.12708586,-0.07899222,0.2553786,-0.19878668,0.40692735,0.32942265,0.15096527,0.7615591,0.3952517,0.6986429,0.21835995,0.2572364,0.45789453,0.16254066
0.1603224,0.21963368,0.014026832,0.29494652,-0.07901108,0.235456,0.22296353,0.11299558,0.5703969,0.3408317,0.5804426,0.21172781,0.22324228,0.36194193,0.11124542
0.03793652,0.12565741,0.011826178,0.095403366,-0.023783945,0.16242197,0.097330846,0.040307857,0.2904776,0.11345435,0.31279746,-0.030486915,-0.011755183,0.15140548,-0.02710449
-0.018078782,0.08129505,-0.027162824,0.028600097,-0.069144964,0.1715143,0.08167818,0.048737273,0.26755846,0.011954054,0.28402042,-0.1418745,-0.14115836,0.13241921,-0.050901525
0.019837558,0.11622693,-0.013906963,0.075705215,-0.06362702,0.15061271,0.10577232,0.05749347,0.2878653,0.09292431,0.32385126,-0.05176814,-0.036719497,0.14411698,-0.016051045
0.16975683,0.22127089,0.056253485,0.33243594,-0.054733954,0.31208345,0.22052215,0.15114427,0.5967501,0.33447385,0.60941464,0.21021256,0.23467295,0.39170736,0.14230321
0.31228578,0.35701376,0.2387895,0.39937544,0.22038835,0.4272924,0.12985651,0.18532853,0.44236207,0.24700645,0.4636523,0.17986701,0.14735325,0.36649615,0.15670958
0.014180437,0.14841388,-0.006884072,0.1327058,-0.10984108,0.2203551,0.14824022,0.068473816,0.4066342,0.20608717,0.3944221,0.033442482,0.06791869,0.22487557,0.021809977
0.023407407,0.14358276,0.020370228,0.21718857,-0.06693305,0.33764523,0.21299057,0.103528775,0.5389345,0.33098918,0.4761154,0.1783719,0.21217278,0.33442992,0.07427277
0.6367031,0.6291417,0.55968624,0.66884685,0.58483547,0.88395286,0.19608498,0.34520453,0.6011432,0.32711932,0.6719324,0.34380898,0.21967505,0.56610537,0.32964498
0.023698956,0.16045493,-0.04169149,0.2415357,-0.18896505,0.29336816,0.27645117,0.13443604,0.6247642,0.3479512,0.61096305,0.1859909,0.21361195,0.37773722,0.13057528
-0.05288595,0.08570789,-0.092507996,0.12878624,-0.2096881,0.2506206,0.1683513,0.10330212,0.45870876,0.16386619,0.46563262,-0.021718234,0.0023822095,0.2266163,0.052685294
-0.0033063218,0.16977187,-0.088211715,0.37610415,-0.24912074,0.5099273,0.4647109,0.21106131,0.98996544,0.54609466,0.90367055,0.3633794,0.38577577,0.60730827,0.26488537
0.17010754,0.25841576,0.06951399,0.32253382,0.015900787,0.27841863,0.20370199,0.11017735,0.5260497,0.36224788,0.51707727,0.24181928,0.2712633,0.36535552,0.114708394
1.3683522,1.1703814,1.1384685,1.1751087,1.1928717,1.63343,0.3895987,0.68264085,0.9466227,0.49265203,1.1545604,0.70138294,0.39649716,0.9852004,0.607497
-0.0074693933,0.12058316,-0.019085739,0.07866199,-0.08772282,0.19772176,0.11769305,0.06194818,0.33173364,0.13391793,0.34277004,-0.026837707,-0.0051229447,0.1715306,-0.006951349
0.048520707,0.20752364,-0.013857745,0.36151552,-0.18440872,0.34993967,0.37486753,0.11377001,0.7664304,0.4399968,0.7176736,0.28956822,0.33080128,0.48546165,0.16056113
1.2046535,0.99378043,0.88006955,0.9577821,0.9033681,1.1733521,0.28708816,0.52821815,0.7573748,0.32570252,0.9658574,0.5099771,0.23987983,0.7755499,0.42230374
0.188816,0.29732162,0.098076455,0.49088323,0.0737647,0.6313188,0.39087355,0.21697216,0.95071113,0.6157568,0.86865467,0.4981607,0.51024896,0.6734209,0.30425724
0.63502955,0.5810763,0.5725343,0.7578335,0.56659377,1.0090842,0.27603796,0.3828715,0.6921501,0.39354387,0.76020974,0.41045415,0.30675748,0.67210853,0.4031963
0.8803487,0.83729535,0.75195813,0.8049439,0.778932,1.0825447,0.23186292,0.45576435,0.6482229,0.31892577,0.7908896,0.39887574,0.20723404,0.64560616,0.38652122
0.07312225,0.1557816,0.026200444,0.10785809,0.012953728,0.17223106,0.08190775,0.052085817,0.2763542,0.12769046,0.31694004,-0.011933378,0.006719228,0.15798126,-0.023030054
0.23414932,0.2967443,0.13119766,0.3468811,0.029150821,0.32220468,0.170578,0.14084786,0.49596292,0.25620523,0.5233854,0.16379663,0.16116047,0.32753053,0.12739405
0.03673671,0.18450376,0.0116924215,0.14864188,-0.04230187,0.27544057,0.15407062,0.07325423,0.44028836,0.2600765,0.41426927,0.111443944,0.12557928,0.26189315,0.011901331
-0.07486734,0.10341401,-0.07649843,0.078844294,-0.2049376,0.2332027,0.1933023,0.097130656,0.45124584,0.15239917,0.4340794,-0.018453602,-0.0036662184,0.21220674,0.029156383
0.17105207,0.24790877,0.14963663,0.33270139,0.079199135,0.41417557,0.20654929,0.1467853,0.5188249,0.32538962,0.5042606,0.21731907,0.22524431,0.3823703,0.146839
0.37811875,0.36535525,0.23596317,0.40994352,0.2325029,0.42515424,0.12869678,0.19869438,0.4780786,0.25516665,0.4951858,0.22816059,0.17861614,0.37011862,0.13810137
0.23123306,0.31033123,0.15285212,0.50168556,0.09982552,0.6631683,0.36373863,0.23941527,0.90712756,0.56498,0.8451835,0.4529999,0.48146665,0.66228056,0.3138417
-0.0058529377,0.104422376,-0.013458502,0.014319092,-0.043959863,0.14470705,0.08751248,0.052720852,0.23316075,0.008367799,0.28267103,-0.13843921,-0.14612179,0.104928344,-0.04536628
0.58403134,0.5051345,0.3217733,0.6484655,0.30102232,0.6391083,0.2652329,0.3305031,0.82616514,0.46557456,0.8655181,0.47055182,0.38902834,0.647488,0.35164213
0.06989339,0.20531744,0.032189883,0.30208313,-0.0900248,0.32612574,0.2765224,0.09195234,0.61749214,0.3817906,0.55055165,0.22315179,0.26034075,0.38835102,0.09899472
0.102552965,0.20587328,0.03146676,0.229855,-0.033012107,0.22411436,0.17155243,0.0768421,0.45546317,0.294676,0.44325262,0.16361521,0.18488376,0.28734672,0.043971922
0.046829313,0.19668987,-0.020888705,0.3927608,-0.1448452,0.57085645,0.42661774,0.20427433,0.9683624,0.57901496,0.86541665,0.41840664,0.44843364,0.6282177,0.2605852
0.02652198,0.15792821,0.008121455,0.22955483,-0.10252537,0.28370255,0.20351729,0.09071921,0.50874263,0.31075996,0.4854939,0.16063537,0.19374903,0.31447908,0.0820404
0.49575534,0.46597558,0.37464216,0.579682,0.30132374,0.63688934,0.19800052,0.2911234,0.6220091,0.30364257,0.6662311,0.2634753,0.1806785,0.50743556,0.23041959
0.2781122,0.3210963,0.19241673,0.42305169,0.12156904,0.4600373,0.19900185,0.19912207,0.55629367,0.31432408,0.57681775,0.21783835,0.21044071,0.41165105,0.19015819
0.020504307,0.17246494,-0.03718096,0.3410492,-0.19267854,0.46742746,0.3883038,0.18388186,0.84734446,0.5035426,0.7926932,0.34555775,0.376326,0.5594015,0.21354131
0.19889922,0.17316154,0.06232005,0.19002217,0.047398333,0.17705718,0.0584352,0.08642165,0.34598207,0.1502114,0.411426,0.02766877,0.047929034,0.2450824,0.043128707
0.18055952,0.24960762,0.1544649,0.42265528,0.10122305,0.54937136,0.27846193,0.17501,0.71338075,0.46257028,0.63793826,0.36315906,0.39746502,0.53126013,0.20663935
0.70241594,0.65184134,0.54996186,0.619547,0.5748277,0.7761353,0.1712563,0.34742987,0.54478467,0.26434234,0.6471435,0.31927282,0.17501593,0.5115372,0.26489472
0.13487893,0.22590108,0.072107546,0.21658787,0.02974565,0.2248343,0.1106205,0.096229926,0.36561555,0.20017734,0.3899994,0.06823988,0.08117792,0.23958577,0.034797214
0.15894952,0.18396994,0.05777692,0.16667339,0.050466657,0.15528071,0.07601918,0.07983816,0.30439466,0.14260189,0.36648875,0.021019805,0.039332096,0.20227024,0.012706734
-0.036888607,0.103527084,-0.06661651,0.11197892,-0.17005004,0.25639808,0.16986597,0.102646306,0.4679646,0.16239062,0.44202477,-0.0070574144,0.017999023,0.23212966,0.050505508
1.3413663,1.1820766,1.0607601,1.0900491,1.0876702,1.4435806,0.34248918,0.6167131,0.8426727,0.37360033,1.0798143,0.6159607,0.27205804,0.8794347,0.48145682
0.8972101,0.83473724,0.8023332,0.97243625,0.8321187,1.3142595,0.31272116,0.48412287,0.87598556,0.53768414,0.9710326,0.6053548,0.43760857,0.87224257,0.52421355
0.7792144,0.6579967,0.47250026,0.57169634,0.55195796,0.6077926,0.1330168,0.28761762,0.50986934,0.2164351,0.6496472,0.30279285,0.1070687,0.5021148,0.20437114
-0.044450484,0.10460722,-0.06794464,0.08836535,-0.17313816,0.18327567,0.1466698,0.07806215,0.36386722,0.116509415,0.38903916,-0.054987997,-0.03522188,0.17000198,0.0066787573
0.82694846,0.7250369,0.70322514,0.88428843,0.7215848,1.1407794,0.31253487,0.4995978,0.7763933,0.4584468,0.88973427,0.47530118,0.32165912,0.76517975,0.48980266
0.1062396,0.22447942,0.042696077,0.36013347,-0.038783416,0.4018554,0.2926923,0.11593569,0.6970089,0.4566136,0.61986953,0.31238163,0.35356548,0.46714967,0.15984313
0.9197845,0.7366906,0.5939193,0.7243687,0.6027036,0.7656294,0.18486705,0.39480168,0.61690867,0.25786456,0.75806874,0.38474384,0.18831705,0.60296834,0.29301533
0.08539191,0.16336323,-0.015117001,0.2467216,-0.08004749,0.3408626,0.24573973,0.12692085,0.6447151,0.3411746,0.59709364,0.21129817,0.2342893,0.3953831,0.13224863
0.31314042,0.31124806,0.13600618,0.35633364,0.09416494,0.2689952,0.1268338,0.15622434,0.4341733,0.23493746,0.48009872,0.15486795,0.15657604,0.32654026,0.12707467
0.066249214,0.10887974,0.041980047,0.01246196,0.07952931,0.1484347,0.035642717,0.052815385,0.11583606,-0.061398834,0.22996974,-0.17641336,-0.19637476,0.059751734,-0.06731051
0.70345134,0.5721692,0.44644904,0.57170826,0.47801277,0.582999,0.13385321,0.3113649,0.52095956,0.2342309,0.624543,0.30641755,0.16286139,0.47966814,0.21023741
1.0232478,0.81342864,0.64279884,0.7491513,0.6828375,0.7712376,0.19202945,0.41477853,0.64124954,0.2341327,0.83585054,0.37154377,0.10555084,0.6297761,0.27932698
0.16186179,0.24276844,0.07968319,0.30541718,-0.0054729357,0.32650912,0.18207055,0.13614848,0.5211636,0.30113074,0.5191019,0.18712787,0.20570901,0.3465971,0.11690642
0.0035031736,0.14994806,0.016373485,-0.012683414,0.049599044,0.19607678,0.037186507,0.035053,0.18051878,-0.017527461,0.24088839,-0.1494903,-0.16792047,0.08760202,-0.081556246
0.459823,0.45192558,0.3579563,0.47124383,0.35492995,0.53872705,0.12867273,0.24232803,0.46459925,0.2519947,0.5246563,0.2334112,0.16459197,0.40636998,0.20180012
0.27037704,0.3220254,0.20429677,0.3708085,0.17132121,0.37986377,0.1491099,0.15983832,0.4710366,0.27297765,0.4756359,0.17707138,0.17057234,0.3485798,0.1488362
0.7217376,0.68578243,0.6208979,0.7106816,0.63895303,0.9305662,0.19810787,0.4041475,0.5890255,0.32879642,0.7102358,0.37619463,0.23678635,0.6066463,0.36432752
-0.020800121,0.10263744,-0.017073862,0.06027813,-0.07955699,0.19845249,0.11567791,0.054086298,0.32311344,0.11762047,0.33222336,-0.026989542,-0.011144105,0.16191831,-0.01673684
0.06030165,0.17650974,0.026727093,0.24328351,-0.065461665,0.2950422,0.200582,0.113409705,0.52539665,0.33190867,0.49365503,0.17249668,0.19860107,0.32599652,0.082887635
0.26320642,0.2515496,0.09274121,0.24199563,0.08319704,0.15013501,0.09679145,0.09033628,0.37386382,0.1720022,0.42840487,0.07831386,0.06946015,0.2583958,0.04887395
0.12611918,0.1956501,0.00058232807,0.26466244,-0.1352225,0.20615542,0.21601701,0.11934437,0.5324084,0.27870548,0.5749554,0.1559669,0.14698575,0.32942843,0.09500305
0.121570826,0.20964766,0.0673058,0.1908545,0.03005353,0.20643415,0.10024954,0.08727862,0.3457961,0.17858443,0.3620085,0.036747288,0.051266987,0.21342292,0.023722596
0.047131613,0.20611508,-0.026063818,0.47699672,-0.15234488,0.64244485,0.5015172,0.18289977,1.1057936,0.62725437,0.93972623,0.46191376,0.4990993,0.70815516,0.30764627
0.020824306,0.16311422,-0.028315302,0.24580199,-0.17532754,0.32180047,0.27522868,0.13293967,0.63504833,0.3690305,0.60344243,0.20736417,0.24070723,0.3898129,0.13023044
0.2378679,0.27076483,0.12072621,0.36977974,0.0055649616,0.35862678,0.19980524,0.16091183,0.5481286,0.29300985,0.55966663,0.18445848,0.19862346,0.37611333,0.1442605
-0.007162519,0.108273335,-0.029726818,0.09569621,-0.085247934,0.16470814,0.09745556,0.051704165,0.24131139,0.04488875,0.31064144,-0.12004607,-0.10127166,0.10463494,-0.04081372
0.07540339,0.1340311,0.026813205,0.06721909,0.03719881,0.13676399,0.06301979,0.05108323,0.2213703,0.053110067,0.27945483,-0.07520274,-0.06092653,0.12289522,-0.037450068
0.15316981,0.2719183,0.16304725,0.3902643,0.08904607,0.48453268,0.22448988,0.1351502,0.58784366,0.32276112,0.5281494,0.18890685,0.18324646,0.41464975,0.13353924
-0.06985858,0.10096617,0.011563649,-0.19458207,0.11006981,0.3127827,-0.016093211,-0.008698907,0.08216465,-0.23489404,0.17416853,-0.39570475,-0.4883299,-0.019741416,-0.17501065
0.10481198,0.23243578,0.13745958,0.3725679,0.07003261,0.601135,0.33751583,0.15646207,0.76661664,0.5443526,0.65958923,0.4227406,0.4517445,0.57171524,0.20456204
0.5270413,0.44962436,0.34370813,0.5630079,0.32811534,0.60914135,0.20709968,0.2933935,0.6780569,0.37478173,0.71780175,0.3818304,0.32495508,0.55743504,0.2574124
0.4195269,0.4059326,0.2881965,0.4055602,0.26323313,0.39362678,0.093036264,0.19225277,0.4036609,0.2135005,0.4754606,0.18366176,0.13801189,0.34184456,0.1492004
1.1490021,0.96205723,0.91181225,1.0451789,0.9376698,1.3726982,0.33052695,0.6236767,0.91620845,0.52301455,1.100154,0.6385751,0.43594888,0.93443835,0.5796638
-0.027674198,0.10534853,-0.040564477,0.028261155,-0.09364411,0.16956592,0.09915095,0.06423815,0.28691572,0.045318946,0.30542308,-0.112434946,-0.11483519,0.11880915,-0.021399047
0.37508184,0.3172192,0.13506219,0.26327,0.1399422,0.09577828,0.083043516,0.11126206,0.34778887,0.15159556,0.44818306,0.10399422,0.049671747,0.27301687,0.058879476
0.82635456,0.729015,0.65230614,0.7374854,0.66853565,0.9132272,0.20825653,0.4044696,0.6202162,0.3336162,0.76565623,0.43365127,0.27683607,0.6272042,0.3540375
-0.009789571,0.10919786,-0.0240409,0.020208914,-0.048190534,0.15753922,0.056890152,0.045747124,0.20835634,0.031126622,0.2614386,-0.13122384,-0.12078804,0.091039255,-0.04703939
-0.046853475,0.06639841,-0.046315856,-0.005934112,-0.06000875,0.13785431,0.058142506,0.042712383,0.15037945,-0.055234343,0.24713539,-0.20522343,-0.20676006,0.04059664,-0.069175035
0.51283467,0.3519497,0.2251046,0.24285886,0.27716273,0.14268225,0.08411511,0.17214966,0.34210348,0.047173016,0.49549007,0.0330675,-0.08680704,0.3051657,0.07978141
0.06907505,0.18118837,0.038367737,0.2658059,-0.060739532,0.32450035,0.1875527,0.089856386,0.5027365,0.26898992,0.46769488,0.11567617,0.15143037,0.3090888,0.08520068
0.1816596,0.29464132,0.12487995,0.24968514,0.107088946,0.3145806,0.10273141,0.12709764,0.38669467,0.2027846,0.4074254,0.090935536,0.07680756,0.26742586,0.04574752
