Transactions,Entities,PointsAdjust,Envergure,Generated_Var_2,Generated_Var_4,Generated_Var_6,Effort
0.14816234,0.38401866,0.2831037,0.53810287,0.7153504,0.325775,0.69794023,0.17395438
0.3037216,0.14515778,0.32478258,0.5811816,0.55064046,0.36332008,0.5087529,0.23110843
0.108214736,0.1402558,0.15188795,0.4565858,0.87575,0.11519438,0.8523372,0.06593841
0.13846038,0.21449625,0.20225942,0.23675823,0.7320575,0.38755947,0.7501758,0.073529005
0.13191052,0.36486843,0.27102214,0.7533396,0.9455985,0.20757736,0.9319529,0.1904863
0.068718605,0.0391117,0.082137264,0.5033356,0.81941795,0.15478376,0.8998592,0.06698592
0.2955983,0.8336093,0.58321977,0.5418509,0.2410773,0.70037055,0.27228388,0.5682361
0.40505284,0.36616623,0.45157874,0.90840346,0.3776134,0.5719061,0.39756626,0.5945338
0.15986343,0.34687522,0.28772783,0.77551657,0.93005943,0.20855781,0.94383746,0.18714204
0.07124293,0.14165679,0.13002303,0.29510227,0.5628393,0.46563682,0.5297415,0.046439257
0.14879389,0.20519456,0.20857267,0.27320242,0.8207211,0.22498196,0.8150314,0.09962635
0.1635187,0.20754424,0.20217691,0.6614441,0.65146315,0.3397839,0.58328325,0.10188934
0.119439304,0.26713952,0.20555374,0.42233953,0.6122827,0.47924626,0.6158046,0.07719539
0.14058505,0.20931652,0.20703298,0.42486477,0.555478,0.47786394,0.46580753,0.08517401
0.13742946,0.29857963,0.22166185,0.77593064,0.8595883,0.23914613,0.8244421,0.18816392
0.16452691,0.32200342,0.25166547,0.89534813,0.6672335,0.45156115,0.67256886,0.27255058
0.16047232,0.3389292,0.26218238,0.73430014,0.61988276,0.39293256,0.5788773,0.25344825
0.29295093,0.2135586,0.32289723,0.63702285,0.38476574,0.560107,0.29685822,0.16207613
0.130506,0.30541927,0.23917829,0.68243015,0.7238862,0.35646275,0.72112,0.15570317
0.38606712,-0.06215018,0.31665832,0.62747836,0.46374264,0.47945055,0.36392823,0.19938819
0.17650892,0.30331862,0.2844621,0.60509974,0.966479,0.16460666,0.9508072,0.13572887
0.15950422,0.3862354,0.28854644,0.7999878,0.8083088,0.30240712,0.7934521,0.23927337
0.07119276,0.28405604,0.18972124,0.19955395,0.58266467,0.48220864,0.6240248,0.033217665
0.008370977,0.4388261,0.1978051,0.07355564,0.41789687,0.55789524,0.44612175,-0.04704717
0.10488834,0.34210154,0.22043346,0.34695727,0.73415744,0.34127644,0.7983229,0.08597925
0.1541341,0.21721861,0.21221562,-0.15195867,0.3751997,0.58982605,0.32599717,-0.025239311
0.16611071,0.3486261,0.25727883,0.52293277,0.89630383,0.21171269,0.77035874,0.014259897
0.31644896,0.29448256,0.39359367,0.6692276,0.9944424,0.29085678,0.9873988,0.17432687
0.079514176,0.1236058,0.1254899,0.4568113,0.6040951,0.42836475,0.5551158,0.07889965
0.06973804,0.3356949,0.20773236,0.31166795,0.48731163,0.5354366,0.5171774,0.025147106
0.17106533,0.2000787,0.24501756,0.51973194,0.8263097,0.31880027,0.8396046,0.114703745
0.1641243,0.24279492,0.26245904,0.61712104,0.81292135,0.3793015,0.9001286,0.12508835
0.02470825,0.013564758,0.05915048,0.37449867,0.78831196,0.18334661,0.8762128,0.061408695
0.13029309,0.36817682,0.24642098,0.7684823,0.6460104,0.43047673,0.6895016,0.21369028
0.12415074,0.025913656,0.15130869,0.6051396,0.67410475,0.1358045,0.6539939,0.07844071
0.3209953,0.542265,0.4783579,0.67060834,0.31058645,0.6761807,0.32552198,0.593074
0.1699257,0.3537962,0.26459518,0.82391214,0.6373154,0.34761912,0.6210042,0.26690757
0.1296686,0.2578679,0.2152311,0.5177421,0.82738847,0.16902235,0.7871773,0.08823407
0.025827685,-0.00243254,0.054421034,0.30173394,0.72854,0.14247268,0.82183045,0.0042183027
0.023991583,-0.067858174,0.033112414,0.3370046,0.68112284,0.16317609,0.8423756,0.015181348
0.11472641,0.2401747,0.1909239,0.45764208,0.6559312,0.35352337,0.5988264,0.07047157
0.32536831,0.33701685,0.39489362,0.46706006,1.0114305,0.24902445,0.96733683,0.09203945
0.1418903,0.38161698,0.254087,0.91816545,0.6547904,0.40317556,0.68409485,0.27668136
0.06628846,0.47437137,0.24905394,0.32099408,0.4525705,0.54289615,0.44681817,0.036552344
0.38456535,0.31623745,0.42580128,0.8934943,0.3508065,0.63155884,0.39808816,0.58064723
0.20607683,0.11981039,0.22834367,0.41590977,0.6236349,0.31879634,0.5449077,0.08722964
0.30711997,0.5040206,0.44896552,0.8079747,0.23459649,0.74690527,0.13852483,0.261148
0.117955,0.4362218,0.27501997,0.7201977,0.60794485,0.47047564,0.6391988,0.2070325
0.15658951,0.24677089,0.22506411,0.8711499,0.753686,0.28107062,0.7515664,0.24170884
0.2078581,0.6881157,0.41840497,0.63456774,0.37109184,0.6197794,0.37656048,0.3711335
0.10789156,0.35611317,0.21732819,0.747979,0.80366796,0.2833049,0.77940285,0.18193065
0.15969269,0.33136794,0.27586398,0.7283018,0.6832896,0.24341965,0.66885895,0.25660586
0.20846072,0.40564367,0.32922637,0.89445716,0.69274515,0.35576835,0.70047915,0.35442957
0.22473097,0.35426864,0.3335898,0.77770066,0.6585567,0.29775438,0.6584153,0.35206464
0.142567,0.23860873,0.23066887,0.43330228,0.89939445,0.15010603,0.8746116,0.074494526
0.2683127,0.5342196,0.42278808,0.8454324,0.33215252,0.6129694,0.35728022,0.41069284
0.13926163,0.33109134,0.25708523,0.7256862,0.88385904,0.18065925,0.87272495,0.19519526
0.13639295,0.3161332,0.22993757,0.73538435,0.8808108,0.18168065,0.8552119,0.16793928
0.255418,0.8660642,0.5650109,0.46669742,0.27600533,0.68434966,0.27495432,0.4674519
0.12371041,0.11618453,0.1555823,0.56906676,0.88930005,0.12241816,0.88422424,0.07890023
0.16226928,0.35667068,0.2798878,0.70702964,0.5106058,0.5136552,0.49930695,0.31374127
0.14064594,0.31800807,0.23831894,0.59589595,0.8092927,0.2402759,0.7795111,0.13857557
0.2128629,0.4512346,0.34636194,0.48783013,0.39761204,0.58934635,0.35992184,0.24773848
0.21520619,0.16226174,0.27077863,0.40682438,0.74743026,0.26186252,0.61547273,0.0062331557
0.24154395,0.23473626,0.31851244,0.61953515,0.8738261,0.34071672,0.74030334,0.021537397
0.23616335,0.4940143,0.37028232,0.69557625,0.41354004,0.56227577,0.39593983,0.38137123
0.19403379,0.29046655,0.29497188,0.6125065,0.9632795,0.18617521,0.9444205,0.13664016
0.29829407,0.4161182,0.38937145,0.8841819,0.45967367,0.528726,0.47477144,0.49999854
0.105145745,0.30172688,0.216546,-0.07015906,0.38538212,0.5906657,0.33741713,-0.004869759
0.14151527,0.26525038,0.20906694,0.5834321,0.9104441,0.22630313,0.8433954,0.09681626
0.21306969,0.30129123,0.28349227,0.85804164,0.4877861,0.49020797,0.48232028,0.35756153
0.4197801,0.3732294,0.49830177,0.6047607,0.21636324,0.67421865,0.2509334,0.5688296
0.13169314,0.24177341,0.20815492,0.4546392,0.8300962,0.21443309,0.8065021,0.08687335
0.16428459,0.25314045,0.21853516,0.5883577,0.42009473,0.5841247,0.3629331,0.08390461
0.124803305,0.21623495,0.18780477,0.26397747,0.59464574,0.33245707,0.5326754,0.01569482
0.22005305,0.3072314,0.2978151,0.8530384,0.4727787,0.50528777,0.502009,0.36201867
0.10143223,0.1442551,0.13431834,0.53400004,0.6781818,0.35947224,0.65394515,0.07677825
0.11731614,0.24530458,0.20221171,0.7959444,0.75174206,0.35583296,0.7894676,0.16362192
0.36192045,0.06978418,0.4120587,0.5760959,0.4956702,0.35524467,0.5703695,0.30475023
0.14237723,0.18976791,0.19787452,0.468913,0.8830529,0.18889697,0.9251765,0.10628706
0.23482904,0.45355317,0.36202744,0.53744,0.3866507,0.59911805,0.37338865,0.3897068
0.31876302,0.2792123,0.3654583,0.5441451,0.35223052,0.5854194,0.30773705,0.31565365
0.12069361,0.26884514,0.20644917,0.8114826,0.7791621,0.3292131,0.7630525,0.16683887
0.25007927,0.34564415,0.2959684,0.87170386,0.47779047,0.43450326,0.42700154,0.34482586
0.16094883,0.28640997,0.25508806,0.53601193,0.9418233,0.15039518,0.90389323,0.10988496
0.22889736,0.19492993,0.29380843,0.7079073,0.96490705,0.23818992,1.0046942,0.19305544
0.16383193,0.27303645,0.253479,0.34612572,0.9341108,0.15802024,0.93926805,0.008175287
0.13163492,0.14853719,0.16630997,0.48230034,0.7258051,0.3757495,0.6154647,0.029905196
0.06601743,0.23304757,0.1502807,0.22763741,0.522423,0.46467593,0.47784507,0.039304372
0.17271821,0.16786557,0.2040285,0.14388365,0.45701227,0.50184715,0.38398907,0.032392237
0.20711848,0.18357962,0.28364062,0.48698756,0.61831814,0.25844824,0.6067244,0.16575074
0.09920082,0.16273299,0.16154878,0.26357377,0.59791046,0.48141629,0.57121485,0.06789118
0.20192017,0.25214785,0.28705662,0.59115624,0.91074306,0.21352637,0.90841025,0.12554419
0.189672,0.08619019,0.20808235,0.20949589,0.51271594,0.5564776,0.41037706,0.024505999
0.121050924,0.33843747,0.24899113,0.7245192,0.87430465,0.22450535,0.83442044,0.16091852
0.058514588,-0.017346881,0.047988266,0.38269886,0.72126186,0.1892536,0.87111855,0.062692195
0.16964844,0.30549026,0.27211615,0.69259167,0.9155953,0.21636489,0.94034785,0.16421463
0.19157639,0.18085492,0.25328547,0.56478876,0.8340448,0.34241086,0.88695514,0.10734008
0.28316364,0.54094845,0.44527668,0.6204903,0.31123,0.6238451,0.31690708,0.52265173
0.12557667,0.23212421,0.21384202,0.6164966,0.82139677,0.1284571,0.7487168,0.12210773
0.22087286,0.7720789,0.48778075,0.6664877,0.32215902,0.64429367,0.3723577,0.40261698
0.11916062,0.16317314,0.17827235,0.5442557,0.91210645,0.13882944,0.90377176,0.09900239
0.11183083,0.47427875,0.2850347,0.6203834,0.7539771,0.42542818,0.8233953,0.12131871
0.122281834,0.39642888,0.2715967,0.6277234,0.84556115,0.2332564,0.8586373,0.16800228
0.20451257,0.2176719,0.25510633,0.60891503,0.6460715,0.39268482,0.5809751,0.15278886
0.13058318,0.27091503,0.19535477,0.6436832,0.9041373,0.22528048,0.8203341,0.09479825
0.44072002,0.6628322,0.624572,0.64324045,0.13670737,0.72347856,0.19921133,0.71191275
0.0751605,0.1244576,0.12593749,0.37526062,0.842508,0.1473043,0.8887872,0.049891625
0.07841698,0.12638663,0.12481277,0.2699374,0.5617022,0.48520505,0.5068173,0.032678563
0.066469505,0.6647433,0.3398513,0.467908,0.42879185,0.5150185,0.43294197,0.1859031
0.14869364,0.28941327,0.24246582,0.6054927,0.88987267,0.18263617,0.88573724,0.118668124
0.1881437,0.4582417,0.3233158,0.33526015,0.36311185,0.57545096,0.3209648,0.19291689
0.10035904,0.19820938,0.1642045,0.17043425,0.47550073,0.50545084,0.4217258,0.009127904
0.14105557,0.2837286,0.23718128,0.59230554,0.7337449,0.36629817,0.7422959,0.13492523
0.24870685,0.21835697,0.28446957,0.5863757,0.47452682,0.5169303,0.42400223,0.21716732
0.12639637,0.09482135,0.15791194,0.4534818,0.8602163,0.18688135,0.9355965,0.111210644
0.19997528,0.17157982,0.25358525,0.4954016,0.83828706,0.31742254,0.8030044,0.09776208
0.11298181,0.16769092,0.1671642,0.61729544,0.9086324,0.11126481,0.90081453,0.09953377
0.13350813,0.42259666,0.26624498,0.5553538,0.5107968,0.5218626,0.4700183,0.23250356
0.11391322,0.24540189,0.19292758,0.3230304,0.59990245,0.40333802,0.5580719,0.05271939
0.20745254,0.24835087,0.27729654,0.48509824,0.80725247,0.28452045,0.67702675,0.014970135
0.19961403,0.20219783,0.28343758,0.59118634,0.94732714,0.18202648,0.9835864,0.16476426
0.18753834,0.4681404,0.3297493,0.87339914,0.545822,0.481884,0.5595278,0.3578851
0.1889911,0.60759664,0.3970189,0.4751778,0.3437562,0.56517637,0.32094353,0.29842752
0.10941853,0.22025004,0.18044177,0.6991093,0.7485827,0.36169672,0.778578,0.14227088
0.32862094,0.25187027,0.3475833,0.6936753,0.4040381,0.57170355,0.36850962,0.38323945
0.20552853,0.23765817,0.27150607,0.39539263,0.91972697,0.1843161,0.89164734,0.10004775
0.042225458,0.11478078,0.10167608,0.47380543,0.7970213,0.11078481,0.8081579,0.058761414
0.15624644,0.6482323,0.39152256,0.41426826,0.37658873,0.6273237,0.3442354,0.16655383
0.3524735,0.65579283,0.54388714,0.77441347,0.33457357,0.65429425,0.3622213,0.62327397
0.12139268,0.25962937,0.20986679,0.6870902,0.99743944,0.110041425,0.9681422,0.12983492
0.13019824,0.19313064,0.19264975,0.6514141,0.7857378,0.31878382,0.7134438,0.06821056
0.17892203,0.40486693,0.3184719,0.8547457,0.67541766,0.39705783,0.674404,0.30896682
0.46636006,0.26163846,0.5061593,0.56302035,0.32012597,0.6350651,0.34377867,0.4423746
0.17909116,0.3440142,0.2784656,0.38011956,0.4430298,0.5395563,0.39752537,0.19291517
0.41392824,0.2610721,0.44541913,0.7219869,0.39965004,0.5806898,0.40746677,0.4798701
0.09855929,0.3344431,0.21649817,0.69908524,0.65137917,0.4302791,0.68398213,0.17150702
0.22372879,0.1477066,0.22793111,0.68248063,0.5885539,0.41181487,0.51925874,0.17245726
0.1101487,0.12660886,0.15166877,0.44787648,0.81841373,0.1280151,0.79876745,0.033094328
0.19265084,0.27065742,0.27648643,0.26721913,0.40625378,0.5632979,0.3534532,0.16645709
0.11724657,0.28149265,0.2033264,0.69875765,0.8925493,0.15269418,0.81140774,0.12905766
0.16856985,0.30286992,0.27418968,0.7083246,0.8950337,0.22719511,0.920123,0.17000575
0.14470705,0.21664174,0.22517127,0.55554485,0.7615924,0.17510498,0.7419851,0.09999581
0.25020385,0.43735516,0.37164655,0.7189241,0.4268475,0.57974523,0.4267888,0.42554936
0.058369875,0.34963998,0.19190574,0.23923454,0.48708653,0.4994996,0.42542,0.03416357
0.15616794,0.20599142,0.2363522,0.651117,0.9610704,0.1477533,0.9792008,0.12883747
0.11324392,0.27316725,0.1983286,0.3267686,0.73611724,0.30429468,0.7592298,0.06202295
0.18860982,0.17361432,0.22291628,0.3951876,0.55302197,0.44704488,0.45859078,0.0766699
0.10318203,0.16215903,0.16892378,0.51288754,0.9244641,0.14578325,0.9572963,0.1130739
0.16212814,0.26626197,0.23912682,0.5164465,0.91630423,0.18316615,0.89156055,0.12238121
0.122417375,0.1529558,0.183792,0.569882,0.8863441,0.1550683,0.89293516,0.12425114
0.15961565,0.24491222,0.23930624,0.41624668,0.8156617,0.33656454,0.83150303,0.11720459
0.11404382,0.22328104,0.18769413,0.66212726,0.5830922,0.4331048,0.5562352,0.20613562
0.1514989,0.34396565,0.27164885,0.6620633,0.767518,0.28686038,0.7055924,0.13253878
0.10402588,0.51521116,0.28629133,0.6183764,0.66564775,0.43814543,0.71327686,0.15452754
0.1300017,0.19839448,0.19087894,0.29960763,0.73820204,0.3747963,0.7273005,0.09984948
0.11712052,0.24136539,0.19319998,0.51381266,0.80472225,0.2610306,0.80321854,0.08866078
0.1527292,0.27645814,0.22679625,0.50767475,0.8863801,0.21126013,0.7709308,0.07243645
0.5471705,0.23416829,0.55904305,1.1181079,0.094236895,0.87727237,-0.024590123,0.48825398
0.07779384,0.14736082,0.14999996,0.37294108,0.8355415,0.100410655,0.8654753,0.026391242
0.2549138,0.20508713,0.30202654,0.6465696,0.62091875,0.3714004,0.5820829,0.21999115
0.13878772,0.16251306,0.19285026,0.38546994,0.8822036,0.196232,0.8914461,0.0709922
0.08459223,0.2525846,0.17816876,0.54287213,0.6230279,0.41894925,0.6583645,0.0981351
0.10492063,0.33694267,0.22601381,0.603523,0.7415456,0.38875654,0.77071613,0.11336106
0.11571133,0.26397878,0.2020158,0.46181834,0.95910925,0.11821306,0.9308855,0.054341484
0.358926,0.17602733,0.3316347,0.94744575,0.39067438,0.542801,0.32045472,0.38481766
0.19256307,0.033354945,0.17985189,0.52442664,0.4471026,0.43652102,0.37095734,0.014298204
0.13408262,0.122720644,0.16851439,0.62039006,0.8204605,0.14334649,0.78663266,0.08347702
0.11271949,0.18418473,0.1926564,0.59870493,0.9129351,0.1648294,0.94489205,0.119818464
0.20142572,0.25356287,0.3041832,0.75564677,0.99133164,0.22749518,1.0191569,0.16396789
0.1244548,0.18674691,0.1770614,0.38000533,0.8892111,0.15082993,0.87345374,0.073839754
0.14925513,0.27921766,0.22992136,0.5236638,0.9262554,0.13976611,0.89151084,0.10789707
0.14193688,0.4559352,0.27508652,0.7075705,0.5089353,0.5176066,0.459017,0.17083934
0.08239842,0.2101784,0.15361553,0.7265563,0.6941463,0.37006387,0.6731939,0.11753219
0.09843221,0.121957205,0.13019525,0.40684307,0.8119688,0.14439248,0.8483322,0.075404495
0.28002757,0.39750072,0.38016775,0.68633693,0.47380498,0.5565497,0.46960494,0.3492415
0.096748486,0.3648916,0.22872461,0.7133177,0.6956658,0.4197101,0.71513885,0.15334357
0.25785637,0.30788276,0.34043503,0.56816393,0.93066394,0.23298287,0.9055836,0.12222424
0.14156559,0.19294915,0.23052435,0.62201434,0.75224525,0.38343978,0.81442946,0.12281272
0.42970654,0.53541344,0.56310105,0.9434674,0.25995094,0.6953256,0.34860882,0.75131756
0.196558,0.601709,0.41513914,0.43398955,0.34127316,0.59389,0.31555775,0.2976282
0.2947832,0.22497156,0.34504905,0.49236974,0.95218235,0.24901839,0.9463227,0.18879063
0.16976066,0.39827424,0.30126143,0.7713284,0.7588532,0.2922519,0.7277568,0.26616433
0.09668311,0.113964304,0.13625231,0.32642525,0.82360846,0.1548264,0.9030792,0.04707801
0.13782914,0.16406065,0.17768654,0.3057281,0.68256074,0.39237022,0.62227905,0.046238866
0.13466202,0.4086516,0.26771533,0.66167414,0.55022734,0.4818925,0.5664669,0.17857762
0.16939935,0.23638846,0.21875611,0.6864073,0.56306785,0.44198567,0.5183366,0.19608197
0.07673282,0.21764034,0.17738841,0.47104326,0.58392155,0.4428859,0.6310251,0.089675725
0.13359846,0.31168747,0.25190347,0.68650264,0.69680434,0.35260126,0.66028684,0.18719335
0.1330896,0.22853118,0.215273,0.52854544,0.9530008,0.14648566,0.93683755,0.10518463
0.07770433,0.26627037,0.17888023,0.5444269,0.9184868,0.08492462,0.87929535,0.0874645
0.14442888,0.22435677,0.22032261,0.3999028,0.939777,0.15568955,0.95367384,0.08344388
0.12210882,0.14964476,0.15815975,0.26350316,0.4585059,0.44987836,0.42735708,-0.02465745
0.14447674,0.23593001,0.22348292,0.6771213,0.8341528,0.30834514,0.8495545,0.1350276
0.14119539,0.32888237,0.25034112,0.703961,0.95834273,0.16425933,0.94139224,0.14094204
0.1334548,0.26925492,0.22210172,0.56834364,0.9798679,0.11956727,0.9928075,0.10158667
0.13928553,0.28163275,0.22524583,0.66750526,0.92687786,0.1624185,0.91623104,0.14019509
0.14371267,0.25647736,0.22610302,0.59466857,0.96885216,0.13184819,0.95218855,0.13365334
0.2009794,0.3257644,0.2936342,0.6654208,0.89553475,0.31505153,0.93301576,0.11931859
0.18587886,0.19136721,0.22489953,0.4719795,0.49291646,0.48357034,0.43900803,0.14662902
0.17896771,0.25063106,0.23912364,0.70562273,0.63088244,0.375005,0.58425105,0.21142
0.07862195,0.20008975,0.14890641,0.7509177,0.6645124,0.375999,0.6788231,0.16107233
0.14235048,0.30261838,0.2386279,0.5698148,0.8097948,0.23177744,0.7636418,0.076827675
0.12269235,0.28916305,0.20001177,0.7298109,0.75595987,0.31965882,0.69899833,0.1709039
0.053739943,-0.023020491,0.053971138,0.4014998,0.75026196,0.13705233,0.836326,0.023450825
0.077871226,0.264543,0.1744987,0.15434852,0.46520302,0.50217205,0.41648865,0.008959625
0.09179174,0.13553326,0.15587021,0.19368984,0.60119176,0.48015323,0.61721545,0.04224662
0.1840503,0.22790743,0.250556,0.44030946,0.73113054,0.25668538,0.6181012,0.009321779
0.1742267,0.36332968,0.264322,0.8689173,0.62811816,0.3761413,0.6752171,0.2529918
0.16319422,0.27283466,0.2366144,0.6710144,0.8674756,0.2656613,0.8027921,0.08827384
0.14470877,0.47188425,0.29677978,0.44740692,0.463702,0.54087013,0.41916117,0.21879944
0.36752984,0.5650854,0.5071237,0.95926446,0.3532331,0.6077352,0.39484292,0.6357086
0.09813643,0.009261645,0.10185799,0.4821636,0.72433513,0.1206725,0.7226897,0.025195498
0.5620874,0.5369505,0.6829424,0.69569266,0.040142775,0.8276076,0.08803268,0.77825093
0.096726656,0.25446773,0.17757733,0.1794559,0.38920107,0.58707553,0.36455125,-0.016547678
0.11227816,0.15491109,0.16856815,0.7437916,0.7365909,0.35837728,0.7868865,0.14290343
0.07980582,0.20676671,0.15385973,0.60681677,0.7006257,0.37547725,0.71291876,0.101390556
0.13450804,0.11960563,0.16634129,0.54136074,0.6912295,0.18418138,0.6348822,0.06578232
0.15379417,0.25076705,0.22987416,0.5188822,0.90697676,0.17909437,0.91663474,0.123404786
0.1272286,0.215524,0.18715253,0.6270272,0.8512574,0.17973143,0.75316596,0.097164035
0.1402447,0.13533068,0.19288976,0.67371815,0.67128974,0.18591744,0.614808,0.11184874
0.1637159,0.25180888,0.2400731,0.5754783,0.9272858,0.1481811,0.8847411,0.12330742
0.17841512,0.6841979,0.44335544,0.34885347,0.2905752,0.6509056,0.23870996,0.23165229
0.091274366,0.30255425,0.21174213,0.5052307,0.56914246,0.48253933,0.6192035,0.12336682
0.1853228,0.36613545,0.3274239,0.77779406,0.91464174,0.2979898,0.9230516,0.20587003
0.21007022,0.4657024,0.36006877,0.9100777,0.7608132,0.36830696,0.79580015,0.35531133
0.071179725,0.02586307,0.08073452,0.48720798,0.7747163,0.12942518,0.85588366,0.04982734
0.06824029,0.17387491,0.15757784,-0.19781777,0.40086707,0.62014186,0.45018345,-0.04521004
0.113437906,0.07377878,0.13767464,0.7198771,0.80761653,0.094882086,0.77734977,0.10225238
0.20914176,0.38950762,0.30751866,0.43863338,0.3921761,0.56020105,0.33812138,0.19868758
0.089482784,0.035638396,0.09096507,0.53148913,0.78777385,0.1131448,0.78646857,0.04563443
0.118291005,0.064720914,0.15091188,0.20500323,0.6515742,0.1729103,0.704719,0.030207459
0.20543157,0.18039954,0.2580308,0.26483116,0.81135786,0.30078924,0.80922645,0.12165505
0.3122464,0.40536368,0.39527193,0.8505569,0.48017368,0.5565882,0.48682845,0.48115298
0.19406754,0.424377,0.31038216,0.8329069,0.77826256,0.23163334,0.7744543,0.327867
0.16731656,0.27187318,0.25747332,0.80576324,0.9550029,0.22599253,0.9688868,0.18563248
0.20414807,0.005403161,0.2255581,0.21113218,0.71464586,0.49970895,0.7729345,0.09230001
0.13311578,0.2684331,0.21429394,0.3948344,0.3059725,0.6140568,0.2248005,-0.011145793
0.103166066,0.8511725,0.4232768,0.47326756,0.35031858,0.6706424,0.35124838,0.17448676
0.13529319,0.33896434,0.24389535,0.6865357,0.71314275,0.29410684,0.67080194,0.15301487
0.18382752,0.17582747,0.23364274,0.45251402,0.8124561,0.35176596,0.7608247,0.059231292
0.10786326,0.31050643,0.22223592,0.66443896,0.65545243,0.38889173,0.6943066,0.13825655
0.3278751,0.5850635,0.5019446,0.5967881,0.26187402,0.6468013,0.23673335,0.4735013
0.14374219,0.15971223,0.18681827,0.4503803,0.6238426,0.43613595,0.534971,0.04893453
0.07115076,0.08207349,0.10667989,0.4337615,0.64177334,0.44330183,0.6071137,0.05452342
0.10474287,0.19359587,0.15409176,0.597068,0.8303417,0.17236386,0.81904966,0.09115507
0.18751733,0.28482968,0.2561853,0.64269125,0.9469726,0.16758244,0.91485435,0.12645486
0.10178429,0.32910007,0.22873153,0.74478704,0.9081296,0.14725359,0.8490417,0.15396772
0.121169135,0.2900656,0.21139948,0.8811426,0.7543465,0.38409534,0.79383177,0.2352691
0.21149614,0.26392913,0.30922723,0.5256334,0.9445567,0.20208803,0.9311137,0.13253005
0.17643456,0.16251843,0.21775432,0.4641714,0.82022786,0.2964143,0.79108715,0.10728538
0.06954296,0.34446898,0.20308648,0.60008174,0.6525926,0.3913321,0.6910397,0.108692825
0.47889766,0.0408095,0.4329156,0.8849505,0.2919589,0.6193041,0.19063461,0.3513384
0.19763257,0.2433673,0.25568846,0.6690532,0.494426,0.52488446,0.46919772,0.25907806
0.24584594,0.49696067,0.39360604,0.8331417,0.5936169,0.43419245,0.6026461,0.4206341
0.14562298,0.19387802,0.21121651,0.53826475,0.90222025,0.18362732,0.93163794,0.12079957
0.09587914,0.120000064,0.14011195,0.45346162,0.8522176,0.16431467,0.8892631,0.094357386
0.11425884,0.3391856,0.22334377,0.59810305,0.70783055,0.3598063,0.7184614,0.13128117
0.15504096,0.29873806,0.2483329,0.58382815,0.94105273,0.186879,0.89984065,0.11700487
0.11494325,0.28245503,0.1962703,0.24522647,0.5197855,0.41518953,0.48066643,0.044272874
0.10824019,0.23991919,0.17424875,0.5983721,0.78930867,0.24027771,0.7235167,0.10621874
0.14830214,0.24041809,0.22237635,0.750288,0.50476474,0.43309557,0.5174166,0.2797313
0.11931074,0.19386148,0.19654237,0.47863016,0.82630706,0.1633358,0.804441,0.07425563
0.47376868,0.25765833,0.5067618,0.697939,0.26484752,0.7033923,0.29019943,0.58288723
0.15798993,0.14427751,0.18625806,0.55096275,0.5602742,0.328778,0.5049994,0.09122397
0.13222104,0.23435189,0.20606542,0.3353795,0.71587425,0.32274774,0.6966851,0.08111568
0.31066528,0.2079798,0.33350405,0.59427845,0.51395684,0.44959322,0.49729824,0.26634243
0.22574998,0.73545074,0.48835576,0.5440405,0.25755358,0.6775358,0.20272201,0.33637375
0.14533246,0.25973213,0.2155652,0.5095074,0.9155107,0.15274777,0.8902166,0.10955775
0.14211378,0.22192504,0.2013133,0.3531435,0.7916657,0.24890037,0.77166104,0.090929255
0.031906627,0.025178425,0.073920704,0.5087262,0.8140401,0.18089578,0.9093517,0.0907789
0.18503706,0.30214176,0.261709,0.6027486,0.50004244,0.5190718,0.4599291,0.24039128
0.08971169,0.32322228,0.19361062,0.55393785,0.6927281,0.37409714,0.75981086,0.06641881
0.4309605,0.2641756,0.45637742,0.7282947,0.3557289,0.58340585,0.35285178,0.51005214
0.18606831,0.19492714,0.2288053,0.4029857,0.483377,0.48771104,0.40427735,0.09615137
0.26739264,0.6435996,0.48711428,0.65786636,0.22859061,0.7235389,0.17119843,0.29494613
0.14935955,0.35388443,0.28185222,0.6189075,0.7697338,0.21615715,0.7438436,0.20291218
0.07364719,0.18844749,0.14347154,0.47153848,0.6649438,0.42151558,0.6471319,0.0702986
0.10521254,0.11050993,0.16125683,0.32534394,0.62810594,0.43285903,0.66474336,0.06137168
0.1534907,0.17945811,0.18637088,0.2548392,0.7533657,0.34213188,0.7748514,0.08477068
0.41608375,0.46008304,0.5271631,0.5830791,0.2207827,0.6881715,0.23463267,0.55067354
0.19630885,0.3113991,0.29776058,0.5397977,0.89386255,0.24217339,0.8267355,0.06216586
0.06655044,0.10332726,0.11284762,0.40719184,0.8097777,0.12684055,0.8545208,0.05731957
0.11729334,0.24475124,0.19286889,0.35125983,0.9097676,0.1262829,0.8794462,0.02361716
0.13754268,0.28991517,0.2350539,0.699775,0.60118973,0.44108194,0.57542133,0.2177867
0.16518411,0.27172387,0.26113126,0.61387014,0.8514337,0.2570837,0.9152244,0.13293351
0.18090244,0.38770232,0.29706573,0.8498338,0.7541262,0.36420026,0.71714044,0.26808667
0.29372215,0.27846727,0.33258006,0.71300733,0.39239883,0.565812,0.36590382,0.36938602
0.09144833,0.19859034,0.1638671,0.4999578,0.9199446,0.12173011,0.91493076,0.08200665
0.1260615,0.3861661,0.2616683,0.7548268,0.9209088,0.14574383,0.8935508,0.19501948
0.20423149,0.05683024,0.23418318,0.26859236,0.5970465,0.23662913,0.5935584,0.04778121
0.19824249,0.09107287,0.21000539,0.54911447,0.6805348,0.38917428,0.5789871,-0.0089014135
0.1376366,0.2742257,0.25283754,0.4068625,0.8941948,0.10317604,0.8416881,-0.0015568212
0.1011417,0.16943744,0.1623412,0.8317477,0.6563296,0.37185606,0.6792731,0.18973826
0.13490276,0.203255,0.19160978,0.39871743,0.53287923,0.51946473,0.47066244,0.079630226
0.14660761,0.27434695,0.23909202,0.42959774,0.8471925,0.24804364,0.8502376,0.11379419
0.11530715,0.20238397,0.17426907,0.55508363,0.87536,0.15599877,0.899246,0.1007884
0.07643055,0.26670867,0.17365673,0.36523467,0.5237875,0.48630202,0.47129622,0.062420722
0.30325958,0.077455215,0.30511606,0.3932903,0.31429115,0.63924927,0.22437963,0.019999154
0.6089698,0.98058385,0.92753154,0.77753776,0.0062436014,0.95399946,0.114598,1.1113051
0.20050135,0.5282726,0.38192496,0.8126777,0.47596338,0.56122565,0.4967823,0.39452738
0.11744511,0.25689757,0.2079202,0.6977258,0.763194,0.37612084,0.8196307,0.1497628
0.15460983,0.31144497,0.27325794,0.71009475,0.9521373,0.19732353,0.9361598,0.16387461
0.09459799,0.43989962,0.27611917,0.43645313,0.5015446,0.47404647,0.49626818,0.17118151
0.116325215,0.17452434,0.1506889,0.11883488,0.54147685,0.49700165,0.5447242,0.012855813
0.16316175,0.26436964,0.2520204,0.6674149,0.9476164,0.17394511,0.95009226,0.1484677
0.15799329,0.3391972,0.25417462,0.3650039,0.4738215,0.5028718,0.42286476,0.12220621
0.20460993,0.27056244,0.3167709,0.87487096,1.0164671,0.21625896,1.0473317,0.21781194
0.29555994,0.39514008,0.3849234,0.9131078,0.40958342,0.566361,0.44342536,0.48912492
0.14658047,0.2821852,0.23153056,0.65926987,0.86776763,0.23869985,0.86974627,0.1402918
0.065099396,0.038140282,0.080238104,0.39726937,0.7902297,0.18935174,0.90240586,0.08232282
0.121384025,0.16798504,0.16047193,0.42676106,0.7145127,0.3822973,0.6819734,0.085525274
0.16061874,0.31964663,0.25386423,0.7604347,0.51108974,0.46052533,0.5069527,0.26799443
0.16043203,-0.010380223,0.15160164,0.41042557,0.47286263,0.32859153,0.4635668,-0.005344156
0.16495901,0.30629575,0.27290356,0.55968827,0.9165485,0.16153805,0.90563864,0.11844513
0.22363618,0.5607945,0.39617342,0.5516086,0.38657776,0.57705945,0.35707647,0.39214882
0.11955109,0.050790466,0.15270652,0.43862906,0.67493856,0.38114345,0.6796638,0.061470967
0.08891425,0.10755736,0.12019609,0.5196788,0.8211375,0.11050694,0.83632076,0.044808034
0.17856605,0.12843664,0.21626247,0.55408424,0.43916664,0.41425517,0.39065683,0.03781985
0.25525886,0.3291547,0.32932723,0.5499695,0.37153292,0.5935482,0.34589463,0.32772157
0.14439616,0.12590683,0.1798446,0.6842846,0.826805,0.14302537,0.76277846,0.109394506
0.1362212,0.07142033,0.1796103,0.5360194,0.7518067,0.42539486,0.6499225,0.009367779
0.1496697,0.14629263,0.23834316,0.6626054,0.73104656,0.3746293,0.86491066,0.14202018
0.18814088,0.22625801,0.2572986,0.5344586,0.9419279,0.21758114,0.96509933,0.13938582
0.18331288,0.3774181,0.28873295,0.7146994,0.4720198,0.51669043,0.4679429,0.2949735
0.09379206,0.14734259,0.15295127,0.2193674,0.56353074,0.5059892,0.50498873,0.029450085
0.24772474,0.47361892,0.37094107,0.6777468,0.35189506,0.57610023,0.28756168,0.30663818
0.13480932,0.17620325,0.19916417,0.4692442,0.9169423,0.16870767,0.9392897,0.08074103
0.08743895,0.20703918,0.15698835,0.099304706,0.47317076,0.50637245,0.42190975,0.005426023
0.20801158,0.2903126,0.2656323,0.7596774,0.5696512,0.39364862,0.53014916,0.28381386
0.09080155,0.1259084,0.1413109,0.64929897,0.7213989,0.35509932,0.71971714,0.09318286
0.16410802,0.07632188,0.18697256,0.35204098,0.63321716,0.46477228,0.52609056,-0.022082033
0.11313681,0.36388376,0.2223033,0.6941514,0.6382614,0.37264192,0.6390451,0.13303556
0.12934847,0.18963785,0.1920791,0.35814986,0.89020634,0.15456787,0.8807979,0.065378726
0.16161034,0.3488847,0.27473903,0.8337551,0.8937181,0.19445468,0.8589105,0.24438733
0.09555972,0.18870237,0.14903091,0.28717515,0.56806093,0.49156508,0.56987035,0.0291139
0.11470692,0.27774912,0.2307512,0.3218673,0.64542335,0.52049893,0.79792356,0.061777357
0.09872354,0.15377156,0.15391597,0.23538296,0.6221419,0.44248447,0.60613847,0.07339962
0.10832296,0.26170248,0.19225489,0.94556123,0.65485233,0.40978208,0.659552,0.27301008
0.1263704,0.1070143,0.16086599,0.4234343,0.70644444,0.40522107,0.70908797,0.09425193
0.28759092,0.537539,0.43630478,0.966486,0.304557,0.75158757,0.2607294,0.28821427
0.21733096,0.41252834,0.30754107,0.65143555,0.4125454,0.5799265,0.34291613,0.22476628
0.09804493,0.24091871,0.19250506,0.66617644,0.7765456,0.18399803,0.6856466,0.11921987
0.19709863,0.17529434,0.27030456,0.70026547,0.87702423,0.37032494,0.92956936,0.13548872
0.19132611,0.14591889,0.2206309,0.35362938,0.45303473,0.52278566,0.39196163,0.1063862
0.12425676,0.1788463,0.17652883,0.3551242,0.8443208,0.19717821,0.8654407,0.09501618
0.34715232,0.5084594,0.46709013,0.64089656,0.27425498,0.62371874,0.22392166,0.41586936
0.1749852,0.3602775,0.27110732,0.80130965,0.6548634,0.4267163,0.68706626,0.24806812
0.21324623,0.36652523,0.3128614,0.70876527,0.4363178,0.55249107,0.43905658,0.38243333
0.11538842,0.3235597,0.21536526,0.6651838,0.6808677,0.40051165,0.67283607,0.14740472
0.17435439,0.34713912,0.2998785,0.90185297,1.0060354,0.18293977,0.9899013,0.23793393
0.1284675,0.23062271,0.19934992,0.24671064,0.6916871,0.279558,0.6803745,0.07597658
0.110072285,0.22412947,0.18954621,0.40718094,0.8762016,0.15853618,0.88963425,0.09840742
0.07333971,0.4043065,0.23467863,0.24041086,0.5839411,0.51810646,0.64972854,0.031568717
0.22871876,0.3040847,0.30911824,0.44370842,0.8785941,0.20766167,0.7171868,-0.04828249
0.1606291,0.41903237,0.3031923,0.83710945,0.71109056,0.40139946,0.7292919,0.242297
0.30486444,0.19482064,0.34928608,0.5401375,0.5040836,0.43182528,0.47680396,0.22563878
0.20086573,0.04042789,0.24529578,0.35947233,0.6674893,0.17920499,0.6509185,0.05185703
0.1377551,0.28248215,0.23076068,0.5931001,0.83041984,0.26257563,0.82708746,0.11495924
0.18865184,0.53461736,0.3464454,0.64307415,0.44108805,0.5562906,0.42964277,0.3428821
0.09964942,0.23952046,0.16906029,0.63564193,0.72418594,0.33090082,0.6972239,0.113186836
0.14954537,0.27514768,0.24963425,0.64715874,0.9173058,0.21900107,0.9037079,0.14547889
0.084642276,0.2121721,0.15318592,0.25132528,0.50913906,0.50293356,0.46145216,0.030375462
0.28876716,0.08373077,0.31586257,0.51739377,0.5691434,0.34502172,0.5370902,0.17697646
0.42159146,0.54082024,0.5733532,0.49009115,0.1779469,0.71658313,0.18681493,0.62924296
0.11791064,0.39540157,0.26372564,0.7917544,0.7821161,0.21608482,0.75265294,0.2140899
0.19580139,0.07466117,0.235366,0.61414975,0.7562591,0.37272102,0.7004683,0.05827355
0.27160993,0.41736403,0.37908715,0.93762773,0.45075297,0.57744265,0.5040216,0.51717705
0.073186144,0.74627817,0.38191813,0.30436045,0.36443532,0.6683884,0.36088634,0.05970631
0.14677976,0.275343,0.25774038,0.44084924,0.807114,0.18550251,0.70153487,0.0057729334
0.48154455,0.25630325,0.53576446,0.68428177,0.4257248,0.58740664,0.46884286,0.50438064
0.07350813,0.13022675,0.14433807,0.39192274,0.8615949,0.11716915,0.90612894,0.044753905
0.12605187,0.20704566,0.18380328,0.35550582,0.57946193,0.37401554,0.5193274,0.05582003
0.14764592,0.3138325,0.27395666,0.7712137,0.981647,0.18509068,0.9445981,0.1871091
0.09125816,0.1799626,0.15874219,0.67086655,0.6723582,0.40171763,0.67853904,0.1424339
0.1275596,-0.12904754,0.104784176,0.3923823,0.58904696,0.15486419,0.67686415,0.016983896
0.23454803,0.4345687,0.36093038,0.4195596,0.35699028,0.59175366,0.3198184,0.28547016
0.06857382,0.15517652,0.11855197,0.5310277,0.6020602,0.42369497,0.5337695,0.06917627
0.10812299,0.12774968,0.14330518,0.6059065,0.7318008,0.35000396,0.6252252,0.046799164
0.14479737,0.14380822,0.20756826,0.52477205,0.7361712,0.39184284,0.8029149,0.11732513
0.11061545,0.27428204,0.19348267,0.39060816,0.5188985,0.49538833,0.48374462,0.07423848
0.14896093,0.17138699,0.23037799,0.35898352,0.6985135,0.17811322,0.6336523,0.027415652
0.014127618,0.47934458,0.21706663,-0.00020965934,0.36295933,0.6580857,0.40891904,-0.0732347
0.2638971,0.9106549,0.62032443,0.57334656,0.23560283,0.751813,0.20556283,0.4159925
0.2608242,0.00033590198,0.27444947,0.48703223,0.701459,0.43204406,0.61711854,-0.03208498
0.19943911,0.19483945,0.2498954,0.61618716,0.8865757,0.28164217,0.91815406,0.14504087
0.53682846,0.3877955,0.60846096,0.8096165,0.20224568,0.82959336,0.26921788,0.8043689
0.14464264,0.1498969,0.22346741,0.60995156,0.7643667,0.38690776,0.8296148,0.11628555
0.36686888,0.6541392,0.5664065,0.59272975,0.25391108,0.7019394,0.26660782,0.6357433
0.17996524,0.2205861,0.25981924,0.84284973,0.948085,0.24144989,0.9637247,0.19748995
0.10095181,0.1818157,0.15637262,0.52814096,0.6194639,0.4225308,0.5825427,0.08657156
0.2403279,0.5639821,0.40420648,0.7754093,0.4359755,0.5769993,0.45343277,0.42105758
0.18161824,0.5286224,0.35655874,0.77606755,0.6896711,0.37224576,0.69046944,0.3172665
0.28119215,0.3874902,0.37685487,0.7168917,0.4788972,0.51154643,0.46280885,0.36111277
0.10804774,0.27884525,0.19970462,0.37267733,0.5287341,0.4933412,0.4544805,0.088779554
0.3074456,0.31132156,0.3849324,0.5911448,0.43490022,0.49155638,0.43278533,0.34942302
0.09513644,0.29082286,0.1890388,0.42466062,0.53677475,0.45929363,0.4697565,0.10765123
0.27128965,0.32244006,0.32996893,0.66680264,0.34232265,0.6338178,0.24993101,0.23835951
0.24199712,0.34986728,0.31690082,0.6148407,0.41354558,0.5691226,0.35760036,0.2750455
0.22604236,0.39870644,0.34510943,0.9548064,0.5036672,0.5005701,0.5505977,0.4254495
0.1147812,0.22807267,0.19996434,0.4317066,0.9261973,0.1001928,0.955741,0.024941709
0.32362875,0.09497255,0.31628275,0.7760503,0.20679614,0.8099741,0.040596962,0.053000595
0.15182705,0.2803707,0.23481056,0.5966666,0.91734767,0.21246853,0.8840008,0.11194165
0.14911176,0.2898997,0.24667375,0.75133723,0.9702239,0.13109323,0.95051295,0.16341802
0.68816394,0.7019482,0.85955644,0.86254793,-0.03171768,0.9603927,0.10265322,1.1021928
0.13130158,0.24551648,0.22857362,0.54826295,0.7554753,0.16650362,0.67453367,0.1050621
0.16451341,0.20947613,0.22114936,0.67519623,0.80759126,0.30948243,0.79516506,0.08106543
0.13970084,0.13014187,0.17240049,-0.12326619,0.4248702,0.6169888,0.37496755,-0.022154627
0.12678994,0.2368463,0.20062204,0.44046992,0.83776337,0.15421069,0.79789394,0.08312045
0.30282196,0.6306792,0.49854508,0.79741853,0.32287526,0.6435839,0.3875062,0.57424515
0.16621353,0.70741695,0.43947056,0.31010312,0.31869555,0.604314,0.28909793,0.31043643
0.07605024,-0.03335713,0.07235282,0.26280272,0.66432357,0.19587399,0.83319706,0.06395446
0.2805349,0.257969,0.34102553,0.5449904,0.4932969,0.5162524,0.46811435,0.26871407
0.050473325,0.57087827,0.2784061,0.13560413,0.35549647,0.6053965,0.30459112,0.010178994
0.123207584,0.3159603,0.23345138,0.7211963,0.8874544,0.15868957,0.8406396,0.17242846
0.4995586,0.68692946,0.6783432,0.94856435,0.16239658,0.78352624,0.27251425,0.8889783
0.08530082,0.13137117,0.1364625,0.4757446,0.8546125,0.15696256,0.89915556,0.095856324
0.124085486,0.13717696,0.17376316,0.50126994,0.83117115,0.13641426,0.8119025,0.074624375
0.098471574,0.29364932,0.1950523,0.42936474,0.5191854,0.4887129,0.4743307,0.13012739
0.17847684,0.32838017,0.26426074,0.7717157,0.6732139,0.34988293,0.6392287,0.2280969
0.13793643,0.114946306,0.17431445,0.3160861,0.68065333,0.40233344,0.70197093,0.08292648
0.17059886,0.40373188,0.29277664,0.75549537,0.5187264,0.510137,0.5154446,0.30395398
0.33955663,0.25176322,0.36445412,0.81298643,0.48899844,0.51886284,0.47561508,0.40557146
0.118001014,0.17570682,0.1599364,0.48914036,0.7259057,0.37036014,0.6268765,0.036656264
0.28183556,0.1350877,0.270441,0.6317569,0.484478,0.5046308,0.4197581,0.24935785
0.15722013,0.24363373,0.23592941,0.56613773,0.7642997,0.20339501,0.6719747,0.06791031
0.066740096,0.097205676,0.10259256,0.47798452,0.83046967,0.093588315,0.8322396,0.037850913
0.19848876,0.47303194,0.34776768,0.84987885,0.78652036,0.24984545,0.7982962,0.3484274
0.3682679,0.23527998,0.38265818,0.80882305,0.4293867,0.5819895,0.42820188,0.46761146
0.14429681,0.28338203,0.22047925,0.60925215,0.9118486,0.21116646,0.8146291,0.08550963
0.16241683,0.2290033,0.2526399,0.24972662,0.7860125,0.20224246,0.6590214,-0.04182208
0.08827643,0.16214919,0.15371229,0.03007185,0.46633446,0.5419104,0.42386615,-0.0058432743
0.12132563,0.20403704,0.1974035,0.6967486,0.6793389,0.40886062,0.6385676,0.16459613
0.09284417,0.30633402,0.20304577,0.6892852,0.8240798,0.19442266,0.74784815,0.13026294
0.16966313,0.24481502,0.25069973,0.4210536,0.9293469,0.17538242,0.9199617,0.099700466
0.16067214,0.25519538,0.23158965,0.56321675,0.930968,0.16471623,0.9104263,0.11881465
0.16430758,0.4180247,0.27942586,0.61776304,0.43373796,0.5535821,0.34762177,0.17259444
0.13347144,0.25097233,0.20558824,0.6828399,0.8593339,0.29714856,0.8191816,0.10660596
0.18472624,0.14612857,0.22521113,0.6504711,0.7345022,0.2684745,0.6414054,0.08515407
0.09587937,0.44290853,0.27344692,0.5267131,0.52928716,0.4546646,0.5257648,0.18866599
0.20573618,0.20799777,0.27957284,0.65101546,1.0311235,0.17404427,1.00521,0.15743569
0.10753286,0.113443285,0.1369376,0.40811715,0.5881282,0.4377177,0.5270459,0.04702541
0.36806738,0.40191162,0.46796548,0.54198533,0.23912439,0.6285968,0.26839224,0.478425
0.089232706,0.16303977,0.13026044,0.40471366,0.5716535,0.44842228,0.5005059,0.04618786
0.18312031,0.36120567,0.29389876,0.87572193,0.5476362,0.47208697,0.5933606,0.37130126
0.1950747,0.21200414,0.26927716,0.43400308,0.8630286,0.25370198,0.89852107,0.1248779
0.11600758,0.2873421,0.20212711,0.588718,0.5283187,0.47372624,0.4804109,0.19597206
0.10123974,0.10157463,0.1360316,0.38223338,0.58217925,0.46247146,0.5246476,0.04790723
0.17796053,0.2953564,0.26163566,0.45419025,0.531192,0.4264542,0.48870313,0.1294979
0.17476289,0.3162542,0.260323,0.87106985,0.55406046,0.43729144,0.54631084,0.34023625
0.18510807,0.21365814,0.2501701,0.3334227,0.86070555,0.20161474,0.87458336,0.087890476
0.077898204,0.39939338,0.23261638,0.4957675,0.63010395,0.44758058,0.67057043,0.0824167
0.09037115,0.20213561,0.15759131,0.08514431,0.501453,0.49678195,0.47894466,0.02035879
0.13255394,0.33760875,0.26036122,0.5733125,0.9079319,0.19236568,0.90233076,0.15256383
0.15959881,0.07667061,0.18816109,0.37450805,0.63663816,0.21213226,0.5888375,0.033441048
0.16670087,0.2588842,0.2606266,0.52350265,0.83205914,0.29426458,0.89919645,0.12163387
0.088237435,0.07707835,0.11394082,0.44870293,0.8243906,0.16854602,0.87485087,0.07613759
0.06349377,0.40198076,0.23010859,0.34163016,0.51539683,0.5259994,0.54550135,0.023894157
0.09034291,0.4483086,0.25739074,0.4412777,0.44980443,0.5362719,0.41712192,0.05937056
0.17958319,0.20459902,0.22812977,0.5363966,0.79676783,0.32386187,0.6578082,-0.011268847
0.08417334,0.08007738,0.11905134,0.5258628,0.86511153,0.13886657,0.89745235,0.08114146
0.08024307,0.0127899945,0.08688976,0.60390544,0.8429297,0.16937287,0.9115477,0.079594955
0.12833507,0.24605405,0.22383316,0.34918284,0.6598449,0.2966413,0.5966346,0.0507635
0.15643375,0.21699221,0.22576308,0.54141146,0.92330515,0.18928635,0.98748004,0.12677269
0.09746705,0.07434671,0.10942892,0.2730721,0.7525573,0.1888137,0.83481514,0.07955198
0.17605142,0.12945096,0.20990428,0.34700167,0.77508366,0.350074,0.77425766,0.11728434
0.13389847,0.41937286,0.2735375,0.26194888,0.32912758,0.64281434,0.24344587,0.027284052
0.16434552,0.43854815,0.30077887,0.7653569,0.54308224,0.4657726,0.5106708,0.2759278
0.24799031,0.21548668,0.3157924,0.4481757,0.92911536,0.24242787,0.97017074,0.14544593
0.23592773,0.25295508,0.28173003,0.74821705,0.47218713,0.51270235,0.45830956,0.33279327
0.25166714,0.7918699,0.5423945,0.4266908,0.26458275,0.6648848,0.2643196,0.4865277
0.10305801,0.23427382,0.17112668,0.2699833,0.6297987,0.4722239,0.65074253,0.03674117
0.23332682,0.45137313,0.3570894,0.7475395,0.41222838,0.5552932,0.41126767,0.35977426
0.14445066,0.3912803,0.26994535,0.32749543,0.42685834,0.56628585,0.36688003,0.13755792
0.17215474,0.32353646,0.2702725,0.5893026,0.50034624,0.4949884,0.46345523,0.24367934
0.13807474,-0.011274956,0.137444,0.4515084,0.7175977,0.13405922,0.6943356,0.031803254
0.19659215,0.23136464,0.23542948,0.7268811,0.5737327,0.43394363,0.51203495,0.22267869
0.1894944,0.23930956,0.21550807,1.105341,0.40220493,0.6181719,0.3111607,0.09934582
0.15588082,-0.095627025,0.104111,0.8881983,0.7616402,0.14976424,0.74906594,0.08823769
0.20983714,0.35076195,0.31083727,0.38510188,0.30195656,0.63525236,0.22035444,0.11125547
0.21426909,0.16483518,0.2769251,0.6018156,0.826825,0.37000203,0.82665783,0.097019866
0.15798843,0.016685158,0.16682109,0.57904273,0.6439678,0.37576187,0.56363684,0.037968535
0.15516338,0.3631455,0.26815075,0.5224465,0.5155736,0.5169614,0.4635389,0.23906428
0.16876516,0.29164302,0.26009476,0.16653606,0.3362252,0.56498075,0.2879,0.117796525
0.14359051,0.2622839,0.21892907,0.6915004,0.92631906,0.16536056,0.8958387,0.14114909
0.23330313,-0.012564234,0.16537559,1.0613941,0.46348426,0.33966562,0.3522338,0.17662077
0.13489129,0.1732594,0.18268001,0.47007507,0.8859349,0.12911135,0.87470645,0.0769701
0.44177833,0.4299956,0.54683954,0.7211919,0.23548537,0.7161559,0.28096792,0.6539864
0.1668356,0.20432757,0.24299876,0.5425988,0.7564412,0.19468898,0.66629994,0.09765187
0.19801386,0.15575233,0.21435212,0.65603244,0.522383,0.45377037,0.47147825,0.20620725
0.16692567,0.29817784,0.28809118,0.5744195,0.6375415,0.2740271,0.630707,0.18807435
0.106171414,0.32363164,0.20842141,0.7120903,0.7321289,0.40016213,0.7451358,0.14707023
0.17692901,0.32794243,0.27544475,0.4583705,0.5839016,0.37756547,0.5493545,0.1439208
0.06441641,0.8080766,0.37835276,0.40522572,0.4098428,0.5861734,0.42558953,0.1483538
0.10297952,0.36250052,0.23582001,0.46613163,0.53778404,0.4930174,0.49286407,0.13705242
0.17727473,0.27316833,0.2532958,0.66998744,0.87326664,0.28283715,0.8412778,0.11813347
0.12931496,0.22704895,0.19992387,0.6199175,0.8460443,0.13771862,0.75522673,0.1168399
0.07078367,0.39264405,0.21916452,0.5009001,0.5747256,0.42974013,0.57506686,0.10829607
0.3692167,0.57085556,0.5082743,0.7688937,0.28487977,0.6281951,0.31531763,0.6173635
0.26793012,0.46589416,0.393236,0.66968584,0.41019702,0.5634612,0.39485824,0.41527882
