PCA_1,PCA_2,PCA_3,PCA_4,PCA_5,PCA_6,PCA_7,PCA_8,PCA_9,Effort
0.22052495215811352,0.12566680408113806,0.23031236189253096,0.730068780844917,0.6815533404133092,0.16711383974429767,0.6800684100240764,0.6199652280512674,0.5035888942452375,0.1367183206945818
0.1212879614533459,0.20037232290666102,0.29999762012597575,0.6671412904549221,0.7152936735101145,0.09653642087322686,0.4694234067501024,0.28245648465722395,0.4349921375147612,0.075539436568121
0.11618584344517018,0.05438417831773848,0.2870316216901971,0.6546354011128496,0.7332211013406951,0.07629639344619098,0.47937687148708447,0.3390806977390408,0.4902398714330467,0.0117595340147268
0.10340303411322846,0.16538560321021603,0.2954607640678926,0.6245566950547308,0.7421282824272766,0.07601269122353489,0.516738567190549,0.39485526916239816,0.5115946876620607,0.0588343041359856
0.1276674302818984,0.140353189999647,0.29497705217504405,0.6838303933662039,0.7322776576630358,0.07264020813988026,0.38907038004780936,0.45291562206134517,0.4236639966019643,0.0543649485291424
0.08938761730005784,0.1803704998635742,0.29306202686645516,0.6304098623799695,0.7406297177729054,0.07751321097447389,0.5086734767033363,0.40144040510700435,0.4951360091670361,0.0239403597464922
0.08539896802957248,0.23933213040669188,0.29349397238578884,0.6345518855327476,0.7400613064229348,0.0771192150487678,0.5022837442013381,0.38893193092816525,0.4826815689850126,0.0289592262886031
0.10308811956908664,0.11889028909560437,0.2873836902598939,0.6490388637096057,0.7339490954784529,0.08500638064540544,0.5039645305918883,0.3579619404666321,0.5296745616952382,0.0207348792907645
0.10289429051876083,0.12937506482483782,0.2901204908728168,0.647355326157742,0.7383577838866973,0.07783817433699022,0.481889764113358,0.39420376941475416,0.49270491984143244,0.0222918269406894
0.01978278303937632,0.7930311442523537,0.3093082720160935,0.6097755871521311,0.7438254866336564,0.07730269066731396,0.5369572092632666,0.40156784347190594,0.4500199386027241,0.0612887863135143
0.12245581288381467,0.2723018744868965,0.28316165915195024,0.6376880402667796,0.7380336136792838,0.07831187767198862,0.4810641885970472,0.3543738545979345,0.5532222365369425,0.1863574751804227
0.07606088946803216,0.3115230029848355,0.29266066281345976,0.6334614626695781,0.7402336004229713,0.07982865618219506,0.5006166495423527,0.3785589567165076,0.48163882531042046,0.030735978312635
0.11127382815179085,0.158517566572631,0.29241799619073583,0.6581686415879712,0.7367527864317795,0.08352285396024622,0.4908385993422339,0.3807907389367259,0.5241416174451996,0.0478807194929845
0.11571604922462388,0.23966317156048061,0.278009557696639,0.7027689414700928,0.7191951263980196,0.08362696384478815,0.3690964000090236,0.24553812218005536,0.4358430486460084,0.0608491775653002
0.12758648553825577,0.030938671039075633,0.2978001444136732,0.6467004998781067,0.7462453319465302,0.07306223233665447,0.47074371148851357,0.41828262798458604,0.4652536572835445,0.0119060702641315
0.12036517847248002,0.04290672211836395,0.28770754198738174,0.6419426678295918,0.744696095193455,0.0761421494525518,0.4806015930694705,0.4433474971933042,0.49530268957535495,0.0162105725903945
0.04537484547632818,0.5652049686567113,0.30229229244870975,0.6209874219291224,0.7441779899391345,0.07919510006295954,0.5292792385854271,0.3796523890940453,0.46457741202095953,0.0452430670037
0.11560814621675278,0.07472030305530986,0.2827733366720101,0.6483901806667494,0.7397245012727235,0.0796654077093821,0.47675500560547873,0.33598497917300535,0.4828426946019743,0.0209730006960471
0.11024890126729854,0.18307462557199167,0.29455576208017703,0.6556305438242579,0.7422455064422521,0.07801479909977793,0.46294544614301575,0.33601884713160296,0.4702481379232941,0.0642195113016082
0.09915739676971316,0.06344792361310617,0.28975713053098556,0.6295319294653254,0.7485113459087357,0.08036660770624843,0.5102771358092609,0.4270669810824938,0.5079586733485436,0.0075099827819906
0.12263820765037846,0.035249527483999524,0.30171364006416784,0.6345758439057947,0.753084130213313,0.07382695686756752,0.4920124142270308,0.43985777858060504,0.4691539390330193,0.0161739385280433
0.27666677160771913,0.10074692578449992,0.45618978062927795,0.24847919774924843,0.0,0.9999999999999998,0.0,0.36103228478808147,0.4631555846346184,0.1660988387002234
0.10070815676554376,0.07354332590613684,0.28689402661113494,0.639512270275937,0.7452789234253779,0.08217668937367648,0.4985891338573307,0.3590163461068971,0.5067596906827202,0.0058248159138366
0.11314175292418314,0.0644240520072661,0.2633360196464871,0.7311182618666157,0.7015427970394889,0.18431529272235675,0.7886985486058882,0.4385440862583475,0.5095677608794513,0.0049455984174085
0.0746764920326605,0.41646908944211364,0.2933080140288126,0.645753226946752,0.7393552066257361,0.08567865379882689,0.47002204782663476,0.33793719590235133,0.4622595519632894,0.0636883173975162
0.10160518879616706,0.033426202164447166,0.28878627308964044,0.6234191445174037,0.7450075691093013,0.08976213179870615,0.5164367854555794,0.40004821627638226,0.525885408586518,0.0040297468586291
0.1380690005902328,0.10737380687849961,0.28222602800841456,0.6989059891370627,0.7294323403417424,0.08613399811343103,0.42483561106783024,0.2074869022321552,0.4589766187578937,0.037659816097007
0.1355603624223472,0.026788858269551907,0.26056331667540084,0.7417954247885319,0.7006805254886603,0.1820645495469436,0.767883896787098,0.40441719706413465,0.5055292486705271,0.0030223101439718
0.08643448883915984,0.34315309685095746,0.2873087787558073,0.6554181018115465,0.7395598439035272,0.08406193117585753,0.458547851911967,0.3061843962909546,0.4731457978901223,0.0539986079056306
0.12375119365392867,0.0176671301410877,0.2784093228222565,0.6274060231420081,0.7516430145708175,0.07882149844271852,0.5046606729023551,0.4181834882761332,0.5040549735458496,0.0055317434150272
0.11162144636901103,0.04605826369748155,0.2797077594216077,0.6495690701841553,0.7451332991204007,0.08367823153919637,0.4720028219955572,0.36317585506204175,0.4852456790472481,0.006960471846723
0.11327170603820925,0.11811108878228813,0.30030442681255853,0.6522551775068106,0.7504965497547329,0.08013284165246674,0.4995522432756934,0.32106459849503377,0.5220077155962334,0.0322196578378576
0.1030210331069715,0.08191651610137493,0.2856077045502187,0.6493762756893621,0.7435713072646309,0.0922435438598318,0.5033766028844819,0.34289454898964306,0.4916237890204247,0.0081510788731362
0.11380589870593143,0.04564074331502602,0.28111153699796265,0.6418295903322048,0.7484448542042678,0.08798025712130672,0.5091730465782028,0.38638321496130845,0.4977143572825656,0.0123456790123456
0.10396174531142036,0.05307016303537758,0.2926534374436582,0.6284426754050524,0.7560418952985627,0.08276241551312435,0.515166371021583,0.3971556021160867,0.5332035713656241,0.0101293182400996
0.0861723337701864,0.18981628721282887,0.29340841228402337,0.6241405365632605,0.7560790817620046,0.0832214089996711,0.5212590976529534,0.39512118678878294,0.5035475992320105,0.0217056819430706
0.10368044693838052,0.0964012610495703,0.29183329305382305,0.6327619572104282,0.7565659392996671,0.08158800170331404,0.504925250544054,0.39948117983673015,0.4924690830535014,0.0203868556984283
0.25478871632717104,0.19843570904024918,0.25521792170362356,0.6714503293902918,0.7340559163066701,0.07655989489856405,0.3538879818635785,0.39699546427164034,0.6324896746024056,0.2654870498589589
0.07136084182034955,0.2564374264065228,0.2933020464495143,0.6189256907196479,0.7567498948992128,0.08502482876985339,0.5319498298443396,0.3987663675030696,0.49929964762971824,0.0039015276404
0.1117264259778189,0.07790217433527642,0.2877625067218578,0.6366678466398936,0.7534350601576515,0.0848590238059165,0.49527031409809064,0.3661873379310667,0.5592712216915938,0.0226398505330256
0.10620499908862074,0.12485978207255607,0.2865918971962269,0.6434267301833508,0.751635521345329,0.08524710665867392,0.4893051784177919,0.342944591771086,0.5009784116987267,0.0316518298714144
0.10905305728757303,0.10453569643663449,0.28125098751430766,0.6368417723977366,0.7534825924030664,0.08451516053732566,0.49135338435848125,0.3751135740919258,0.4985258472221416,0.0272557423892735
0.09551137075301676,0.13441907003078535,0.28908680226239736,0.6424381212383293,0.7529107536582336,0.08669868306784215,0.4879764486512987,0.3495295942206505,0.4950568847343768,0.0117412169835513
0.13520761751980723,0.1931157487241624,0.2700441179250681,0.6814188433765725,0.7381899850176834,0.08658404860076285,0.38922680819177025,0.311086611140049,0.4430969659612194,0.1069348280030772
0.12119854567049596,0.0377436196070203,0.30158413910866666,0.6263995892736377,0.767540380075913,0.07675424987404689,0.5159849744549275,0.41942646592597416,0.4804084037410874,0.0173462285232809
0.27080599585818466,0.11791311150042053,0.2995046138078753,0.6324011520713956,0.7732722455237728,0.043772951686319284,0.5707020702892478,0.2558611838860477,0.49357922384485164,0.0972084844488405
0.11734789654569,0.0949728960243027,0.29007947763176817,0.6605778469654212,0.7517432428919867,0.09044558866629435,0.48043135731019543,0.37501481910111334,0.5090571584969231,0.0320364875261017
0.11833284279531135,0.013685617062008298,0.296915400481631,0.6417550150341866,0.7604163817883274,0.08377647907623617,0.4945251504427218,0.36729296927373695,0.5604302764400944,0.0032604315492544
0.14421699906366378,0.08801843707031319,0.2883448314000585,0.643837935734535,0.7607684279961635,0.07744245743212065,0.4627978235625414,0.42328846717570534,0.5000371404130542,0.0571857713301828
0.0705160156225269,0.6064905369697751,0.30875221676086173,0.6486399801844852,0.756942640896408,0.08516274515707431,0.4882778499227884,0.331325193576643,0.506419583732189,0.1591750009158515
0.1197061421724635,0.06557476214996727,0.2842940063319504,0.6406561821657654,0.75719069035516,0.0860478605003051,0.4824432981294047,0.37118678154856544,0.5432590497704864,0.0263398908304941
0.07185457536801187,0.29854840239997377,0.2964142671945648,0.6160756762844407,0.7596622319106595,0.09179456044576202,0.5279699896345519,0.40537861001588305,0.501530975133117,0.0243982855258819
0.1048543548472252,0.06046052160679448,0.2875013554186139,0.6513409967122975,0.7551570845187298,0.09389295128953537,0.5073336768218358,0.3430133851809047,0.5051631909179901,0.0046708429497747
0.08508991541702712,0.26603141905058386,0.29516451769463176,0.6343098444016048,0.7624276238847647,0.0861682929922,0.49361680307454947,0.41498998601506476,0.4846913158979742,0.0420375865479723
0.13975230487497586,0.13174802740377645,0.2747702552995222,0.6523170184763619,0.7358810329629886,0.10452174727855827,0.4158009818407047,0.36628224580263985,0.46556492089049295,0.0737810015752646
0.3523980420220554,0.2041460871021816,0.2288583637140279,1.0,0.6418010076336661,0.15900406971842398,0.2782256589094514,0.0,0.0,0.0434846320108436
0.11643380157806342,0.23635892068471964,0.28594270613077755,0.6602060406453384,0.7551630817133597,0.08682276748540826,0.4491088398022636,0.3308807899192639,0.5103516092695821,0.1030149833315016
0.09288774716903737,0.16224869933587036,0.2959499342907555,0.6247644553971939,0.7676724955557302,0.08673239921872382,0.5221636728994205,0.39657606365823506,0.5346864902252148,0.027457229732205
0.11361275181482317,0.03583064074469865,0.2958252356251151,0.6400592350195407,0.7624678218364875,0.09019471606494825,0.4944486495774719,0.4225100218957026,0.497030974078095,0.0082609810601897
0.09660345305689091,0.08549006193837604,0.28904197228727196,0.6271847619681651,0.7656936723335257,0.08950451413954351,0.5156067780546927,0.38906928269498786,0.5349398178998295,0.008737223870755
0.1144612678414968,0.30928837968925255,0.28425248183652047,0.6487743384770448,0.7562035596824318,0.09214762281326765,0.4404664986014382,0.40622286146077624,0.49816088947212933,0.1546690112466571
0.09081383686454819,0.14373986863754318,0.2905339055267681,0.6261571028809535,0.7674460164621671,0.08863960861934544,0.5173516178835746,0.3892780037596198,0.5051444804614414,0.0137744074440414
0.14064357565818733,0.11035971872200803,0.25830581983198964,0.7405476667062942,0.7181104321512568,0.18531132738344494,0.7650010534694226,0.4207571344189221,0.46778875463774827,0.0470930871524343
0.1450600060398549,0.03448415757194584,0.27671618522174235,0.6332528895178375,0.7660269379486201,0.08164746437790715,0.4767342522875317,0.44310973674516796,0.5186261721141272,0.0169249368062424
0.14611481331023238,0.1554135012099648,0.2649634999376293,0.6960808223789242,0.7391279415117293,0.12527568610861323,0.5298280774371984,0.3801403732491262,0.4992896007553716,0.1044253947320218
0.10071331804188804,0.16244238793250032,0.293320950396969,0.6382498718024576,0.7672875248731111,0.08864857671048565,0.5008859050175942,0.3893217638631853,0.5102090141999002,0.0368905007876323
0.05119471231610327,0.5712801177734137,0.29897393400332717,0.6255157231344478,0.7662333583356037,0.0895239754555357,0.504368576682456,0.38768007807081256,0.4635816076587985,0.0668754808220683
0.105531829324996,0.04724805133192872,0.2954848789271446,0.6271828087402993,0.7733860284583524,0.0877209662277576,0.5182074039232599,0.39512150019133413,0.52671797648673,0.0099644649595193
0.08975542280636653,0.2872665697032347,0.29584162526530294,0.6452799471761583,0.7636680152143196,0.09370029078993233,0.5091121741180488,0.34863318434626206,0.5134563021285494,0.0219254863171777
0.09405718773551937,0.13791286402974567,0.2863542948866818,0.6300376043559891,0.76818810216646,0.0915675314826841,0.5061874823387876,0.38077016396390256,0.5094313632223209,0.0174011796168077
0.10443152353055604,0.09068741461165139,0.283190740402581,0.6580342072267951,0.7600572663626769,0.09373439903530381,0.454715936501392,0.32240917753952963,0.4747181499366553,0.0066124482543869
0.20693800196295745,0.1094196199660957,0.2560616252796649,0.6394947002470808,0.7714035275657466,0.06424257504426888,0.460631221275439,0.3849634888994118,0.38887969182570753,0.0804117668608272
0.11476332580272924,0.03130313127194753,0.28165532844452934,0.6496887703952462,0.7647882325110891,0.09177757511922158,0.47275749047200666,0.3524911740818261,0.4884872779384977,0.0047624281056526
0.10407581062106126,0.04807254360910758,0.2884268855677746,0.6358319471194831,0.7712592202459481,0.0909875523817458,0.5018259148226543,0.3674023079446285,0.5013557098384069,0.0051104516979887
0.11018817593961235,0.020019765371245335,0.28496626549036597,0.6430467485835892,0.7688384517499219,0.09184390247036106,0.4882412140415553,0.34805901375698145,0.5000226448616788,0.0018866542110854
0.3381072931750438,0.10056226415315742,0.44207064310079,0.709054448118473,0.8329790384318659,0.0011600247603756608,0.2615741278674755,1.0,0.3720133188575202,0.0776642121844891
0.10415542562786534,0.05023327262036331,0.28797478052426223,0.6313524792766998,0.7727532430317253,0.09220098123497583,0.5122309474670584,0.37222487669941273,0.5245067676307611,0.007583250906693
0.09478681011751183,0.13191090908576086,0.2951818649364434,0.6245563405060712,0.7768721213689854,0.09115855827690289,0.5195074338459806,0.3971461350067009,0.5281125128819911,0.0244715536505843
0.12268035815683594,0.09471593415061262,0.2903058703467234,0.6356209584753673,0.7743774602620843,0.09189711777004718,0.5236866739788479,0.3625186043465099,0.508933357126201,0.0459207971571967
0.11801171281802181,0.024279290357806876,0.27838971880013896,0.6485661110723024,0.7667623129986346,0.09332796603173255,0.4719538499770554,0.32154739682570904,0.49125497120298023,0.0036450892039418
0.16502629400591587,0.19774029788150885,0.30597912805455113,0.6388048340487894,0.6892327194001485,0.1837191047158969,0.33421729508045706,0.411262275039839,0.555777495308003,0.2018353665237938
0.3848969579287431,0.31789603852632253,0.3010480109051251,0.828367237188947,0.7224877084165069,0.15942162128352533,0.5281821829026078,0.4437101715209363,1.0,0.5995896985016669
0.07910151599243831,0.31567333425963734,0.29116628118394744,0.6345700618575862,0.7717151139834965,0.09366449943121366,0.4964188218322676,0.3539390946250748,0.4894876482612864,0.0371469392240905
0.10657615930353684,0.04172403898060027,0.28835735625540193,0.6447843426289289,0.7727054244519459,0.09437020544533117,0.484014123946456,0.35079118891899963,0.5128712081816198,0.0041396490456826
0.1470685009336764,0.074749252076172,0.27748296766918434,0.6506131700677883,0.77436545723162,0.08727400029969547,0.48186867990609095,0.410918040513167,0.44215911724809365,0.0427885848261713
0.11654397598566751,0.10608608050262022,0.2935687161233734,0.6301316087533121,0.7811050666663506,0.08814628526246199,0.4990738837865468,0.4015344332918842,0.4807031640760349,0.0445653368502033
0.14589425636842135,0.2423166474944606,0.2807885905431547,0.6983785896213941,0.7589320053580714,0.09196710309123422,0.37091576253077785,0.3152068062432324,0.4519106137140246,0.1589918306040957
0.1066575958705295,0.0654416235937099,0.29266614910033006,0.6388003816215533,0.7772999468882251,0.09370835063990034,0.49251912032299827,0.363596642649044,0.5150487156134355,0.0136278711946367
0.11230184243767068,0.4562388890334161,0.29652026254803604,0.7296473512071588,0.7498666333871524,0.09646925647908075,0.35192023483557366,0.12094795547415998,0.4059834180775852,0.1480931970546214
0.055951859378680954,0.4711072852857971,0.2945507802939518,0.6366032973837289,0.7720746806235579,0.09638071647281679,0.49018323638573585,0.34137152856989883,0.4473264870487171,0.013481334945232
0.1036861335694691,0.01921712190787117,0.2857014122600321,0.6251756843137182,0.7810393052400232,0.09489600808059093,0.5205674057861268,0.3886316814601088,0.5260367279121775,0.0020148734293145
0.10069338094397917,0.0549392642828514,0.2855277812618088,0.6291181357320625,0.7801614257099142,0.09560916032192887,0.5049222709414053,0.41628424708375966,0.5175094412845985,0.0060812543502949
0.116776433123683,0.03947747957000171,0.293614289635877,0.6483739875115618,0.7790542142347452,0.0922641612247814,0.49734849159758887,0.3467000493090949,0.4918893358447265,0.0083342491848921
0.20691158868358056,0.0809547625355188,0.2833499275400351,0.6395101572052332,0.7363676600304702,0.12570777517924175,0.37068938026231313,0.49031760466135627,0.5264705062496566,0.0579367696083818
0.2742118390352185,0.25273108987806003,0.22227309180903612,0.7285255227461593,0.7292121414222427,0.17785231670325438,0.6672802099776931,0.5615645599021705,0.5924004817512141,0.4116569586401436
0.08818211963271658,0.5489612163511758,0.29168393870089493,0.6613091581137571,0.7717132119846912,0.09726330707344386,0.4317343128219055,0.3863219034099796,0.47785793825491524,0.2141810455361395
0.10926581364812053,0.02299170417797408,0.28179765936988793,0.6369190582374875,0.7788852300694935,0.09709738956454846,0.4924474601898244,0.3653052381964911,0.5105523162091005,0.0028757738945671
0.09488814598178912,0.1590988708529001,0.2902728964755892,0.6308251726211543,0.7819752766744489,0.09641546547751795,0.5026324760126325,0.3726196854490623,0.5111400539012478,0.0266695973916547
0.1301537419118578,0.06281196834732321,0.29332898059136725,0.6692180158278652,0.7742120231150312,0.09907686202890953,0.4764283134219408,0.31270288931625984,0.5295900046618243,0.0224383631900941
0.115697374646747,0.06403680910673237,0.29155501073836376,0.6533253994426946,0.7802932575692818,0.094614349607185,0.4528689944516365,0.401455430562245,0.4695478253739309,0.0167967175880133
0.1023858078914989,0.21087365044141082,0.28345938956364447,0.6512649637790541,0.7757574023019036,0.09767661149504445,0.4602246537591694,0.34268521518169837,0.47828158826397604,0.0486866688647104
0.11065164013647318,0.07692539778447845,0.29244588881545686,0.6532497853737055,0.7769146287257094,0.10385401340241512,0.4951210767784649,0.3377431482192921,0.48870988192708037,0.0128768729164377
0.13092219399574617,0.10715735732165246,0.31048741039923083,0.6430073854468163,0.7926751617573472,0.0867567979032969,0.4876156711067495,0.38192722187818445,0.5384009290371403,0.0660145803568157
0.34247337554644197,0.3498362769742729,0.22940390485645024,0.6392911390113704,0.7585844384215571,0.0888412742510631,0.3150944934716447,0.3304794632840048,0.7225237838453538,0.6238597648093197
0.09401039177366524,0.22490368414679768,0.2879830588932347,0.636585402180282,0.782859622027757,0.10247588856518552,0.5126675733181186,0.42009418727080994,0.4989395398610674,0.0518371982269113
0.14567795726665947,0.13236250092943913,0.3091035797535065,0.6409882106665767,0.7959024265147598,0.08437785125484185,0.4606846530272647,0.46995005059026934,0.4837022194117414,0.1049749056672894
0.12073823753507607,0.061791237846518535,0.29715788420425565,0.6783103573773795,0.777202314906295,0.10139675108100682,0.4584938744297908,0.29319441568081656,0.4832402487689581,0.0110818038612301
0.12455025484247569,0.07751361706116162,0.290511241685686,0.6244910085944345,0.7441431256868732,0.14814964280203374,0.47093563964233637,0.3506397559465663,0.5001223902476144,0.0395281532769168
0.506792899712245,0.3078538462538079,0.2179029560821438,0.6954405507709726,0.7667283500189933,0.02227320595013496,0.2235027312630073,0.4783389442327899,0.1819989076604024,0.3844378503132212
0.10103698636710175,0.07201067699057481,0.28306435720534195,0.6344459846651014,0.7853387062283798,0.09991356419421549,0.49356942051815444,0.3847726424152097,0.5027340056199001,0.0071619591896545
0.12862961664869751,0.11312615372129231,0.3185843549750845,0.6598241736573242,0.7646764063297086,0.12531799246453723,0.4730030660378705,0.3547756613439236,0.4938755746477416,0.0486683518335348
0.09466563763691874,0.30535249098545325,0.2843254849312015,0.6265252750440217,0.7880132485586147,0.0982129199443599,0.4926104424732216,0.4191233864396966,0.5076339772265982,0.1008535736527823
0.16271293983613513,0.10168604584262694,0.2867147848344782,0.6294063166754487,0.7884035910178024,0.09102849538921796,0.4927058842847999,0.3585956678050075,0.557988939747152,0.0877202622998864
0.10119154410433825,0.041030363167772296,0.2865852684316809,0.6275782145191073,0.7907676481740964,0.09995916976841432,0.5105215533466645,0.38984426215739343,0.516019793539403,0.0040297468586291
0.08820780200506129,0.14294775696773748,0.2911949661402655,0.6215761530897956,0.7929274442314389,0.09957242125460025,0.5180731549857693,0.4121299954137205,0.5068241742641236,0.0120892405758874
0.12965240644983891,0.04401419749021171,0.27702667861844954,0.6591672350314469,0.7801373264892227,0.09919508792583936,0.44239999074817715,0.3130637136066361,0.4950109119227068,0.0081327618419606
0.09590737060185148,0.08060402748485532,0.2904625434173305,0.6261698727284507,0.7930047703033525,0.10031552569186278,0.5135752879466513,0.3905934431083411,0.519453556352933,0.0067589845037916
0.10429220128933804,0.08842679371430005,0.2851109594509676,0.6344084689312975,0.7890633229105991,0.10579640438474439,0.5174090554320293,0.39209404733796,0.5231978254227097,0.0193061508590687
0.0995623705268032,0.14746828490354275,0.28153414821533024,0.6451958251804291,0.7845295332883537,0.10729619368168161,0.4948944745809561,0.37036744785033016,0.4874932151061482,0.0250943327105542
0.11980988434183126,0.1240810921818512,0.29065429322063185,0.6484557115816031,0.7901862318999016,0.09706348268092878,0.465206321234689,0.3535622825519895,0.4944978765467262,0.0532476096274315
0.10923275510863575,0.21150151404863096,0.292472292016152,0.6528291879205216,0.7895856791237612,0.09855076835638375,0.4439431327085255,0.4156228772315389,0.4644650307084391,0.0828845660695314
0.10267922720785908,0.16458407957137472,0.3010984311282163,0.625213677640432,0.7996784577513504,0.09670987185160965,0.5145394519878834,0.3885537354586919,0.502986520028579,0.0544565336850203
0.2331155690373798,0.07739334601307356,0.2841390109132531,0.6633681799719036,0.7838546855921513,0.0867883924342592,0.39925788889412295,0.42484497226698004,0.7067047408732006,0.0460490163754258
0.10567179610905877,0.0,0.28968882936706597,0.6307488028055036,0.7961124975305105,0.1015728698718644,0.508874755792505,0.3841852040362497,0.5264098986780671,0.0
0.09453019485063552,0.08960164809152132,0.2893225463645014,0.6246652110112856,0.7964977723493316,0.10210457492441354,0.5138944671811714,0.39255448948089294,0.5093378379085659,0.0077297871560977
0.11896689067118324,0.04885918857263509,0.2883198524571399,0.6346255142415606,0.7964911740370729,0.09783828859283135,0.5053871664022572,0.3857124657477606,0.49535951837691705,0.0161189874345166
0.0925841823520444,0.18413716583901563,0.2829360056316857,0.6622454441859352,0.7823746833418135,0.11075451529667577,0.46875701677549864,0.3143348003071191,0.4626169971462205,0.0033886507674836
0.19431901069113117,0.05224907941149648,0.34640216323562034,0.6464876503635169,0.8193978812965088,0.07243094623686083,0.5267876628089802,0.34071115544901076,0.5019232587210584,0.0311023189361468
0.08328124129956746,0.26039844835848713,0.29559541182061194,0.6368668741749746,0.7942490102739445,0.10701326018062512,0.5272373472267821,0.3664067033809998,0.49731713699879904,0.0285379345715646
0.11162921814105362,0.021071965564122247,0.2863711327824169,0.6472051884632519,0.7939498730728956,0.10237560477071186,0.47129574386380385,0.3705280988883578,0.4844393856099971,0.0022346778034216
0.3168620848206959,0.31588917481087847,0.24184992228762456,0.7388274166858593,0.7745349737745397,0.07584199271034259,0.19308325924998532,0.5716395853331663,0.42739499781584783,0.4662783456057442
0.13562163060956806,0.024632335903302688,0.30631390516058316,0.6351215373064552,0.8078315930123973,0.09049699544067666,0.4896782362553469,0.4211731794669553,0.480206600716673,0.0120342894823606
0.062049038513575155,0.42987645147470316,0.2986305331536334,0.6193531574813048,0.8004807004343726,0.10193903946785983,0.5146693072464095,0.4095544203028252,0.4824263615845074,0.0457009927830897
0.11834447405649792,0.13254726402993108,0.28296254177109426,0.6546942525168652,0.7903138166688161,0.10829049597276477,0.4735513919181514,0.3627324026012308,0.5090312948419553,0.0532476096274315
0.1002498816112924,0.058214929874099805,0.28299483579236634,0.6227405744148898,0.7990303977782651,0.1053327421706456,0.5125543125704751,0.3829286151725606,0.51576998506704,0.0085723705901747
0.10364025352667247,0.07389031587243153,0.2841639533489465,0.6420142447711437,0.7953810890440722,0.10539881646813637,0.48071100434890524,0.35217441497708984,0.50047018920249,0.00842583434077
0.15344702171937996,0.16191427464899125,0.26803630239377113,0.7010298824369527,0.7763044778855458,0.10233753036805554,0.36012709170864493,0.18205260748701727,0.44177547971828335,0.0902846466644686
0.12723419822707105,0.17591317258839242,0.28516794459831757,0.6389794809248102,0.7970954463473069,0.10294313714064547,0.4651418798794712,0.3919201528912589,0.532653331260688,0.1119536945451881
0.12092008187959499,0.08302816714565268,0.2793798715532459,0.6498812628679573,0.7937997929292876,0.10381484438300596,0.4533840634196219,0.35305099689732766,0.4822048846724306,0.0261017694252115
0.11585297747835571,0.014182052410537022,0.29990899340771565,0.6257652623956805,0.8097236524699711,0.09862946210790524,0.5152286169742444,0.3999646529143914,0.5177733195281395,0.0052203538850423
0.08143266059796087,0.26911818419306777,0.2998215315885975,0.6203969620600633,0.8067370664481138,0.103171338783562,0.5173792821847791,0.409978053183768,0.5255390321175252,0.0443088984137451
0.09863500006046319,0.07884028949724042,0.2862713874402191,0.6387968459745045,0.7995298931091778,0.10672155562629014,0.48868174590904945,0.3569504141548359,0.5010733378658089,0.0038648935780488
0.2036385429658463,0.09018927272042913,0.3031827287048192,0.693397008789385,0.7913416629187895,0.11924809012192933,0.6023303670260418,0.33569330929010033,0.5050891454564617,0.0674982598820383
0.12485390517550513,0.1457006662207166,0.28134058522833594,0.6818030280557335,0.7842146640140184,0.11394804218250071,0.42439959264220783,0.2588996120348874,0.5206403840903688,0.0533941458768362
0.11237118024878229,0.14941084462412857,0.28769699482534566,0.6589254801707566,0.7957046596792261,0.11003374276230521,0.4792645885455854,0.32671503606146485,0.4905133008529047,0.0440341429461112
0.10852772525361859,0.1567963776229274,0.2826159027601407,0.6443202240695162,0.7974311905406969,0.10729370863730892,0.4664479789842636,0.3323638802596615,0.5067437833486598,0.0459024801260211
0.4257956104827184,0.2767519971041855,0.23198505566745026,0.6292046710510414,0.8061611838462157,0.04788781390875457,0.32378417093809914,0.5647358457268608,0.69280975509731,0.4832399164743378
0.10269307003009558,0.1026461232001779,0.2942195333634147,0.6303824598275864,0.8089749631852108,0.10361431486715234,0.497183536997847,0.424745631023849,0.5059691309702499,0.022310143971865
0.11780786752701057,0.04053224069325033,0.2819757384801086,0.6387850356392195,0.8036619922339561,0.10438464180623784,0.48621731556803943,0.35926168794071556,0.5078184605882585,0.0098179287101146
0.07860886639680469,0.4412212983282212,0.2898268184277276,0.6453426800665656,0.7984330329675037,0.1072044706418829,0.4505675005580448,0.3891158188076032,0.47996637426311206,0.0600249111623987
0.1211369674057091,0.04604500308089873,0.2966154020514822,0.6600786989664273,0.8036982121914961,0.1029822110821218,0.4683133124677028,0.30147341163167407,0.4669668580841066,0.0086639557460526
0.1752169967324397,0.061455920892677623,0.26431337182919745,0.6676361594649549,0.788691573563223,0.13229104983374204,0.5669910463775807,0.4330319570546546,0.5299734739866878,0.0375865479723046
0.08884078702387366,0.22587191736318088,0.2938647220099544,0.6246596039227763,0.806826677383937,0.10977810675592732,0.49966908568012103,0.41434451378302894,0.4966049509661394,0.0421291717038502
0.13620723400543264,0.07623071536394181,0.3027232325940132,0.6297170155555112,0.779952115340335,0.13770286933410072,0.44272704974005045,0.41859896516655704,0.492354281227318,0.0497307396417188
0.14284567888813124,0.07487142109786003,0.32066573598437803,0.60983646433994,0.827079984930607,0.09143800869192518,0.5221857641945373,0.41449617809410355,0.45630529386891416,0.0644759497380664
0.09883132565623527,0.051078069872560014,0.28758221801773276,0.6314303599642106,0.8088552574046625,0.10907363105641002,0.5019420197168412,0.3781672201602269,0.5183019960723234,0.0020881415540169
0.09045175080434928,0.2059530506371428,0.28781480299498474,0.6404618185596874,0.8041835409693268,0.11012910418272419,0.47912116083838485,0.348766257992922,0.5040484429420413,0.0252408689599589
0.10704793277689642,0.11601773634124501,0.2940407801948651,0.658543447664189,0.8039801844193073,0.10780906826012553,0.46489547324499336,0.30353263411499176,0.46908781458981913,0.0165402791515551
0.12857247569888483,0.03002618149544975,0.2751346719378416,0.6715552496935695,0.7903819666877911,0.14536248997406645,0.5869088239399277,0.38431226702074633,0.5516723640600774,0.0091951496501447
0.1547253324098117,0.11299992266754343,0.26242832430959406,0.7016461344155421,0.782743903202145,0.14090953091903433,0.5180253422420132,0.3593706399449917,0.46935621350902257,0.068175990035535
0.20738838866111817,0.11070703168249352,0.22904428328234486,0.7228460176027635,0.7510533723393523,0.2022215739656248,0.7240339419501094,0.31868565102595625,0.4612972125143219,0.0892772099498113
0.09996399560504123,0.19849838826281813,0.28699682593524684,0.6603567178274796,0.8002097162674914,0.11652248528352757,0.4693829210686802,0.3181706448389324,0.5039538079731543,0.0334652159577975
0.11056330150685413,0.1760255337842836,0.27867456374383565,0.6570633554297098,0.7999652632678006,0.11649618319084397,0.46774432305085045,0.3101048947119708,0.4824279553802193,0.0524599772868813
0.14009619038838222,0.06291273207596824,0.2557258204200587,0.7449598541098505,0.7595405584869177,0.20971965205586862,0.745942276757771,0.3624082136604614,0.48011371574908135,0.0192328827343664
0.0829956100485045,0.28328841835160407,0.2903330252789297,0.6252345660110257,0.813915003336633,0.10831197007990252,0.5073680597705372,0.39126974775224954,0.4909233920815659,0.043246510605561
0.1297148746692256,0.06104780462157014,0.28142214940371574,0.6339012036040274,0.8109313530329617,0.10711458795993918,0.4782528317698229,0.3847900241005426,0.48544069705755427,0.0285745686339158
0.09042438856607428,0.16763554478321624,0.2911064446723458,0.6288737327570856,0.8145696217834694,0.10992967437698944,0.5034502509676531,0.37968788442772794,0.5031301242953448,0.017785837271495
0.11076944356838991,0.01913273003894353,0.29019546476650504,0.6384605169341808,0.8142092066256793,0.10964127574701572,0.48537827609945033,0.37351215296548906,0.5103513820519183,0.0034069677986591
0.12272910249568521,0.07651947127848717,0.2901072339016072,0.6608898742631216,0.8078352910735825,0.11310537859264558,0.4800971978291925,0.30879077124332854,0.47320030816600434,0.022932923031835
0.22747900599278514,0.12273626527484435,0.2534888468841094,0.6429273362827789,0.805850126851969,0.0956487214619369,0.4218140801485421,0.43110633136005905,0.5040389973005531,0.1288419972890793
0.12171833496960077,0.03746469105431424,0.29352865107372766,0.6493665513754385,0.8144187860093324,0.10739308946548051,0.4567614238413692,0.3750641120708769,0.46470953722020986,0.0123823130746968
0.1441620109145545,0.04914653089626696,0.2685986368993559,0.6658050833366802,0.8016845369061462,0.10902269470521216,0.4110461248569113,0.3155545473480244,0.45231604002053294,0.0160640363409898
0.08916926930807204,0.39649196140905685,0.30040324929923173,0.6425565409940679,0.8156061937433366,0.11042093305853092,0.464814695666354,0.39459214146641053,0.5284802907416554,0.1234384730922812
0.14460843233652276,0.238204189004246,0.2914043800325182,0.7185229503178522,0.7912456954561682,0.14432850967299937,0.5419651066825735,0.24895087472731292,0.49898674019985306,0.1502179726709895
0.1101927987694741,0.027158539430317014,0.292731973024418,0.6332987737740959,0.8198694326060068,0.10985451048135288,0.4967940467962192,0.37523241709055244,0.5189576804061403,0.0056416456020808
0.15636797220859563,0.10392557884732698,0.2670627157419733,0.6569433775935941,0.8111893045543013,0.10269613263338243,0.4167058739992249,0.44482852387207006,0.42657761692112406,0.0757958750045792
0.10743950984038955,0.31933548768223463,0.2857689416705378,0.665713473946579,0.8048574824606387,0.11926651864756432,0.446459302030243,0.3093866308312333,0.5347496308332915,0.1248855185551525
0.12278249045600452,0.08884628855931304,0.289048438364124,0.6603615248113581,0.8122362330282067,0.1146193164370121,0.4855518654343222,0.3192037955175174,0.4931320152797782,0.0299483459720848
0.2468340282279254,0.113875420236245,0.25658867230007354,0.6299984652546635,0.8141069374154217,0.09176615916783423,0.43881432061888637,0.4385321336333617,0.5538376040670463,0.110671502362897
0.11577296165726103,0.24942099267871773,0.2829458976747871,0.6569709968904448,0.8088758802670634,0.11793359929310085,0.473619412292643,0.2912867341633843,0.4860861124754523,0.110579917207019
0.1326430748358034,0.04106392348105134,0.2735200307208323,0.6611928241189495,0.8083470151631676,0.11256625569533255,0.42529501330820063,0.33169206606933155,0.4754020606389286,0.0117045829212001
0.12235640560097896,0.030814015320098254,0.27529529836176364,0.6371814157120543,0.8167360895600928,0.11154302577958915,0.47350093068412175,0.3779017292760328,0.4814549029626936,0.009488222148954
0.12431320476130135,0.045888382055502844,0.2833987623714846,0.6435813741514061,0.8192269165932609,0.10946129911465527,0.47671191068941837,0.37272592782265995,0.488744299182668,0.0158808660292339
0.09187689003102548,0.11656659368045993,0.2882559270485892,0.6288041213739106,0.8219291924252378,0.11448470683917615,0.5044575104916978,0.38770751198012426,0.5060429425883167,0.0059713521632413
0.22955346420260198,0.09582045269031883,0.29048446859722116,0.7256424462793934,0.7984061004905687,0.17503725039512005,0.8690896157032859,0.29890021536012434,0.4516509920109642,0.0607759094405978
0.10336725547003543,0.044647393214436365,0.2829473897713409,0.6237413943819601,0.8238295567065826,0.11408221108522706,0.5071302071034277,0.40103588727696066,0.5133081416177936,0.0069238377843719
0.11887324817358115,0.22796798712073565,0.31139755245966666,0.6589953269936483,0.8245831843102915,0.11116336265511284,0.5242497847733554,0.3057237719996385,0.5147303801641852,0.1045169798878997
0.18809594970273408,0.37086929606905294,0.2728981296349853,0.6827494037870113,0.8101895074527138,0.11563812463187756,0.3868455299718702,0.3596918455285575,0.6001173438807634,0.4193501117338902
0.15394845463893028,0.20706541780343188,0.2749801756198858,0.6480282507049562,0.8124288526983309,0.11649647712154801,0.40483216561349755,0.4616419614471831,0.4683604573021453,0.1718687035205334
0.11279578286457678,0.07601314478734945,0.2620707917854154,0.7304204004602,0.7772266998820847,0.21750667044110145,0.7760703690743882,0.4193762721953657,0.5069267915621647,0.004744111074477
0.09926207767263073,0.12010485260310624,0.2927871541573336,0.6287009793852961,0.8275250135005333,0.11341114994148031,0.4970173853215242,0.4032229985379663,0.5023747954884242,0.0232076784994688
0.20939250093574793,0.23113073375549656,0.24384771512785344,0.7470879673571018,0.7772414000131811,0.20150279358994017,0.7019104108063372,0.44500672863793295,0.5359701175822487,0.2773015349672125
0.13694384549652117,0.1318476767266493,0.27498272174446375,0.6732588422302985,0.8110408367059008,0.11459491198089912,0.4005766390653894,0.30880421763655536,0.48336077138815564,0.0597318386635894
0.0954027404325156,0.12036459657805967,0.2928856615254054,0.6283210400451048,0.8258337824883409,0.11773786747065076,0.5014935485837629,0.38174277437676835,0.523976102560114,0.0135179690075832
0.09810391450691436,0.18031612844896056,0.29133151683792086,0.6327572504269332,0.8290778822908025,0.1129102465212565,0.4838333734159215,0.43397869990293,0.4853285734608024,0.0397113235886727
0.13520191661487546,0.06836218114169701,0.2888453762731502,0.6268510134293632,0.832847521577047,0.10629753447867908,0.5165771607822532,0.352592564959027,0.5346458604116051,0.036414257977067
0.09179354946826626,0.15130062145499495,0.2852798267907507,0.6281277047462966,0.826580912237059,0.1169035603044967,0.4982484208144349,0.3786519113679512,0.49750013901358714,0.0146719419716452
0.11192842250059218,0.13614561901223532,0.2896706703357191,0.6474931920673506,0.82196433645573,0.11790599636659996,0.45693513798663615,0.34539128654644347,0.4960508902452212,0.045462871377807
0.10782210539784923,0.014235905252031944,0.2893350973377611,0.6285214938190027,0.8313173315000694,0.11541758009376121,0.49816427855064044,0.40879030969518154,0.5075758589432903,0.0032054804557277
0.12417186048557115,0.04667975538183279,0.29231475594542766,0.6737992615163477,0.8197604463758409,0.12016081644422758,0.4463058934270246,0.30080912327360176,0.4866989588159662,0.0098362457412902
0.10114077904806928,0.1156754789362005,0.28083831245024754,0.6511474910293287,0.820053199561373,0.12022035295387398,0.4545879864590537,0.32042253966230155,0.47811432773314727,0.0093050518371982
0.09464759075356521,0.14453207069027948,0.2921432040375081,0.6293131738456623,0.8316180623371634,0.11612406305261394,0.5001415051991981,0.37862465621413477,0.5100841037777197,0.0185551525808696
0.28623461998214306,0.46078807352569223,0.351167964908185,0.6707997990837896,0.8620119469826975,0.08326460131270141,0.5407975036786495,0.24065641655318828,0.873572209811408,0.7927061581858812
0.13313673066259119,0.09226180954504618,0.2828164172435463,0.6428356519970063,0.8250145474906195,0.12022253960383755,0.4923032754931093,0.3352463533460882,0.5370451089286856,0.056911015862549
0.0922182869217122,0.19010397661821696,0.29085282794117584,0.6310057664956576,0.831293048499539,0.12197403516552387,0.5170920129113544,0.4014467831513571,0.5071420031508211,0.032512730336667
0.11524763357719402,0.12957090890528136,0.2868403811336926,0.6318338068003805,0.8320927188266699,0.11503257289191882,0.4869193305931442,0.37794350793394305,0.4848237994908889,0.0478624024618089
0.12298963512318789,0.08550328236863215,0.2820208872402167,0.6305673700237284,0.8315833748227435,0.11891863316717179,0.5220687247402799,0.3694212347805904,0.49747854876164305,0.0427519507638202
0.11436938679056605,0.135252680169061,0.3050880611166314,0.6474275034955482,0.834367723483111,0.11768335954822248,0.5361778433602433,0.32589981194585615,0.4937132754402278,0.0456826757519141
0.11793817772455378,0.12664835639943972,0.26172166836099053,0.7285341988456975,0.785710009053673,0.2203001705414458,0.7731951101122474,0.4134680788906354,0.5073529552336824,0.0322746089313844
0.13251727443772007,0.06160792909379999,0.27966209118131435,0.6630083112391055,0.8237746407288679,0.11660746730361449,0.4340656907372441,0.31821621161800956,0.46986124863826906,0.0222002417848115
0.10780814278032508,0.05118683563274383,0.29311328973661205,0.6442791827022283,0.8331525496906538,0.12245453313204513,0.5083908410806974,0.3766471405876987,0.5030355728008017,0.0076198849690442
0.16847514080189085,0.07894870332881129,0.28223193336598396,0.6481999222379329,0.832140102905204,0.10841800240516015,0.42971075335389586,0.4493542601714066,0.5782743930850208,0.0612155181888119
0.12304519158130359,0.021015291047509543,0.2708561866618252,0.669134826648955,0.8162392413939763,0.15612782894938945,0.5850458792231121,0.42063027600752634,0.5079960786344082,0.0046708429497747
0.10691582765347399,0.05256172011078293,0.2914775179414089,0.6285753693411322,0.838200407872415,0.11783920673898232,0.4955147733871149,0.3968780225694127,0.4981870020441845,0.012107557607063
0.11315767453738802,0.014406769491814464,0.28078897492445093,0.6280905969420016,0.8358630306883812,0.1190827264411811,0.4940836774014583,0.39638279826295064,0.5151990505106131,0.0035535040480638
0.17211246330124447,0.21976835840253078,0.2815890376791191,0.6381643575271645,0.8348643354181685,0.11053661234916581,0.4669353320733172,0.29464848328476284,0.603574928569967,0.2081181082170201
0.09688306406588094,0.4667156296792998,0.2865229051047387,0.6630197252490038,0.825546607511793,0.1263627949688574,0.44678175334703,0.34933314219436096,0.48375590557996306,0.1775653002161409
0.10177779689661214,0.03819633771481799,0.2862838954523124,0.6341746385696155,0.836064739069532,0.1261408236966637,0.5218225888555426,0.37974066348147034,0.5135048057710299,0.0021797267098948
0.10622987059155554,0.021210142861163017,0.28165523500072365,0.6373131696713554,0.8340271948025932,0.12744328714002698,0.5067771342903391,0.3809650446105054,0.5180991226311622,0.0020881415540169
0.13292684512899997,0.07505245256107482,0.287167737527102,0.6892624944503117,0.8235625683213642,0.1240392888012721,0.40687500780157737,0.29716822043699476,0.4614529552404549,0.0226948016265523
0.11934705997928206,0.22514187818703132,0.28810284869552244,0.6600001239878536,0.827061372239747,0.12455649679930052,0.4171164315673508,0.35825264793832523,0.4965845095223517,0.0955416346118621
0.10379282165636858,0.20001923637435706,0.28888613065678664,0.6578184189321418,0.8302851478528938,0.12711281887213083,0.4700626319760136,0.3330276681349548,0.48983436692957044,0.0506465912004982
0.10909086497457215,0.062031319612752614,0.2797810927332623,0.6364104559720407,0.8366015429447561,0.12190375029405595,0.47035108176103985,0.41857194488491983,0.49779180567808057,0.0131149943217203
0.10003351698609378,0.09242567555438709,0.28922394871272705,0.635796036831425,0.8392061026587339,0.12175851943743893,0.4840988086737826,0.37458987320067694,0.50158362737673,0.0102209033959775
0.1262301818283521,0.04651890346471731,0.2845582999136862,0.6504419440200222,0.8344478177711571,0.12499851494692447,0.48167801536739246,0.35391034258107545,0.5386222997644502,0.0158808660292339
0.12361825191828078,0.18990666860446392,0.29620474010491,0.6485759362364206,0.8418734824091312,0.11670786987519646,0.43444847563086325,0.45141781266967046,0.4805604883236391,0.1028134959885701
0.043568462449567594,0.6656080537307814,0.3028980595603959,0.6153703611978841,0.8438178775118945,0.1202897889485682,0.5035967044106471,0.4300625269060006,0.4673805956208361,0.1008718906839579
0.10280605305790752,0.0548725155994501,0.28803963670496324,0.6278391248822837,0.8423787993383234,0.12313144522649136,0.4991135594285033,0.3805340067308271,0.5056382937077922,0.0070337399714254
0.11137172375490091,0.0722976782704171,0.294154577314479,0.6403971445050102,0.8442417980372442,0.11924744901728798,0.47436886719802956,0.39672766671764936,0.5007613613407217,0.0178591053961973
0.185448393903665,0.07981750801204968,0.2556396875918463,0.7468318482406816,0.7822300111937555,0.22373066609147169,0.6768534754533966,0.4934404699143916,0.41928144110208077,0.0462688207495329
0.14310273892190567,0.2080752198861866,0.31342896837995105,0.6681630390168918,0.8479636384996982,0.11111318224547047,0.4069176217363457,0.44059046925260326,0.5134012738427632,0.1596146096640656
0.11115151089389932,0.023424195023024758,0.2852929235766548,0.6435664896472875,0.8397607440885517,0.12410198710754262,0.4695750606681611,0.3392345230578979,0.49070634901500954,0.0031505293622009
0.049369504062852884,0.5045750151451132,0.301310502820987,0.6052537953195934,0.8500914491766048,0.12117300607029738,0.5314967443612857,0.43125467856442234,0.4833569455492551,0.0425138293585375
0.09672373746066085,0.14862396950894452,0.28468367848632437,0.6400838184175016,0.8400177943695628,0.12446124286437374,0.4774320805046389,0.33873974227608583,0.484568406848675,0.0144887716598893
0.10699704084435706,0.022234826057676932,0.2949110809988509,0.6271850504011973,0.849964586164151,0.12180677177464716,0.5047642350688675,0.39618534901123953,0.5437570278057466,0.0040846979521559
0.13475175674272247,0.22944382528244628,0.29674575710274426,0.6780809843441761,0.8340426155645342,0.12779100798890594,0.43876379877026983,0.28682670855205494,0.5860256438362621,0.1417005531743415
0.11363512417246081,0.05357633475755315,0.2891909066875708,0.6338846418838807,0.846804880975687,0.12176150357546649,0.500070103174708,0.3561468562848867,0.5112403312076905,0.0137377733816902
0.24698354231795916,0.18488476640392262,0.24684226265894643,0.6679613728896678,0.8219174273672808,0.11797282615908351,0.3394156227184939,0.3689026032785869,0.5594894630472497,0.2400263765248928
0.09679559761716347,0.1511058222706652,0.2833202162682659,0.6282563776173851,0.8451994454632178,0.13001053598491646,0.5147404695340346,0.40532963473359895,0.5084088618230748,0.0296369564420998
0.04214065446658674,0.9550705663470952,0.28575816616684907,0.7161897000589676,0.8041979127289269,0.2264077191265782,0.7849702164424717,0.45698599569658005,0.47378212460706265,0.2473165549327765
0.09907815747009208,0.10332977558322004,0.28522817759403296,0.6344887150543304,0.8460793980735476,0.12549004166830482,0.48376981761445254,0.37301050151327975,0.494515472320742,0.0108253654247719
0.12880110527595756,0.08514941999613759,0.27675052754240026,0.6378470859367231,0.8449707243653211,0.12133463507527309,0.4680997727407941,0.3709973246741618,0.4806958770747892,0.0433197787302634
0.12943931173627535,0.034120983664854526,0.2891649763919643,0.6742744850359704,0.8432178432860363,0.12550825667679438,0.40977480029353386,0.5213802393974797,0.44230978180176045,0.0106055610506649
0.0963392052446295,0.19192258166878567,0.2875247829915513,0.6382422837128213,0.8462302136839146,0.13025414537706198,0.5037056068399614,0.39405257083695655,0.4912620554022658,0.0373301095358464
0.17221718346592885,0.07371856278202195,0.29702929190746524,0.6664881715434736,0.8443173902534938,0.11788920173106286,0.4771426599819286,0.2977269627544163,0.48798842110978824,0.0462505037183573
0.09931103727807547,0.1622682058048349,0.29013384866108016,0.6367090430497903,0.8493841508921526,0.12468819544689623,0.47923283328913624,0.36325480535692445,0.48636356758653443,0.0300765651903139
0.13804167488125663,0.0824625958087027,0.3007138732861519,0.6877023869402583,0.8404641976439331,0.12608155105960817,0.43511020490340924,0.25445237028675527,0.46237294164057186,0.0328058028354764
0.10560577059728321,0.25220339941524184,0.27946084537330373,0.6528831897358046,0.8408609949646565,0.12878167171472907,0.42641218885953924,0.3875521775980728,0.4793161864932499,0.0929955672784555
0.11054891910971393,0.16576561317186667,0.29154629120507325,0.645326528108532,0.850242991417793,0.12357858404220105,0.45723501930909033,0.38114491814362095,0.4927365886773642,0.0514708576033996
0.21683961364614285,0.2047012749696407,0.24540134107951378,0.7265960868567447,0.8105280833618146,0.2092970342828448,0.7264113104056313,0.5882115901505492,0.4765995086902518,0.2731435688903542
0.10794102380474267,0.12839241015758035,0.2904679266776213,0.66335913341332,0.8345760197323124,0.14204450336884178,0.45252442666109616,0.30555269975919896,0.4839466725673871,0.0187383228926255
0.09386722743327339,0.19679613746307906,0.28582275558538717,0.645854228550102,0.8460612119208439,0.12839639967665537,0.4632006180486308,0.3285604748889763,0.4835374112955383,0.0189581272667326
0.10037004047528275,0.5154959771849038,0.28726866659218625,0.6441295207728284,0.8489901634746829,0.12801192662795996,0.4443051523877094,0.40195298521365164,0.5187132437694334,0.254478514122431
0.04261345783708585,0.6339151644917808,0.30260977412522977,0.6177008629043169,0.8550455764096438,0.12651152168161628,0.502382281102823,0.39453353752920434,0.4569067016230798,0.0668388467597171
0.14795563296032685,0.07083734665829042,0.27264595882560305,0.630368129772133,0.8542260414296753,0.11812639725321644,0.47349358764850497,0.38972187254402874,0.48390871892223486,0.046085650437777
0.11338778425400066,0.09337915643133135,0.296168178974354,0.6254907334876275,0.8541958770719977,0.13064382462581303,0.48680053729420036,0.41450201684513494,0.5338676955401419,0.0406271751474521
0.14844737561207105,0.1788010982519016,0.3337225872478988,0.6102734590742076,0.7941741161036397,0.20528575227797427,0.47394530820689873,0.3302433915279486,0.5459040286395078,0.1469025900282082
0.0,1.0,0.3162030418722701,0.5949566481014932,0.8499870671359855,0.13771065553671558,0.5247371321279332,0.4137506417426584,0.4545422941733474,0.0901014763527127
0.10035843548983953,0.16682272467392817,0.28628595991254674,0.6493225241689804,0.8470505051099395,0.13230181201902266,0.45052417773152237,0.32796212166611594,0.48121928840052186,0.0235740191229805
0.1536554227309091,0.0722060289814131,0.2996447286923958,0.6238389884748742,0.8282540266182199,0.15672611593529617,0.42557558399521794,0.43683902590912105,0.4479904673985481,0.0583946953877715
0.11458091996953879,0.043715169276612564,0.28642411253320943,0.6480277306290462,0.8518736632481232,0.12934497940333634,0.45696858349193126,0.32593654747375445,0.48848671542617933,0.0083708832472432
0.13869924165841915,0.06889030372130908,0.30329222325587063,0.6391751134590856,0.867593334248472,0.11552505020493054,0.46500490658363347,0.4588763390081039,0.4793457672262658,0.0417628310803385
0.17461032083931627,0.04395175495846515,0.3755776089696383,0.6799006920528051,0.8818093171214756,0.10424303468992889,0.4808867373980526,0.38519318464061486,0.6096589199679033,0.0294537861303439
0.10396306113593426,0.09481589032632086,0.2837977755137196,0.6410779062957743,0.8547769570684025,0.12985219126589914,0.4728066439881723,0.3661070590420069,0.4859612998013228,0.0127120196358574
0.12190214462288221,0.12072411762186194,0.25531027183261684,0.7549403514941014,0.8015076616430954,0.23439619229736275,0.7155258656890479,0.3600392048817654,0.4648839614757006,0.0191779316408396
0.11190192920138664,0.19921124132317686,0.2861120380000628,0.6643648422550816,0.8500402904251526,0.12975633014555613,0.41453736955508014,0.36030492560650124,0.4619081498098939,0.0648422903615782
0.1659857058497482,0.03929259471077888,0.27056107741338614,0.6561899568266932,0.8496314405520018,0.12321385777847695,0.38908105597658593,0.47151541147701476,0.510153557236444,0.0138110415063926
0.05722769670437822,0.582022173526294,0.2930722523015023,0.6469663980242052,0.8504063199135897,0.13228846619961177,0.44736345521312426,0.3429284758688079,0.43445407351462423,0.072700296735905
0.4070877841599023,0.45503416696278615,0.25392252940400134,0.8686433994008699,0.7927888982438308,0.19804462349117802,0.4877000291786323,0.267788029311301,0.5647786088809623,0.8976810638531707
0.10332363628637842,0.07252048526426752,0.2872992277661934,0.6384036502815343,0.8557696022153155,0.1350834985782101,0.47415834102043336,0.35843751392555473,0.49632141313337463,0.0067040334102648
0.2286766927894629,0.23808582734722053,0.28495115793367065,0.7091740370124737,0.8406220719747917,0.12303131665023559,0.29301622290026774,0.3211867171948334,0.6988961797694541,0.3220317250979961
0.13170761379036117,0.034982434352499495,0.27712082208753264,0.6499804133714249,0.855917883885871,0.12805709068121468,0.44518139529200434,0.37516295419145435,0.46614644116461434,0.0103491226142066
0.10068317117816519,0.12820159967216743,0.2864382922668001,0.6465358430560392,0.8584064076420416,0.1316072247653771,0.45535270980811654,0.3967258231019664,0.4778788096854044,0.0143971865040114
0.10521349942796976,0.11006967579506974,0.28201621652289804,0.6576916428582621,0.8531080181485589,0.13408168244023191,0.43708115263091313,0.31949592385697906,0.47845130129575514,0.0098545627724658
0.23593736719466757,0.13905536998432086,0.325021237045342,0.6802376616137198,0.8716567499613419,0.12740023290810323,0.6799757232664945,0.24900155400568585,0.5519738819877306,0.1561160567095285
0.1126965870041866,0.03082820886504614,0.283909143692274,0.6329101553725549,0.863879294615413,0.13060339345363267,0.48858344581091323,0.38237030565395486,0.5038183749042484,0.0066857163790892
0.07213144576157692,0.3190049584078967,0.29314090305115453,0.6145648413387539,0.8673523500892029,0.131440173826418,0.5137135282928222,0.4032023170431799,0.4974671239446709,0.0328058028354764
0.10045471696476473,0.08623572072894631,0.28297948849213916,0.6319865060444256,0.8628068301427667,0.13765719484376207,0.5140087914373344,0.37734435401736866,0.5018389602271062,0.0094149540242517
0.1584589245334897,0.16005783914818397,0.30602218361357336,0.6590937333208404,0.8716047035068418,0.11810318532823655,0.3996235105964598,0.5051469500021659,0.47363250831058246,0.1358574202293292
0.10026862816252996,0.36311637849847245,0.2969366598478094,0.6298606592802147,0.8698164100312276,0.12928318410099657,0.48023249521727895,0.3978913711032475,0.520360881159678,0.1582041982635454
0.10036153103455178,0.2904346838731739,0.28334672837741315,0.6579467010774404,0.8548572462123516,0.13897548125104614,0.45692509654583857,0.3404464749581694,0.4651853180300346,0.0841850752829981
0.13454326800943558,0.06054183184999021,0.2557008920262124,0.7398148495073018,0.8161353595109893,0.23345753346298778,0.74014056554776,0.4156742184880227,0.48896359885422386,0.0162838407150968
0.09014576048545134,0.8652236158243825,0.2693823759536888,0.7404210190008917,0.816261551709119,0.23769580157372186,0.7148314976804998,0.4474567852735968,0.5505477052964326,0.4647946660805216
0.10122880729265493,0.08715354423503953,0.28531803521091254,0.6347408777964895,0.8651956365478433,0.13490499117607171,0.4802393302020602,0.36234747373256315,0.5151993825544988,0.0099461479283437
0.11327674249951641,0.08495971210654807,0.298815506678849,0.6320040756303973,0.87342760729485,0.12874659520586387,0.4920670283432541,0.3780028848069978,0.532647179333791,0.0272191083269223
0.17534992570827848,0.10606193853314089,0.28837208189026514,0.6615113461366074,0.8655851161736092,0.12434245670645794,0.4544565217741286,0.36167409998376504,0.49618897083836927,0.0920797157196761
0.1020440254995701,0.177909303681554,0.2839433539688652,0.6480794454544087,0.8621227162254671,0.13480118955071027,0.455947647013184,0.3343906420310697,0.47492063726481293,0.035040480638898
0.1023019202905312,0.02410556075063902,0.28416062845674106,0.6293905633944492,0.869144848234663,0.14022058526197181,0.5182778738786709,0.3929844619178285,0.5133414350052456,0.0016118987434516
0.12129805107035484,0.12040699848549721,0.26022100095517814,0.739965592555759,0.8198115691551318,0.23624140979253888,0.7422286225534702,0.40579658942274943,0.4792860585404755,0.0275854489504341
0.0906813943781465,0.3080798400202484,0.2838346160674308,0.6243016310971238,0.8694252403187069,0.13425849792534195,0.482307492866474,0.41036232251900734,0.49596024201368444,0.0860350954317324
0.10251392802907415,0.22492763043863873,0.2912370083719659,0.6559933090810051,0.8640440953737226,0.13480154906472644,0.4308563963818448,0.34293868636395797,0.45704981993734833,0.0539436568121039
0.12725657045092698,0.2063167890651608,0.27765434817962287,0.6677984986052407,0.8611283153973064,0.13315958858117277,0.39513244194220865,0.42751709866145005,0.463461215947232,0.1065135362860387
0.14212516779080864,0.03763702477836886,0.26222652897532445,0.6320011138777349,0.8592331763975233,0.14074579258574701,0.4658888339156744,0.37060229864496197,0.463641367961492,0.0167600835256621
0.11020869015251981,0.09236672104931451,0.28104165028454764,0.64917007170785,0.8650076095347278,0.1409126042662913,0.4809258027248545,0.3443935786673647,0.48186761126616257,0.0184818844561673
0.21143703720181223,0.11346977684046185,0.2903072678847312,0.7029079914653336,0.8540161135638789,0.15293794552234538,0.5411209973850625,0.33693430179512374,0.5204991498296742,0.1020441806791955
0.09189688519632225,0.26982346010639346,0.28990385516717865,0.6366987222609006,0.8703986596963595,0.1353764413998482,0.47084155509370146,0.3572736761206361,0.4985989570373558,0.0542550463420888
0.10702569076125446,0.17983578596479025,0.30348243539931347,0.6407437190527095,0.8765329562663211,0.13160838560126176,0.5042605130592814,0.3378404084258503,0.5063465609026374,0.0584862805436494
0.16254251881179707,0.11362504100148296,0.286005930910533,0.6825108129732673,0.861052644512372,0.13121552422752536,0.37763484166824896,0.3448481864404478,0.5345794016306722,0.0843316115324028
0.1370582208777673,0.111132679762704,0.2762378772855292,0.6324772361504257,0.8742723930685337,0.12987636197712668,0.46860681653397573,0.3838614727544673,0.5101831944047646,0.0748433893834487
0.0801735489229877,0.2418791771117746,0.2879436907670147,0.630178959077087,0.871337516130713,0.13924701256301136,0.4852640557698698,0.3631584868160108,0.47946332107883916,0.0101476352712752
0.16676246694849833,0.2114304299085158,0.32632145943839985,0.669910296499569,0.8868973140161874,0.119922967358452,0.40855773858465594,0.5088721379483325,0.5762669143152217,0.1999487123127083
0.12822534757478793,0.055415630963858556,0.2935777351988982,0.6387142205665145,0.8176607584460678,0.19887480634838792,0.38080210690722627,0.40569179743149647,0.4402377222108046,0.0166868154009598
0.05656936505660576,0.5119245219810953,0.29594088628404264,0.6267779577057,0.8742436159706856,0.13670250045205043,0.48393462762774936,0.3779013413259189,0.4543915414141607,0.0455910905960361
0.12548991803640128,0.10474907047307003,0.29223578049447585,0.6453357990082759,0.8743320178277607,0.1392255366682699,0.4843999008898105,0.3585752221316587,0.5004405350931419,0.047148038245961
0.7180462109321021,0.30836305865040625,1.0,0.712967127050976,1.0,0.02799563511568498,0.8527289489474136,0.2381612106237013,0.3621553964547779,0.4614243323442136
0.11000272518137477,0.014833714800894654,0.2875681287819965,0.6288235346230212,0.8775648759229357,0.13936127027934503,0.4901703192722997,0.3789208157340003,0.5485743823447329,0.002747554676338
0.10089940097032077,0.06711226681255297,0.2855075030975394,0.6300749012525636,0.8779785371244286,0.1386191182919693,0.49201112238123795,0.3735688816744562,0.5092751095528062,0.0057698648203099
0.25249976448979594,0.23859166350784336,0.2899858221552406,0.7603288880139283,0.8463805249930775,0.1277982196392035,0.22082425858917515,0.18360773456127283,0.6483727034533417,0.2991354361285123
0.20201208476887997,0.07425150236899611,0.3430379910432956,0.6549882809712174,0.8378838314040536,0.17596086093953656,0.3644061398774163,0.4110084970089101,0.5772797321990895,0.0545847529032494
0.14890775183595686,0.05830506041855227,0.2758523049810887,0.6453924726024296,0.8736654953810972,0.1333035454791828,0.4326437623893978,0.3847811616439777,0.5289473276927017,0.0305528080008792
0.13208978703435562,0.04465525875083004,0.2897084588091086,0.64919026115245,0.8785189293426313,0.13789894151467672,0.46884313513131814,0.40617566107512315,0.4890450470814273,0.0202952705425504
0.10686727974268354,0.11388025835429785,0.28062012837091765,0.6431089525560635,0.8748837650445568,0.1398612545366162,0.4590906032826542,0.35109004456130083,0.48053714098505573,0.0212477561636809
0.10617340157136385,0.1321237782204197,0.2887431183018405,0.6400699699658747,0.8583662584467866,0.16115959387960418,0.4399043276231498,0.34616136789243085,0.4900332636096005,0.0248562113052716
0.12146775129866015,0.07873688726799458,0.28808177733598517,0.6433537668783368,0.8796112043021631,0.13639293461273028,0.47251523988601957,0.35884298294513395,0.49140739938246875,0.0311572700296735
0.11854726065918575,0.18830344805416965,0.2747530248298345,0.6753584727809984,0.8614991685172438,0.17647032693005513,0.565346926623417,0.38856505313019923,0.5135983103382422,0.0820236656042788
0.1079891660280306,0.2309019923616993,0.28268451509256654,0.6396903418841291,0.8767129424354966,0.1451228946135441,0.48463541297523544,0.34671572003265844,0.5286225204820864,0.0874455068322526
0.10461917775004695,0.27252710106599354,0.27859394143438015,0.6899605285997689,0.8601398140940641,0.14908872250142918,0.40080670795923745,0.22314392303485978,0.42612323032726573,0.0462871377807085
0.41769656546234935,0.23618659331021896,0.204214869477363,0.6739245634140537,0.8715814787144315,0.08321732980335682,0.21283410052297574,0.8560096118584486,0.33626214878065774,0.3094662417115434
0.1214659749747923,0.24669419845002893,0.286042170513257,0.6357066264084656,0.8811253332864186,0.13957400944510395,0.45836830985133264,0.3627029225219035,0.5936937279597879,0.1361504927281386
0.11446851394875353,0.18297991225616947,0.2877169717140706,0.6455144779874907,0.8707972587692853,0.153454945199102,0.4689362781602436,0.32869983619419124,0.476280105239166,0.0705388870571857
0.09521279080780372,0.20813696966539944,0.2881901240850007,0.6389858762152677,0.8815010463576239,0.1412767915257839,0.46293606012664357,0.3634024843165472,0.4778306011975556,0.0377697182840605
0.10847252887904696,0.22873805504190609,0.28225097994906684,0.637375906998383,0.880641886152304,0.14116218576102635,0.45972118325220446,0.35802089589942626,0.5143198049093561,0.0855222185588159
0.10887854200836554,0.18288829237228296,0.2802670161581023,0.6431095936659833,0.8793968493131309,0.14188248790236807,0.4469716552276216,0.3624620548114985,0.4823709818697389,0.0581565739824889
0.19893540583885636,0.1892967085548527,0.24831650107298878,0.636404428294664,0.8803569821325699,0.1277100955439921,0.4018543094860889,0.4687426465206789,0.4443202369724162,0.20998644539693
0.15771741670445005,0.04215450410943426,0.2731667251999965,0.6660099192419685,0.8744418710446571,0.13622828574080836,0.3913046123563151,0.3635797862531524,0.49683801327998545,0.0132981646334762
0.27568285597624,0.35542686541495266,0.23256797173241267,0.783715505883089,0.8364668664901386,0.16861835457065932,0.27171379366013426,0.38649240154195763,0.5283266850370927,0.5380261567205188
0.07947039885598423,0.30988839798160794,0.29346409353550473,0.6284845056310158,0.8870410442212013,0.1416833663523017,0.48215394876151085,0.3806579873904495,0.48039728417316174,0.0416346118621093
0.09065217532011352,0.17097447110020308,0.28517890643558863,0.6306609340566552,0.8858277122411542,0.1436495857564485,0.4822286312663084,0.36962066867015736,0.49286612174824357,0.0156976957174781
0.1008141786690428,0.39045163904369196,0.2990099656220237,0.6436390296752145,0.8883079090410718,0.14007154467267788,0.4561080165918796,0.35709899859035465,0.5253494660020156,0.1589185624793933
0.12570363325548214,0.13311468810132493,0.2812252137107388,0.6497010971129857,0.8832051869659611,0.14056360766208664,0.4276984727451652,0.4011177337908999,0.49651297192907135,0.0673517236326336
0.11023998439716204,0.05634653905565987,0.28580121894846555,0.6331648091274403,0.8880249516326916,0.14318527729968764,0.479283609119707,0.3640222233552188,0.5458528668002692,0.0124372641682236
0.10660637842532183,0.15782770745804067,0.28703261740979163,0.6637782126279831,0.8791271001503812,0.14470789470201287,0.42297001279617963,0.29305887141609377,0.4795614164405486,0.0257903798952265
0.10983761010720364,0.14694192731950745,0.29027112335586314,0.6394480006360161,0.8923197660536637,0.1387463513814402,0.45755722657475695,0.4392554910796992,0.47393065189310973,0.044400483569623
0.14576367139413907,0.10215331750231788,0.2922696894801961,0.6516738897054462,0.8911434899469198,0.13306291571403872,0.4670990488995628,0.32667499258878957,0.5055303960899035,0.0636333663039894
0.09641885665822995,0.18367174494234093,0.28717618186548965,0.6365574004095691,0.8885449735691912,0.1484658595214158,0.4979053820415043,0.40412780165482154,0.4917419424931739,0.0342528482983478
0.10891525702311643,0.31407568454257684,0.2913460615991452,0.6733614073955762,0.8814750245059071,0.14831014222118585,0.4050783379334475,0.43096749246038135,0.48731834836303656,0.124464226838114
0.11486345810365123,0.06745535289555156,0.29832182426550374,0.6285895436572639,0.8976495648940468,0.13918463280371607,0.48440433398737803,0.3946236487558337,0.49554254261175296,0.0250393816170275
0.10025747724807094,0.192766971012669,0.29482066563513176,0.6363945203482022,0.8908781884112489,0.1446965043295259,0.46783134097198614,0.3630512660022541,0.5136660697897925,0.0472213063706634
0.10138367435445349,0.24971019624756016,0.28173228739938116,0.6518451996869736,0.883417568247835,0.15087281351285178,0.45899120488517586,0.3546715605049337,0.4859007004971621,0.0661611166062204
0.11245483740035711,0.1352842771777201,0.28636121704019096,0.62666022740904,0.8877752689598591,0.15015954539347934,0.47238706010603054,0.38528662062625096,0.5333174952290856,0.0587610360112832
0.10284684696319443,0.0487014434948754,0.28953328034942005,0.6305417082251737,0.8934055603515635,0.14671785523272876,0.4855759498322928,0.37578334595226937,0.5225667077070012,0.0041396490456826
0.09799911713917805,0.11839244892931394,0.29157196564515553,0.6277482685182806,0.8964852281835481,0.14404630476023014,0.4888894921397442,0.3919983928679675,0.49489948462343775,0.0183536652379382
0.09447313437217508,0.13683393306815195,0.28778106422809496,0.6321326713316994,0.8933120683369886,0.14613252782504804,0.4799923782585622,0.3661010455307688,0.5016879017474924,0.0121808257317653
0.20601260262861582,0.14637115861177702,0.23167040317641396,0.7229806598709742,0.8441122411167925,0.23238770330146566,0.7301199195278592,0.35086921779347163,0.44836820279129724,0.1428362091072279
0.0996209456441765,0.06607573875737835,0.2828100616810253,0.6312909843915633,0.8916635170380496,0.14988781554526187,0.4789315684250656,0.36900498819444005,0.5010364764477271,0.0040480638898047
0.07508998643207546,0.3922062357381616,0.2891583373149655,0.637813930277062,0.8906101807104376,0.14659835717329414,0.45989399602919084,0.3540005119631309,0.4601667002151478,0.0496757885481921
0.09510827778090902,0.16852155267032687,0.2874764187580346,0.6333590304531131,0.8953509725317036,0.14530480682508648,0.47783445037281735,0.3632711609088125,0.48657547910921434,0.0200571491372678
0.10654161472120495,0.47685098996570796,0.31018870752382205,0.6255489827667002,0.9067488740940245,0.1415265206437342,0.4703639071956135,0.4025902662750707,0.5338156351674033,0.2933655713082023
0.14372483776168532,0.08235994500591935,0.29251429071648993,0.653721936586292,0.889325749431533,0.1457823749762602,0.4224179428678702,0.340959215351171,0.47090023954065197,0.0441257281019892
0.11593687168997746,0.09178584971009288,0.28493664699235166,0.6531785642663679,0.8910262908954956,0.15123965790634755,0.47317079409748625,0.34345052687117317,0.49279292578190836,0.0259002820822801
0.08576145834647905,0.4473153150305604,0.28548703614034704,0.6607367418609355,0.8863827188945445,0.1498563575390789,0.4132163440409437,0.3260222339873378,0.4527277807693621,0.1170458292120013
0.10874105572342102,0.1044034229415472,0.27836006558798276,0.6405512766789611,0.8942530052749753,0.14723805224683223,0.45056490467978905,0.4055156923477505,0.48086505867283863,0.0217423160054218
0.20397660552668279,0.16671428844686914,0.24294876998561735,0.6652245480779283,0.882045477408304,0.13651142348314352,0.3289910196399666,0.4686787478728119,0.4045426074971132,0.1867604498662856
0.10726222543615802,0.02304800768678078,0.2873655641077818,0.6278404217552546,0.9017015468342654,0.14673139793358217,0.48938376282969026,0.37732681910353616,0.4999522844339366,0.0039381617027512
0.2156586020305085,0.07237843983010553,0.24467887738177105,0.6261819550263417,0.8959843366821854,0.1219586799347588,0.4425260516214312,0.3229773492471686,0.347704459448261,0.0215041946001392
0.13814764144737032,0.0648059589750637,0.2797785128436809,0.6434108927144296,0.894457054959699,0.14522656527283834,0.4471901460309841,0.3185660286544206,0.5379914111060817,0.0308092464373374
0.07529783999169476,0.32700692462821207,0.29400743618875236,0.6221981910788836,0.9030760675062307,0.14684598030681204,0.49176466969111554,0.3989148392851632,0.479655618850947,0.0381360589075722
0.10137484448276597,0.06408350080109355,0.2890642120991685,0.6238660461903626,0.9048310372790725,0.14731111880498443,0.5048183634935672,0.38136780926865216,0.5161575528121629,0.0078396893431512
0.1693369929568768,0.11272527371552891,0.26105358383659116,0.7607117105025996,0.8522340324971986,0.24030602372286983,0.6938138332845896,0.46935322534270524,0.48584782296678297,0.0743671465728834
0.06787686396854675,0.38956826255350224,0.2989268993831883,0.6231283121699259,0.9044757466838124,0.1470509180186383,0.49760294682377904,0.3804871396401192,0.4749543757865218,0.0366523793823497
0.10288710115756605,0.05187087755358198,0.2870242455846085,0.6315629987358969,0.9029083262586456,0.14956663843592743,0.48805250908530856,0.36632441808846766,0.5189058847976817,0.0048906473238817
0.15565267108865782,0.10330379860841113,0.26580499988740974,0.626739714538441,0.9023734441404673,0.13781568719319368,0.4786833938493424,0.2918364233130439,0.44489564342533916,0.0783053082756346
0.1180924169909279,0.4868767259145556,0.27110526919444516,0.680111257349663,0.8843760536459147,0.15513662443273651,0.3310074602229346,0.4360993952231249,0.48589656161369293,0.3070300765651903
0.09689760281004178,0.10365521347413034,0.28381854057766737,0.6256157147407188,0.9040725075508851,0.15021150634909353,0.490034013872867,0.37522437200216935,0.5048874871976073,0.009891196834817
0.13901603934420947,0.09467134384863576,0.2898721365694604,0.6659766197843948,0.897296111880435,0.14994374274083122,0.45378030306486933,0.3182542406881048,0.5226243758878856,0.0484668644906033
0.10265477172710226,0.18397610574906514,0.28432293314903584,0.6585199780932472,0.893968661925851,0.1575769878399994,0.45145500498808294,0.3165866885323301,0.4975011341123009,0.0337582884566069
0.09941766357246792,0.09846467830611236,0.28871896336679587,0.6260003042200418,0.9074094315568793,0.14961805009939746,0.48953218739561766,0.38121901912917777,0.505352547416986,0.0142323332234311
0.04073006611518687,0.6660980736194886,0.3048771479983161,0.6172296795141943,0.907562555250195,0.14840187927986628,0.49530295845727706,0.39165383680121496,0.4569122952003699,0.0731399054841191
0.17312979093325204,0.11781229372724306,0.25714544556038227,0.6707205323015595,0.8898911042820694,0.14497315980483547,0.34584869315948485,0.4330095314134787,0.42414438695952206,0.0886727479210169
0.07406946381920532,0.4625734990306269,0.2882907990326836,0.6624319766865504,0.8931240589439349,0.1535424095544946,0.4130430059989146,0.3116698824788061,0.42798854499486483,0.0568926988313734
0.107967280515173,0.00892818635615733,0.2870944257700449,0.6254814820117999,0.903220869246251,0.15827284032036548,0.4851190096516503,0.3976114839505479,0.5058489909198396,0.0011539729640619
0.10556667327131161,0.12608872202514082,0.2930176284033858,0.6471654755052272,0.9054637131245027,0.14989633095307697,0.4687105756132701,0.33970181682781153,0.492283202540413,0.0201487342931457
0.19904244338575625,0.06277075238832794,0.2525468888759919,0.6646203200138933,0.8880413357069915,0.1716360999117058,0.535985691030622,0.44005792699662527,0.4634568051225346,0.0276953511374876
0.18207615725004117,0.13336295134341516,0.26615404514841534,0.6606995419444059,0.8983482367775774,0.14188915692270418,0.3767742650660466,0.4354876074930105,0.4586189067493138,0.1325603546177235
0.031284296566491454,0.7040843316988374,0.30676900929096007,0.6025629635797867,0.9155350651600591,0.1492534645204648,0.5166194003262164,0.4463570941742311,0.46840962147082843,0.0700992783089716
0.22590587456739375,0.5779719559634253,0.24771346381313775,0.7630494426683765,0.8730478753965175,0.16298058919292296,0.1192418398275632,0.48893116033739625,0.6329907790164911,0.5280616917609994
0.0965474319825287,0.21189253486729584,0.28575680951593363,0.6581146423773953,0.8996272228349718,0.15439514358952183,0.4265007766170985,0.29339493111573123,0.45437518739884053,0.0223834120965673
0.1536690938093548,0.3077579656686615,0.27771705850628553,0.6540691782417563,0.9024639758593416,0.1551800974460566,0.4420446499997243,0.31972903916281814,0.5681329966584368,0.2749935890390885
0.07794898600381962,0.46188524108328083,0.289973655871529,0.6462312617770999,0.9032679037951282,0.1534998825109834,0.442688556108183,0.32798641206249846,0.46950399130611276,0.0901381104150639
0.10036981050716223,0.17984933331758776,0.2808320491873651,0.6340896523646316,0.9075738978262211,0.1530124008555973,0.46888416447125475,0.338336964611419,0.48225928924831846,0.036505843132945
0.1894864272110059,0.15091007876599272,0.25897526040397556,0.7402596805010413,0.8724810158613594,0.15260128648295368,0.24282302189131688,0.11385965754730598,0.4380190895331853,0.0984357255376048
0.3676019882999659,0.34526590357833414,0.19542005998407458,0.7840552530577749,0.8470998538543391,0.22130816114634727,0.5326652008953341,0.3406980218297665,0.511940289501592,0.6044986628567242
0.12069298625838375,0.19140020082951115,0.2780830163292046,0.6527947262243398,0.9018544682647521,0.15531081289743176,0.4209319431516982,0.31581743508328797,0.5085219632965952,0.0925376414990658
0.11493685589394997,0.035900033370963605,0.2917821517427091,0.6293155957256079,0.9168996871443692,0.15036074377670153,0.4778167521735859,0.399079338966065,0.5017439022638344,0.0123639960435212
0.12824737241541836,0.0483608984897384,0.28699073876173997,0.6594602680668689,0.9076215023646323,0.15092395351846513,0.44441612793886687,0.2877573995821884,0.4888417530890124,0.0130050921346668
0.11276629211478789,0.08216427497176693,0.2905255286416702,0.650745418408544,0.9105150532351419,0.15717662852569228,0.490799504318549,0.32876888448193936,0.4875654746355387,0.0174011796168077
0.1253375302161896,0.053171154137570426,0.284540235904759,0.6444199536639712,0.9110645423477861,0.15663995395259353,0.4777557944242912,0.3891832407510023,0.5220891744703837,0.0208997325713448
0.13384630940301598,0.19586223333026542,0.28392030138054486,0.7634515039871719,0.8679070572587931,0.2493324616167938,0.7461272984781249,0.3207523175967256,0.4836483107460071,0.0684324284719932
0.11227416504009524,0.05247414951228352,0.2956603732055573,0.643795992819983,0.916347918814417,0.15618547748367273,0.4990667163881873,0.3576226092117436,0.48802129375296077,0.0108619994871231
0.10190466567906137,0.1403704406430149,0.29382236111161747,0.6436931735537353,0.9148501685535186,0.1533837249056127,0.46222763973382497,0.3423759850627939,0.4990057854183071,0.019690808513756
0.23301828164196514,0.07376964014765532,0.2726977965488634,0.6523710037964597,0.9079461697976627,0.13223102049702645,0.3873353657546556,0.3592018084884979,0.5232077911269895,0.021687364911895
0.1329609958207648,0.17475831321507695,0.29184544342313057,0.6426020006185365,0.9010728396030172,0.16849114432082202,0.4057713150260893,0.4354612604636728,0.4695547592080177,0.1071546323771843
0.1349095743679521,0.08885924197372658,0.2847530001829764,0.6533053726331934,0.9119558587080836,0.15534636581438033,0.47209739914487225,0.31579680110711883,0.4913492517956931,0.0433930468549657
0.13323570978965651,0.05068052100908445,0.27039645489237135,0.6463261475016628,0.9100673629997256,0.1531633501587024,0.43212659017801214,0.3503402408860059,0.4616827742968568,0.0187566399238011
0.06923320009157503,0.35593324491832,0.29620042038321165,0.6188726144443911,0.9205859258437767,0.15496823310482452,0.4964504595889854,0.3866175142725153,0.4889539945866594,0.0314137084661318
0.09954476636966816,0.14722613698782266,0.29065673588443386,0.6264091673705148,0.9172773272781112,0.1586735545252903,0.47860843075834825,0.3878033212763296,0.48579927069085066,0.0284463494156867
0.2131272696026565,0.08656192339953277,0.24765284781304853,0.6660153682528744,0.897374127019956,0.17468127532631123,0.5226000571083024,0.41574198981720945,0.46786387017958103,0.0580100377330842
0.2456568184370896,0.4299237820041096,0.21265462402302157,0.771279902653778,0.8531360999973173,0.25523033853253707,0.5748247173854721,0.41822204978192634,0.5549549028821802,0.659779462944646
0.08881914824430953,0.2834432730146923,0.29035742520371566,0.6256170378524492,0.9214729044257153,0.15550461757319597,0.48254668737417067,0.40311556250170505,0.5103967433556684,0.0624793933399274
0.14851402935123809,0.06202423862059146,0.3010361951078418,0.6848061989383489,0.9209521545147903,0.14396037137663362,0.34280632092345664,0.5895154468008418,0.39592437520719276,0.0330256072095834
0.10970012791476244,0.06793365418346685,0.28333771658957746,0.6526653308675702,0.9146157846297365,0.15801713115908886,0.4368242579999413,0.3347407555005774,0.47753651908484074,0.0069971059090742
0.11480815042220084,0.04154544474315376,0.2925632045489251,0.6306686858569305,0.9252133629952994,0.15392533506496187,0.4728261691287471,0.4098537345344728,0.5088718631929947,0.0141956991610799
0.11847274633141726,0.04267393056121553,0.28731458679790983,0.6441767657059051,0.9210886525187332,0.15846720021179236,0.4849396239517041,0.348974209234977,0.4897433986966735,0.0104590248012602
0.13907174729400937,0.04969083530821902,0.2708924416165899,0.6747948440103203,0.905717790919823,0.15800714981169633,0.3805979961280896,0.2841156854296327,0.46326227311292967,0.0134996519764076
0.1387307000907453,0.05330444046631226,0.3476069662402397,0.6533868801522774,0.8988196573394817,0.19071482205748164,0.523684543270949,0.28333535907539253,0.4492215576903355,0.0222002417848115
0.12736721082970262,0.057576391911704786,0.2859321277988176,0.6488231310579509,0.9182676599708568,0.16080126361285463,0.4728473773664212,0.341660473638841,0.5398207633313689,0.0224017291277429
0.03165731988621921,0.9160387723748609,0.31440659486139255,0.6034567812063254,0.9329270170716322,0.16069906124195,0.5338157012295495,0.45003273313675435,0.5137331034394612,0.251419569916108
0.13753647210232717,0.2568296574920301,0.29401445999964765,0.6736729605876419,0.9180523032958017,0.15280207557527975,0.4184344896968763,0.31550117049084525,0.4695294711414896,0.169798878997692
0.12452013662472075,0.012240558642840682,0.316398405015879,0.6317185112632506,0.9378772511079694,0.14862424608125277,0.49593579967265383,0.39840638797772077,0.5701500220769904,0.0055500604462028
0.11150004410241184,0.2002669052874466,0.2864762708607502,0.663352381830097,0.892691678026302,0.18801622611384872,0.4120897756009593,0.273375630533081,0.4771400149628524,0.0560867494596475
0.11138252038426215,0.09055936717286366,0.26185121690243474,0.7246347295647038,0.8806540098475083,0.26086424302040945,0.7667614082713103,0.43886156080860383,0.49717836084883876,0.0064842290361578
0.1307543668390363,0.08452077447357116,0.3102220665558306,0.6458038672532939,0.9335573096917629,0.14950074163604402,0.44955885329277856,0.39198270473561664,0.5286686448037429,0.0422573909220793
0.14636330164643613,0.08143777902017756,0.31260271295735137,0.6936331803042206,0.920208982956154,0.15646706122746748,0.3904085603188085,0.3000615560691473,0.532647819745935,0.0381543759387478
0.13952785707175702,0.278409671028155,0.28239400627505384,0.6674859550930621,0.9160864634293102,0.16242067753560835,0.42605192808183645,0.322860934615933,0.5144931892751473,0.1841594314393523
0.10582443454896476,0.05046141638079071,0.28832706398763674,0.625053143457366,0.9309864142493459,0.1581734222174476,0.49002970465777174,0.3847801316788441,0.5126521963348248,0.0096530754295343
0.11344646191914154,0.07899970289594363,0.27663945421034447,0.6734156232113592,0.911924398453068,0.16861189421499245,0.4257557157469263,0.27186634924510755,0.4614337978414617,0.0060079862255925
0.1200701832094296,0.01129677393207204,0.2841534529587057,0.627744005019174,0.9297716822542698,0.157938924101578,0.4802464642946763,0.3761449218891665,0.5432870766719802,0.0030039931127962
0.1767830321817509,0.11897408710847754,0.3204378387162796,0.6439334362044419,0.8816140977639929,0.20728571824250508,0.38165020268586075,0.39543128150005813,0.4406965447235228,0.099937722094003
0.13934641592246907,0.11266973848522263,0.29693142652600196,0.6586712614669665,0.9270669274613746,0.15385775383965805,0.45300197030641737,0.28975582439586584,0.5192837441751985,0.057973403670733
0.24542596480655726,0.08354507480565393,0.35408162567193563,0.6671600188637884,0.9242852070874121,0.15499582958311484,0.3792244241838215,0.43612007933137914,0.7302565805450498,0.0725354434553247
0.12106412794326468,0.03615870239392986,0.2837541750029884,0.6504310505597092,0.9263526585430717,0.15927131205498893,0.4258526060182763,0.40491698887827415,0.4618289355570451,0.0097812946477634
0.10838617279248675,0.00856705703514618,0.2842808153836706,0.6289027154720886,0.932115021970563,0.1609251374533031,0.4796500833327872,0.39033842169211524,0.5054380471426164,0.0009891196834817
0.23801815490280173,0.1382872912865546,0.2705887340936588,0.697149008803933,0.9152961582943892,0.14202402897564717,0.288733972645117,0.4742383353177559,0.49571080337990153,0.1426896728578232
0.08039908400990901,0.29645149581331953,0.2888470498408286,0.6256719660078974,0.92810173418763,0.16496231410158743,0.4739867061011342,0.38262969556981136,0.48900180559564055,0.03619445360296
0.12433934044885961,0.06646286891229636,0.2936573161845026,0.6496760192825249,0.9288914497094884,0.16093397353116756,0.4175017496290587,0.4482910498392601,0.45143367817072555,0.0280433747298237
0.13148824182323013,0.07601916086016652,0.2564729512630554,0.7315657313748244,0.8821718228809766,0.26438945362869426,0.7409664007184136,0.387917840058667,0.5152627302018068,0.0254789903652416
0.08012944462808914,0.2711276994295386,0.28900202743495795,0.6269920109868461,0.9322790647644946,0.16250273229484097,0.47744131441066906,0.38004836150404336,0.4809065610934542,0.0223467780342162
0.14651718647993048,0.12175131703824399,0.3037405441864972,0.6761296278899533,0.9325783474726985,0.151641433034763,0.3973042878750983,0.4041811198789579,0.4528568812207805,0.0756859728175257
0.1333776565508311,0.0237403956577458,0.31144035454887786,0.6273634658381047,0.9399110221012223,0.15858246479292845,0.47916331177842775,0.4273907925616223,0.49331101887664897,0.0113565593288639
0.13762663657205368,0.07199495250134809,0.2927373922851009,0.6448661904223975,0.9360463458695467,0.1542069681161129,0.43703402392103124,0.3726010048859147,0.4514069288036248,0.0418360992050408
0.0907472922093648,0.18334348276606022,0.2856963282474302,0.6310480218885904,0.9328087209528177,0.16404275157927595,0.47171986856154463,0.3694891543271621,0.4976053938988214,0.0176942521156171
0.11433352090225507,0.2608426427965357,0.2817528675419542,0.6305337865552931,0.9336329347585193,0.1621054663510965,0.4590859480679798,0.37867542395477904,0.526536003997039,0.1294098252555225
0.12392714708187182,0.12852886465142685,0.2940668887173301,0.6417203028548908,0.9390385142619768,0.15686218565455834,0.43561416644847656,0.4493976901996845,0.4690476496640277,0.0623694911528739
0.08290794135796031,0.22713282005611513,0.29035095438638636,0.6240701538183908,0.9376016501296061,0.16337215834232952,0.4826968859902727,0.399563072122009,0.48606625174516443,0.0179690075832509
1.0,0.591343858764839,0.0,0.0,0.9875243658601653,0.0,1.0,0.07664604076243275,0.4193099779433561,1.0
0.11248502463459928,0.050918517873071875,0.2965319748566232,0.61663256802026,0.9193811298706671,0.18861004003097193,0.4680155688165619,0.39094416636789786,0.5231009658520932,0.015477891343371
0.21914549075601725,0.2182694413093335,0.33716057704644137,0.6566547076008893,0.9369855817343506,0.1618860471865938,0.3281752768397332,0.6159768217468753,0.5178200272514775,0.3603509543173242
0.11217895999539693,0.11052450477890349,0.2937101324381263,0.6352506500194031,0.9419556296828988,0.15960156897725358,0.4592135675146384,0.41982881578791076,0.48007853092984654,0.0348756273583177
0.20875944140505878,0.14058328278404814,0.26230850610849626,0.6723234024757705,0.918659318680179,0.15519411124249383,0.3495966232470815,0.2158521317897216,0.5278480433763315,0.1369930761622156
0.1316342841874255,0.018903265479774556,0.2733820052966188,0.6252345570954697,0.9396534592112648,0.15922710286080832,0.46927163830421564,0.4202192428935713,0.4712959967521553,0.0050188665421108
0.10160649049784498,0.06107286226980693,0.2825062984863045,0.6265133986052719,0.9391275679309748,0.16601970770923222,0.4836516338442431,0.3671532875530064,0.5037340452843971,0.0059164010697146
0.12664248360237348,0.089799661085483,0.29587097189955347,0.6429492739786213,0.9407484816195218,0.16039787833675961,0.4707204110681349,0.3316422166722056,0.5557773162958126,0.0368538667252811
0.11313932222872634,0.05800354070664625,0.28785103633553466,0.6418675599873456,0.9390779397908723,0.16362247520528145,0.4701366517869884,0.3396180512789677,0.48952022012159296,0.0105322929259625
0.12059525913032511,0.06456242223896753,0.28509143939118986,0.6679557031948561,0.9314585817820242,0.1691697779074432,0.43586836261119627,0.2904250978043642,0.45046951003794267,0.0117412169835513
0.05953258437922199,0.5018726529085841,0.2970887664632048,0.6162361729999322,0.9426998522867087,0.16416789798782422,0.4963406734027928,0.37904817145392455,0.48443713653269527,0.0651903139539143
0.1003680309793344,0.15311299694560482,0.2926000085432359,0.6267486406642427,0.9452095626760649,0.16351293217381963,0.4798416672305366,0.38357878817043767,0.4976000020756291,0.0346191889218595
0.19894363115364297,0.11126666565048124,0.2529501498497572,0.6997680241455869,0.9144612045701289,0.15844481920955258,0.2942555092188033,0.24314840709028163,0.41866116383741064,0.0664725061362054
0.12052145939940227,0.2162923245408999,0.2908408362246145,0.6620805054074499,0.9349435519731654,0.1697865415278728,0.4458245781865244,0.34209986022113315,0.5269361832682418,0.0990218705352236
0.10651944229130195,0.030180971863709882,0.2803098046105241,0.635874369148729,0.9401483413506917,0.17282333060877086,0.49059754987800563,0.3760148882720147,0.5081440324911543,0.0026376524892845
0.11120942556997596,0.12113978420530297,0.2861596922243387,0.6419895118704837,0.941212016418932,0.16540940105669952,0.44651998814500216,0.36134915153970415,0.4806850042292356,0.0329157050225299
0.14491064316155886,0.09266087025447914,0.29118507858026343,0.6306125886465009,0.9459498200342988,0.1608608008738898,0.4676021263757219,0.3619433134436646,0.6186488802874038,0.0656848737956552
0.27945461018325013,0.0871792668552452,0.42606759968914165,0.5857782510356268,0.9884931331600829,0.12708504322632488,0.6518927648310167,0.3719355331145574,0.3039263774007255,0.0724438582994468
0.10217337525822993,0.16963552791497352,0.28732717591664025,0.6378624531778414,0.9441977666301375,0.1656252692126795,0.45281297118467856,0.3912871105220852,0.4740585538944305,0.0358647470417994
0.11501568948047845,0.16944957021878512,0.29543071090770745,0.6404268768731689,0.9486210861723828,0.16228284348705996,0.44681208170306425,0.4204674690816538,0.5003992829030512,0.0663076528556251
0.11502517878954542,0.1855971177978539,0.27545167237778967,0.6538161902296283,0.936677016744742,0.1724836114140019,0.4388566159343751,0.38172985068785104,0.47269501021580734,0.0691284756566655
0.09191026083695142,0.14313192395672283,0.29113582644310854,0.6281575070300011,0.947551561090577,0.16750495293063397,0.49125079737383387,0.364402984118501,0.4962696265143043,0.008645638714877
0.2946760850669676,0.32991958984341285,0.2599480063882353,0.8118467019409913,0.8838882387073141,0.202326494130585,0.22248723677251758,0.14506228663162093,0.788120548062298,0.4940835989302853
0.12028631868497597,0.08039861682896986,0.3009930344726263,0.6425061347738268,0.950544411246853,0.16297287172451147,0.4638657335169376,0.34547164280561826,0.5211106704533636,0.0305528080008792
0.10163924127632532,0.19831724557917876,0.28357012983398916,0.6354729185465078,0.944726000279557,0.1732045189524517,0.4830052209683644,0.39443317378897247,0.49697287221958514,0.0535956332197677
0.10088701491671759,0.05321968465134207,0.28813144533591295,0.620844264002103,0.9518524615721395,0.1683511374535603,0.49260618941649886,0.38922749446274424,0.5111565107590934,0.0063743268491042
0.12291993622275463,0.01826226448129517,0.279280388001685,0.6340138792341756,0.9432557202818924,0.1713873580174977,0.4479857203192892,0.4063099316093846,0.4751410051176155,0.0050188665421108
0.3608580946539329,0.1765980164328176,0.18992999996874207,0.7224552595622784,0.8974096143429566,0.21832629924706815,0.6164598991133395,0.5907353768890048,0.2553649450532044,0.1382752683445067
0.13131773539631586,0.12854006186187755,0.27944337605299524,0.6510497632799338,0.9441449932082729,0.16591343848503476,0.4246051959007787,0.36652997652620495,0.49736454667095714,0.0603729347547349
0.08686899858629894,0.37849712557516346,0.2933615337481828,0.6451974679840503,0.9465397279141008,0.16870761080059013,0.4474139737386381,0.37948776734054207,0.46497281490799136,0.0946990511777851
0.1356790005605163,0.11174189312954766,0.2948679837301175,0.6836656376623055,0.9385001796430953,0.17204008242646168,0.42940956788823215,0.2561240224183664,0.49177637631100873,0.0465252591859911
0.11398266015778777,0.10104318473232088,0.29448021080237946,0.6382587252229687,0.9522279060289867,0.1671627387161744,0.4511757810772763,0.4006088697282524,0.5001013516333425,0.0304062717514745
0.18203019149505997,0.37818106958509273,0.25877197523020445,0.6573210455044087,0.9462326905588563,0.16445724829472444,0.35006230205689814,0.5499301318802997,0.5321240337816004,0.4584386562625929
0.13640760081199066,0.01709244048179967,0.2972325558929459,0.6566094352855498,0.953891766137758,0.16071829155021175,0.4196526584556502,0.39249809881607073,0.4250265224470364,0.0016668498369784
0.11905149735263088,0.024603537840654832,0.2799235432993241,0.623599159457229,0.9516221943969736,0.17013876816774473,0.47660761288738873,0.3668458806203416,0.5324315968876792,0.0086822727772282
0.1601302275334453,0.22766804798606782,0.3116562605241107,0.664947881260687,0.9560359801195089,0.16125076312039513,0.36178942127182134,0.5296226516595143,0.5009074207521685,0.2294208154742279
0.11115087769441323,0.0316176309648242,0.2828634805097438,0.6315083002238674,0.9527757771229092,0.1709224970895893,0.4658537442268867,0.38738020620899305,0.5091693251559447,0.0068322526284939
0.14446438592339225,0.035718681826693924,0.26912240293102524,0.6395719265253172,0.9478321911196763,0.16630693517881032,0.4262396507079834,0.3970808830505322,0.47309316024539877,0.0138843096310949
0.0994679107121959,0.19425921590151718,0.2839474766874766,0.6427640806531094,0.9489228019787567,0.17666795825690587,0.47226636184997267,0.37596067972210634,0.47976549981054223,0.0382093270322746
0.10098669038952213,0.0913306457308528,0.2860564834397383,0.633102836932875,0.9537440644315056,0.17654083528544418,0.49394778449839444,0.380952956835512,0.5070716193617294,0.0105139758947869
0.10592590748277766,0.04604482823704187,0.28480448049247703,0.6226031733513923,0.9573058785151265,0.17147704386393134,0.48845398578678967,0.3825259580695715,0.5120851784681424,0.0077664212184489
0.1991708174491177,0.11885487253677346,0.2590613529004917,0.6721316169783036,0.935669229430413,0.16417990414319564,0.3300405796879904,0.3339411343126931,0.49600768259510225,0.1057625380078396
0.1788268176902483,0.062238554916845296,0.2852221095044982,0.6348146898385111,0.9569003078465781,0.16176265143732885,0.447808949365037,0.42483062968706437,0.5011370024647697,0.0465069421548155
0.11295044658475505,0.12237592346218852,0.28508959520389604,0.631976530012878,0.9565740761714249,0.1740566959049127,0.5026611692718493,0.3577537133946319,0.5080645298655557,0.0432098765432098
0.2561736990893989,0.14941188123324545,0.2970013765990608,0.6376940346047639,0.9600091511888401,0.14797813983419839,0.4223448284584286,0.28441509396328196,0.5639528369860792,0.189984247353189
0.09866875521167405,0.2563123250782897,0.2826389319338153,0.64214828105814,0.9513142283093414,0.17379183103714047,0.4390673598292226,0.3419887164190406,0.4839517551508828,0.0624244422464007
0.11676518206082871,0.04420832047486488,0.2755188375638924,0.625216581504793,0.9555588097320282,0.17323129516999078,0.4644272190317594,0.3899323393969349,0.5014452848238304,0.0068505696596695
0.12205246229347355,0.05095457429949854,0.25907554912402264,0.7281043790777942,0.9126527906436693,0.2741203589558343,0.7510359384672747,0.4475880126843214,0.4942897971338265,0.0057149137267831
0.1192662542133304,0.18147116389651746,0.2886021597431685,0.6784579097802097,0.9454084598468662,0.17755527681426697,0.4277277320706944,0.2553339681999856,0.4690123520048751,0.051452540572224
0.09506913212507406,0.11368314650219148,0.2859176308599467,0.6231349910400864,0.9609077461671864,0.17371041979221996,0.48340416309981754,0.3895685385030967,0.4989730910069586,0.0104040737077334
0.14003492340867355,0.034160442359688015,0.3151973911823847,0.6445346772239952,0.9698306350294059,0.1608943187331045,0.4482962017044522,0.40454962247188386,0.5172224105806816,0.0181521778950067
0.1190811670016268,0.0630533905727565,0.28832234363030257,0.6502646059501257,0.9571766043252906,0.17133388494316626,0.45388611185899125,0.32736939636934054,0.47554777062606246,0.0139758947869729
0.10964307469363288,0.0667421471876998,0.2850685187805873,0.6288769777966393,0.9613329724696735,0.1727101046842402,0.47853445975680703,0.3685363679640765,0.5161068622477397,0.0137011393193391
0.12387367117807187,0.05442091795687072,0.2598228310694069,0.7193694307896192,0.9176468579138826,0.2743023377216566,0.7679363549695138,0.4304155559391454,0.5196033844403098,0.0112466571418104
0.11972236793208987,0.02895367612180949,0.27742287425186496,0.6313975867928495,0.9598569297812547,0.1731990121305867,0.4608541413497604,0.37885714914495244,0.5014151112365397,0.0086822727772282
0.12464602725951059,0.041095882097824846,0.2755606835589863,0.6533598607246867,0.9520577737316646,0.17630515007804687,0.41401229770328285,0.3433016296441004,0.4945634793763021,0.0105322929259625
0.1591664237374506,0.2914225484403681,0.26248382239158974,0.647539096558088,0.9541262310939973,0.17141670467693645,0.3938995930294126,0.36850662308080934,0.5056047450315847,0.2958750045792578
0.10058201067232786,0.194570019746616,0.28077251953525056,0.638753514727775,0.9582865591604832,0.1799101716089743,0.4743499862009205,0.37382826381436374,0.48466789134668004,0.0443272154449206
0.10032810213607317,0.06995431698575183,0.28771910018421876,0.6290703172530743,0.9644800668405995,0.17563112351101307,0.478641784232398,0.3699443341148241,0.508230721845151,0.0057149137267831
0.11855326130810753,0.11143099472838869,0.276700452240176,0.6393042989518495,0.9601324543447617,0.17273618294147822,0.4512772007757962,0.32954892145284026,0.4779026269033439,0.0322379748690332
0.08715747688606447,0.1928674470412589,0.2894720533070383,0.6237327913944727,0.9657828932005329,0.175215667907886,0.4800986747031802,0.39059361702223816,0.4872439829921346,0.0159907682162875
0.18809161120959556,0.278151808301356,0.26418729223589166,0.6780826372705108,0.9458319511771067,0.17927679959970078,0.35660371157287724,0.30779974960493994,0.5690597151199254,0.3028537934571564
0.10659991616637081,0.06374928738564306,0.2825445947917969,0.6303780385257313,0.9648129755515825,0.17588741501237637,0.4731736178413949,0.36034561640416013,0.5055266578055166,0.0091585155877935
0.10152515733916453,0.09259840438254287,0.2797115238995176,0.6414342542010233,0.9596169133594825,0.18365143635585207,0.47373163691174974,0.3551530183626317,0.4879160216713558,0.007583250906693
0.11456617869448348,0.11149319653611653,0.29569520292302715,0.640439631807241,0.9672265782272083,0.17320178224090824,0.44706212830054787,0.3727489223317186,0.4997627821005785,0.0395464703080924
