rely,data,modp,tool,actual
0.40005934,0.17611784,0.6919679,0.41418374,0.58251953
0.23061353,0.15313661,0.56260777,0.182692,0.5298103
0.36906397,0.1495142,0.64694995,0.20374902,0.60087943
0.23352134,0.18722816,0.5234657,0.21712245,0.42199284
0.18741393,0.38909388,0.50137436,0.15823685,0.75419074
0.18566403,0.26689118,0.64762425,0.17559765,0.5993622
0.5136709,0.15976346,0.70456874,0.41133845,0.5890107
0.20380008,0.6067353,0.67027104,0.3539586,0.7169524
0.45774686,0.099905536,0.59092605,0.3959638,0.39888155
0.06877604,0.77535516,0.1602156,0.15465339,0.71035933
0.7628445,0.08468649,0.60983723,0.77308017,0.42988637
0.031092644,0.53025144,0.2403048,0.13361074,0.6818194
0.07523498,0.64043593,0.47211388,0.2156141,1.0
0.34660274,0.14476916,0.61081785,0.2117237,0.53650934
0.7098026,0.11877838,0.7021104,0.6714778,0.49649405
0.10227147,0.8195667,0.08608256,0.31358135,0.81739014
0.3632239,0.2700791,0.8602926,0.35846305,0.459238
0.13871068,0.2637812,0.64629966,0.14391844,0.617162
0.027578562,0.51436704,0.2877386,0.119554624,0.60026383
0.11622992,0.3726912,0.555919,0.172116,0.52997065
0.11876336,0.3217235,0.57104266,0.06481512,0.62588483
0.33478177,0.20353425,0.5684407,0.32701844,0.40313324
0.05087152,0.48231888,0.4535826,0.1702648,0.63352615
0.25117278,0.17206044,0.61303943,0.19129635,0.4888761
0.04441312,0.595105,0.21023923,0.19725053,0.56586826
0.1018545,0.51788276,0.37070873,0.14517342,0.56023586
0.08684859,0.8251109,0.25082964,0.28460842,0.77498496
0.071828336,0.8240969,0.18633452,0.2507282,0.9771873
0.08333439,0.38638598,0.44126806,0.09347977,0.5838974
0.29267395,0.1422005,0.5724663,0.248958,0.5915828
0.08780208,0.85524535,0.09629841,0.2931474,0.6863051
0.20494714,0.20227394,0.5617492,0.17679213,0.5309824
0.095788926,0.8201262,0.066606715,0.2280985,0.80107766
0.25547993,0.2660855,0.7269984,0.17333986,0.6456095
0.19986069,0.1875258,0.4244024,0.25856727,0.4430312
0.034347028,0.4780691,0.33784786,0.11964972,0.66511935
0.47906327,0.17351526,0.7021435,0.46016884,0.46905336
0.063593656,0.5262048,0.37172925,0.049577966,0.7893727
0.06304231,0.48792726,0.44289792,0.14795823,0.64925367
0.03637123,0.48929974,0.3215139,0.10628648,0.66005385
0.2458356,0.12031157,0.59461504,0.2252795,0.42699546
0.03721267,0.48508978,0.3425783,0.14916013,0.66605365
0.5232793,0.18481334,0.73620653,0.5138233,0.48220396
0.04642254,0.4106395,0.40542218,0.18635587,0.60718876
0.39393038,0.10805012,0.6197134,0.32142007,0.53218347
0.24966925,0.20702639,0.5878349,0.15607004,0.52467483
0.3089761,0.22285506,0.58850765,0.2587573,0.39393678
0.20193177,0.25420788,0.6821799,0.22569816,0.5548313
0.029088706,0.42178994,0.41821414,0.15787055,0.6802997
0.2959525,0.1543623,0.6351803,0.23707037,0.4747061
0.07788354,0.37232843,0.5057215,0.13704015,0.6304563
0.4323364,0.12156589,0.59813803,0.34009916,0.45471647
0.27787107,0.18349004,0.63734,0.24918173,0.52660644
0.016139627,0.5507356,0.23660469,0.17471604,0.62503135
0.679727,0.13871028,0.6268291,0.5473706,0.48803163
0.18638918,0.40172622,0.6071516,0.14462383,0.75995487
0.1063185,0.31950632,0.514632,0.15025376,0.59480023
0.11938998,0.4296787,0.4963003,0.042275712,0.7124259
0.27215695,0.19506422,0.7072552,0.28370714,0.44245484
0.018493593,0.5447919,0.28181836,0.20049493,0.77070427
0.25822932,0.24637163,0.5582457,0.28688967,0.6610817
0.19280952,0.22051972,0.5147441,0.15732615,0.48921072
0.18835813,0.25790712,0.64776343,0.20496409,0.52366894
0.21441907,0.19480655,0.5487843,0.13406704,0.51836765
0.20332551,0.26035607,0.67620516,0.064253554,0.69415694
0.41958034,0.08986799,0.6082961,0.3795573,0.4780711
0.08507827,0.43850565,0.43138242,0.15319248,0.6216199
0.15298516,0.27268213,0.55578464,0.06591995,0.7130094
0.062405497,0.60055166,0.23594043,0.13015576,0.777292
0.08212772,0.37904182,0.48668966,0.09139337,0.58046234
0.23227105,0.20655009,0.60508776,0.14819433,0.5897081
0.27880305,0.16064084,0.5911177,0.22845517,0.46264184
0.1333265,0.30231348,0.5764989,0.13526393,0.5904266
0.2975512,0.26666015,0.7420955,0.19649182,0.5386392
0.6216267,0.10603924,0.63460046,0.60546035,0.37597612
0.06784168,0.42183313,0.44104266,0.13382675,0.6304081
0.075099945,0.57190853,0.36008346,0.0,0.7508864
0.35364306,0.082819924,0.5748413,0.2995435,0.33014345
0.7513049,0.081879705,0.70922893,0.698322,0.4549276
0.08472237,0.35121617,0.3764845,0.17808841,0.5177311
0.23797408,0.23842224,0.7499776,0.19799663,0.7340389
0.24883091,0.28539148,0.7752329,0.22493033,0.61991674
0.020192057,0.61044604,0.19408472,0.19431321,0.62870383
0.08881432,0.9471764,0.0,0.33064663,0.8585428
0.30775028,0.12619235,0.63302344,0.21202229,0.56160593
0.3206067,0.11052017,0.5649188,0.26638335,0.47333908
0.097658545,0.2899155,0.4820408,0.11434917,0.53657216
0.23390335,0.1530661,0.5939515,0.19353633,0.45403087
0.27189505,0.1850865,0.6227133,0.25621903,0.41359597
0.25283045,0.1920186,0.58367205,0.16684951,0.5529143
0.1365793,0.25812507,0.4270396,0.106019095,0.5060902
0.1623914,0.27964932,0.588153,0.09293549,0.6649643
0.09585324,0.37527528,0.5180691,0.1445591,0.60249525
0.062585026,0.71796465,0.2407648,0.24612914,0.7729485
0.35367477,0.1636672,0.58774525,0.21380974,0.5042245
0.029538572,0.515424,0.33050495,0.17495726,0.7129614
0.07485011,0.33809987,0.45469153,0.17256258,0.5202326
0.090732485,0.69684786,0.3167168,0.22608514,0.7200396
0.07452676,0.5022549,0.2878519,0.021275833,0.6843441
0.06038162,0.5342837,0.37352136,0.14294435,0.7803835
0.05703175,0.6486162,0.19723628,0.16218789,0.64467585
0.44535756,0.13365777,0.6346051,0.4416651,0.638067
0.42693782,0.15662283,0.6483551,0.29358166,0.5630681
0.6587992,0.14302266,0.60326666,0.52475256,0.47872496
0.1809344,0.2761597,0.46150735,0.10650374,0.60948384
0.04522562,0.74062276,0.16154754,0.13636594,0.67884034
0.15767851,0.24173838,0.6476408,0.1997966,0.5731629
0.0622423,0.34897992,0.42322806,0.15268661,0.51951295
0.46628308,0.09247864,0.5774343,0.40775645,0.49883646
0.39716482,0.117490366,0.57449913,0.32321978,0.5531121
0.018640935,0.52444327,0.3274374,0.18894808,0.7063745
0.4227159,0.14106795,0.70018554,0.38147813,0.5463712
0.0881207,0.37296617,0.38582376,0.104452446,0.7088666
0.12193611,0.3323044,0.42040253,0.1697271,0.45713043
0.103459,0.935587,0.14818229,0.2665999,0.87880707
0.32956165,0.17885739,0.64877564,0.32060868,0.5297619
0.096755385,0.49998042,0.45764253,0.19536884,0.6069823
0.6189316,0.08920501,0.6629811,0.50261563,0.553938
0.13863072,0.3969984,0.48278406,0.09300013,0.6578172
0.06330538,0.3713974,0.39461672,0.19713919,0.5291518
0.17040569,0.18845615,0.5919045,0.20906322,0.37688035
0.27366525,0.18845123,0.60681564,0.099267974,0.7007346
0.0,0.5174058,0.28566357,0.19184317,0.73553264
0.38306433,0.14161794,0.6268865,0.34506857,0.40585715
0.26200825,0.22904974,0.607522,0.11223121,0.61619496
0.043877214,0.44284305,0.4243152,0.15474336,0.6645943
0.089323044,0.49103737,0.33653465,0.17967473,0.6744802
0.5107113,0.19160166,0.71199876,0.3998567,0.5855437
0.39030743,0.1807978,0.70884717,0.32350492,0.3693478
0.09465426,0.33083263,0.53458333,0.15056117,0.599239
0.037283957,0.5984773,0.24759233,0.1647195,0.6678226
0.14948285,0.20856461,0.6623586,0.21187814,0.50432384
0.12586775,0.3177338,0.51108325,0.105287984,0.6372943
0.6997806,0.07892504,0.6930799,0.5754979,0.2577026
0.22875527,0.1524587,0.64075047,0.233568,0.40064225
0.08859363,0.32060838,0.3622396,0.12863775,0.46506175
0.18557316,0.25778657,0.62326884,0.23361818,0.6060045
0.10258576,0.55929136,0.43643808,0.16574882,0.7635815
0.07210246,0.41321513,0.48778597,0.15563087,0.6158351
0.07829285,0.38189557,0.49836293,0.14962833,0.58536196
0.08974671,0.31230643,0.42765716,0.21369971,0.52470946
0.17691451,0.18442819,0.59944195,0.19136058,0.53230816
0.04698828,0.42776933,0.39415488,0.13515134,0.63288176
0.21340331,0.20007071,0.60730404,0.17863701,0.40932998
0.34333003,0.12252848,0.5919389,0.35295665,0.6085957
0.2587028,0.16247194,0.5580669,0.20224155,0.42024288
0.062359124,0.36616036,0.4028549,0.13564269,0.5866748
0.527566,0.07923547,0.5601774,0.45428163,0.27779728
0.06211272,0.4094475,0.4183324,0.092913106,0.6274866
0.37419045,0.1303301,0.5641812,0.2521004,0.53928214
0.065945655,0.44980627,0.39411044,0.08000143,0.707066
0.23559913,0.16443896,0.55614835,0.17617072,0.5122179
0.5858807,0.12762418,0.61922115,0.4477573,0.6216203
0.3404259,0.2190912,0.6250412,0.328494,0.2695983
0.21661618,0.2947199,0.65684116,0.10946326,0.71468055
0.08054742,0.3804989,0.5621105,0.18218203,0.5746986
0.09536812,0.8022108,0.40908173,0.24937896,0.8684703
0.1688829,0.24727151,0.6166208,0.16430007,0.58598894
0.16929397,0.2591495,0.45157912,0.13599877,0.44336087
0.60197294,0.120535836,0.62547576,0.42305452,0.5615114
0.51531065,0.14016941,0.6687644,0.53511494,0.50973415
0.25879443,0.23515722,0.6136069,0.17563196,0.46953744
0.2804156,0.27016708,0.7910561,0.09198983,0.62495357
0.25157177,0.34329632,0.7353211,0.27782595,0.6152028
0.13543916,0.25854453,0.6080969,0.14894687,0.61847216
0.8456903,0.12637304,0.73591816,0.8899638,0.42128882
0.28215122,0.2200248,0.72044444,0.11133577,0.74389476
0.19246644,0.2373938,0.6035396,0.13438831,0.6209364
0.047907323,0.641398,0.3573689,0.24101143,0.67064273
0.09571323,0.266375,0.63739705,0.21232967,0.6249062
0.27034646,0.13021964,0.6008973,0.23730077,0.43539694
0.163627,0.43119946,0.5418338,0.0917369,0.7076769
0.05173716,0.4981872,0.27693057,0.14343463,0.59188485
0.08100724,0.39313892,0.46578482,0.0958709,0.65490454
0.18831915,0.2059569,0.5201461,0.12026782,0.6243545
0.475343,0.10498212,0.59977776,0.41397512,0.5302131
0.057309806,0.7273698,0.27156875,0.24062781,0.87335706
0.19274807,0.1727138,0.5911273,0.2286186,0.48431396
0.118611336,0.41274795,0.4716206,0.035447672,0.67381454
0.3081618,0.14513949,0.6495321,0.20579334,0.61029714
0.5044297,0.07504752,0.6371257,0.34851235,0.5128244
0.07030663,0.36766604,0.5067781,0.1593893,0.578266
0.8988531,0.10734457,0.6418966,0.76753384,0.50415725
0.052169114,0.7459576,0.25036135,0.25719386,0.59725684
0.028284311,0.4643444,0.41251194,0.17001398,0.71466887
0.17468953,0.24027702,0.4758055,0.16208528,0.41848603
0.04500714,0.40008923,0.41134164,0.15546013,0.62492335
0.20785171,0.24079686,0.53875494,0.12825052,0.56229913
0.32511127,0.08702734,0.59516984,0.30182356,0.46134308
0.24903613,0.16854924,0.5597795,0.20157148,0.47670525
0.14464921,0.35232934,0.4112728,0.10399984,0.5961299
0.19223315,0.2953892,0.7431888,0.20812969,0.6223327
0.067108065,0.75178593,0.21091944,0.17763914,0.70222086
0.4862432,0.2205334,0.78111726,0.41230494,0.33148342
0.12307346,0.31721145,0.45441964,0.08880003,0.65604347
0.3355896,0.2211377,0.7026838,0.3235944,0.43422607
0.35782564,0.08459354,0.6113125,0.2595756,0.47353348
0.54507214,0.24149883,0.6226306,0.3423304,0.3882653
0.30680662,0.12170198,0.62609744,0.20821227,0.5451147
0.027919352,0.60499054,0.27139658,0.15693955,0.6044408
0.2336253,0.23692611,0.6574479,0.16311182,0.60559005
0.0711903,0.34079587,0.50376934,0.12508212,0.5996987
0.14385566,0.29074886,0.64119583,0.17862006,0.6248757
0.13686886,0.35135832,0.5088759,0.17898948,0.5535639
0.12507328,0.27640623,0.57191366,0.15889575,0.5229443
0.10919833,0.712885,0.37138557,0.18573578,0.64375997
0.82405955,0.040530786,0.68234247,0.77261823,0.47261858
0.24224696,0.1647451,0.5928044,0.20684932,0.5241219
0.046558112,0.6392425,0.24816203,0.17090131,0.7901347
0.10841259,0.29735392,0.4968876,0.15815352,0.5550669
0.16892084,0.3178867,0.54520077,0.04086186,0.69758254
0.29534435,0.16204265,0.76068693,0.33962196,0.5156238
0.2855124,0.1521759,0.6007402,0.23607992,0.4940704
0.061884016,0.68134195,0.1269915,0.21777742,0.60390073
0.43851638,0.14963391,0.6792692,0.49408913,0.4417506
0.24664038,0.28078482,0.7654322,0.24707852,0.56671846
0.23342755,0.22116673,0.6307377,0.14836876,0.5823712
0.31726414,0.11483048,0.5272428,0.25518197,0.41277596
0.10831317,0.60990447,0.48989066,0.19457515,0.8127249
0.47428167,0.078806214,0.57287586,0.41193944,0.5789582
0.14112484,0.48630872,0.55691177,0.132172,0.8088444
0.32143468,0.13324547,0.59309113,0.27141446,0.4429391
0.21169487,0.21302378,0.5876617,0.14209546,0.5831868
0.106039226,0.5780109,0.58896655,0.26269716,0.64077234
0.43782097,0.13206688,0.6145299,0.36196458,0.4934223
0.49258733,0.064894415,0.6291111,0.44505876,0.51945555
0.23201713,0.1837411,0.5961244,0.21390931,0.5086745
0.0882988,0.57709616,0.4323608,0.09892242,0.8399874
0.09122074,0.826379,0.098431334,0.29929942,0.77486086
0.29208875,0.2715146,0.8325631,0.26438522,0.52526724
0.028259933,0.61344063,0.27737936,0.20580892,0.75773
0.33689296,0.10838866,0.56900394,0.26602632,0.36044514
0.4652776,0.13733637,0.65563244,0.40692085,0.29483816
0.2639426,0.14144683,0.5294618,0.20725308,0.5241196
0.062287122,0.41648465,0.49337253,0.15023853,0.673553
0.07346079,0.4151678,0.4197235,0.027951315,0.6539523
0.7995576,0.10715068,0.72246474,0.789831,0.1756556
0.61764944,0.14582017,0.7106791,0.5442053,0.5157332
0.40487993,0.09092578,0.58348036,0.3681805,0.4625377
0.20674834,0.25850412,0.7249419,0.21108897,0.62598634
0.029462397,0.51720226,0.35593292,0.20028271,0.7137556
0.098311365,0.9748291,0.07936323,0.3214156,0.8117454
0.3804602,0.22200501,0.56826764,0.25758016,0.5546442
0.03279662,0.617188,0.17604092,0.19987287,0.60290694
0.09981939,1.0,0.12171653,0.25893432,0.82201374
0.055857927,0.78566325,0.11749676,0.23226367,0.7427821
0.054097027,0.6359815,0.3105848,0.18068396,0.8246435
0.19961667,0.20276964,0.61914223,0.14868732,0.5208841
0.14895222,0.23263189,0.5259968,0.17266448,0.47207725
0.09190759,0.32039598,0.45576507,0.17611174,0.52976817
0.1330381,0.33731952,0.7425978,0.23765074,0.6140435
0.34705162,0.15162924,0.67741334,0.3385995,0.3545387
0.10469189,0.30519828,0.5259288,0.12875639,0.58369285
0.43534476,0.17812556,0.7587284,0.3044802,0.50177765
0.15890396,0.25330335,0.52250993,0.18859158,0.44499132
0.090665966,0.4946631,0.5285977,0.19556268,0.79271495
0.3453316,0.1943019,0.6994975,0.32920575,0.40438002
0.45630497,0.09544169,0.6211782,0.3446386,0.49414334
0.07092139,0.7877924,0.08617024,0.22432213,0.75537425
0.0532721,0.37231165,0.5046613,0.18508883,0.6706431
0.20438573,0.17148584,0.6105388,0.19597389,0.5011292
0.04751399,0.58731943,0.25275967,0.20387761,0.76470566
0.24619013,0.18318145,0.6215866,0.19725446,0.38136175
0.08247331,0.7113646,0.47149774,0.24513312,0.8820437
0.03730607,0.73381585,0.12794147,0.27245128,0.7808885
0.03318885,0.44537872,0.35184082,0.14099567,0.68105805
0.28998053,0.14806542,0.5797823,0.22550751,0.4831226
0.21806052,0.18871415,0.5702865,0.18929471,0.53832895
0.04825729,0.5463808,0.34692487,0.15654387,0.7125284
0.25391173,0.17360282,0.5691005,0.11226405,0.6014093
0.25166053,0.18140447,0.6035819,0.15327825,0.50989413
0.062003374,0.5366027,0.43060675,0.1928403,0.7075618
0.09057924,0.2971869,0.51816505,0.18211876,0.52023125
0.30516917,0.13516706,0.5827217,0.25985134,0.5571488
0.03968379,0.5289098,0.3584155,0.16400401,0.63115484
0.32869464,0.2029472,0.50810117,0.19253872,0.61996025
0.215446,0.18426608,0.61948943,0.25586677,0.40598476
0.09003365,0.39002958,0.45141664,0.13648911,0.5800271
0.25687373,0.18833199,0.67390925,0.2584713,0.48929626
0.026948392,0.63324076,0.305022,0.22175597,0.68579763
0.10472259,0.26285058,0.6758616,0.22609143,0.63351285
0.1098617,0.3457758,0.3832863,0.23650734,0.5301197
0.08311933,0.5070962,0.34529358,0.09298603,0.77110356
0.2447769,0.14260587,0.56323856,0.20843391,0.5384196
0.1794627,0.60594994,0.6000586,0.24626805,0.92218006
0.04487413,0.43527603,0.35119516,0.122926846,0.68289155
0.34081107,0.17695642,0.6747655,0.21488859,0.48099613
0.07460439,0.35472018,0.43882826,0.12003274,0.58464175
0.11144677,0.3638461,0.55232805,0.14441712,0.7594616
0.24663103,0.19905332,0.7113887,0.17263131,0.598873
0.23990709,0.20219728,0.64424694,0.2118565,0.529641
0.22317341,0.30050173,0.5848086,0.13011967,0.6006062
0.0562253,0.4273665,0.44286582,0.21773328,0.64374214
0.17671037,0.2910562,0.71022916,0.20427768,0.6907639
0.22425014,0.27429533,0.66067064,0.16838087,0.67856747
0.6269677,0.13707155,0.6855596,0.57950497,0.30342707
0.034537613,0.48178622,0.3198105,0.13985778,0.6430234
0.5991115,0.11047475,0.60733587,0.5394859,0.5809821
0.03964016,0.6863215,0.12470728,0.2444403,0.663692
0.13195801,0.308538,0.537313,0.16907452,0.46043235
0.36448145,0.15012565,0.57124275,0.32422942,0.43502268
0.60445035,0.17766352,0.78227735,0.6715547,0.5988763
0.20238793,0.22867909,0.7122548,0.18206494,0.5534741
0.41633457,0.18717226,0.6665511,0.3478616,0.4344031
0.05337277,0.64277124,0.37107214,0.20661472,0.812944
0.035761535,0.524885,0.32228854,0.11429681,0.72478306
0.2646864,0.110461384,0.58732355,0.20556967,0.47506338
0.07847723,0.42484185,0.5371294,0.17900498,0.66059744
0.1954729,0.37349668,0.5846207,0.29334944,0.60837996
0.03492701,0.40870067,0.35434717,0.15872051,0.6568283
0.25567538,0.15980196,0.6159612,0.22768308,0.47677255
0.21921578,0.24453488,0.75121707,0.24581833,0.6250942
0.14640102,0.3085692,0.38144475,0.09477939,0.6323498
0.067064136,0.43992528,0.55660164,0.18297885,0.64758545
0.5267027,0.24142447,0.7101312,0.4043098,0.3308005
0.52007514,0.079741344,0.61932105,0.41893822,0.3930022
0.031183958,0.6404286,0.23862404,0.20925589,0.65754455
0.2808379,0.15225902,0.57539785,0.20027898,0.5252344
0.75014013,0.058239967,0.6478764,0.6636697,0.5347972
0.24487728,0.4370402,0.71692115,0.18296002,0.6995191
0.044403493,0.3792073,0.49561068,0.18972568,0.6144835
0.20180729,0.21903443,0.6990965,0.23445542,0.5395505
0.02766648,0.54836303,0.2569286,0.10136865,0.6309555
0.071968734,0.75816673,0.2846181,0.26258785,0.7834721
0.22366157,0.39330778,0.6973608,0.26515782,0.76442176
0.13819298,0.33852687,0.41266897,0.107126996,0.62216985
0.10457453,0.3740517,0.5453227,0.10200377,0.6075606
0.045722514,0.35756382,0.5555361,0.20346902,0.6630404
0.24589318,0.19854522,0.5781647,0.1851912,0.5028827
0.04083112,0.54955,0.3118555,0.16290261,0.64884096
0.11763358,0.38183933,0.6298631,0.19130732,0.5445955
0.030759752,0.41985297,0.4460347,0.1816416,0.692089
0.18810487,0.19049576,0.55279773,0.19646455,0.3744811
0.12989974,0.4563419,0.6070337,0.1773173,0.7424208
0.24301109,0.22731048,0.5367985,0.10990594,0.58899486
0.07061526,0.45535478,0.4667671,0.13767721,0.59051627
0.11343297,0.4622842,0.53349066,0.17390658,0.6571392
0.12125087,0.24833935,0.6580694,0.22061156,0.5480082
0.29008067,0.23500448,0.58123434,0.15607841,0.5953415
0.24625748,0.23735029,0.6677578,0.14866348,0.6658796
0.28044355,0.22612128,0.7184907,0.23269205,0.53726333
0.26506627,0.11991783,0.56236315,0.21000595,0.47270864
0.27151763,0.20534834,0.62221515,0.16914685,0.5641829
0.23300132,0.31426483,0.81614983,0.2641858,0.56704926
0.08894801,0.40230376,0.3942985,0.09618412,0.60255164
0.121209025,0.93086207,0.117516994,0.2883036,0.7747638
0.05736062,0.7862637,0.21864471,0.20681159,0.8512129
0.29291368,0.203338,0.7030925,0.3029883,0.45109218
0.14175987,0.31269097,0.5742704,0.12837298,0.50707775
0.36354822,0.1211378,0.5426714,0.25114548,0.4151126
0.5253242,0.04969752,0.6792145,0.439794,0.54939663
0.26899964,0.20418936,0.62022674,0.24318065,0.46229863
0.0714052,0.6349078,0.42765677,0.2144012,0.9384283
0.2605692,0.18604925,0.6391392,0.12423058,0.60891235
0.17323777,0.2782478,0.6465088,0.15212126,0.663498
0.060436904,0.7451366,0.15827142,0.31410795,0.63222283
0.6901675,0.04322745,0.6509416,0.6043753,0.3670693
0.1899668,0.20251921,0.5258768,0.19112252,0.40933862
0.27627832,0.11147013,0.5888529,0.2639547,0.4329854
0.08841044,0.46402982,0.32584965,0.14771362,0.5807678
0.09890112,0.3244467,0.5524239,0.14895664,0.5744494
0.05341932,0.4115697,0.41927245,0.14306475,0.6212807
0.28098983,0.2263596,0.7518032,0.27501684,0.4314283
0.30587667,0.13839057,0.62266994,0.20572193,0.5922913
0.23629919,0.17998765,0.62185353,0.20052303,0.40119064
0.031427503,0.58053035,0.15655263,0.16887407,0.5886148
0.20412159,0.18980035,0.6312336,0.16504656,0.6063378
0.1997203,0.23142782,0.64659715,0.17746602,0.533296
0.039191276,0.58629334,0.22092205,0.19326244,0.6542845
0.17253366,0.24331918,0.6327029,0.08867009,0.65063584
0.0768621,0.40542176,0.4101205,0.083440974,0.6690368
0.48270983,0.18004265,0.63283443,0.33806252,0.55888224
0.27777058,0.16649628,0.55891293,0.17707764,0.5295868
0.33855534,0.16759342,0.7285104,0.24430631,0.60612357
0.18485022,0.22337514,0.5159048,0.24115689,0.40841487
0.50041014,0.12946744,0.56433606,0.45900464,0.6448621
0.08394256,0.35608396,0.48588774,0.15895756,0.5159076
0.29156405,0.17195438,0.6707062,0.26861924,0.43338102
0.21727031,0.20477104,0.60199344,0.13477175,0.5448315
0.17071402,0.2044113,0.6783189,0.23908593,0.54491675
0.054911166,0.38410124,0.44825006,0.122580186,0.5370227
0.15387058,0.34686807,0.48943081,0.19584881,0.645219
0.21083537,0.2749812,0.59312713,0.16219987,0.5883115
0.30562556,0.16290256,0.6066521,0.25314462,0.4284445
0.041885167,0.7138814,0.14747158,0.18905054,0.55971277
0.20994201,0.20368141,0.65615106,0.20881645,0.5439077
0.03208238,0.5676245,0.3109477,0.15391468,0.66638523
0.22291514,0.21260706,0.5135372,0.1685179,0.5192527
0.14819422,0.23403522,0.59976554,0.17015742,0.619319
0.17460799,0.18629569,0.6217325,0.19060756,0.5582662
0.1374147,0.30887935,0.36617172,0.12566708,0.49637517
0.123239845,0.25501248,0.6449621,0.21623994,0.54172194
0.18001929,0.21743661,0.6099614,0.1669132,0.48845026
0.19144866,0.20928931,0.5833708,0.18527181,0.51907235
0.23615551,0.18362227,0.6425544,0.19922195,0.4144299
0.19832256,0.41854298,0.5379787,0.2277175,0.6045702
0.49327958,0.09852965,0.5337263,0.42294383,0.6093421
0.36877036,0.15275127,0.6105492,0.21912657,0.47125491
0.102692336,0.2658817,0.665382,0.22192298,0.6236893
0.54396534,0.13322277,0.668603,0.5674535,0.44933257
0.80272955,0.17274797,0.8959021,0.8921408,0.34576222
0.73672765,0.13042003,0.74080116,0.7855577,0.35406783
0.10603735,0.3788851,0.48080721,0.12127288,0.56194836
0.130838,0.2881636,0.511464,0.16477163,0.50479555
0.07054061,0.52814525,0.4487713,0.17849658,0.66263777
0.007293761,0.4843946,0.33156908,0.209228,0.7046406
0.07767436,0.44460633,0.48055515,0.16291939,0.60234576
0.48859447,0.13817674,0.6772285,0.47610986,0.30417576
0.49221635,0.09472739,0.6563458,0.38121104,0.599308
0.022586823,0.43550223,0.43772596,0.2042195,0.7228911
0.8256585,0.053803585,0.6839613,0.70049065,0.0
0.15758538,0.28178552,0.4574343,0.19886942,0.5281042
0.037165284,0.51109177,0.28226447,0.12926753,0.6738
0.2825458,0.24348733,0.54082316,0.16790189,0.5262118
0.09278464,0.64308804,0.38916543,0.15666617,0.67408687
0.1593301,0.22235554,0.6496753,0.19802813,0.5407702
0.21953112,0.44732308,0.6862583,0.20234029,0.697976
0.15427035,0.38145953,0.6070536,0.17591436,0.5197408
0.24058226,0.21053201,0.5372836,0.087808594,0.5876391
0.19392833,0.285881,0.62162775,0.11865546,0.7311982
0.3856523,0.12640728,0.74914736,0.23124416,0.4710531
0.19039881,0.38035467,0.6101647,0.20401265,0.76966316
0.062214226,0.39020255,0.42009613,0.13020994,0.61107683
0.41489798,0.19746712,0.6847634,0.4151672,0.44433883
0.054775327,0.7001008,0.15509817,0.22051014,0.661682
0.3688162,0.09404265,0.5697683,0.29587895,0.49853775
0.23182485,0.17511949,0.6361574,0.114327654,0.6084878
0.2321141,0.20035675,0.5125352,0.29605234,0.28506923
0.45756537,0.18410978,0.6584151,0.3133406,0.5361716
0.04489377,0.569069,0.20079452,0.16323896,0.5872558
0.09561449,0.37772483,0.521434,0.11838241,0.6489333
0.35631645,0.16584873,0.5449057,0.19645606,0.511098
0.03269884,0.48408034,0.3342292,0.17928435,0.7112203
0.042358667,0.37185672,0.54989135,0.20298408,0.6970907
0.060988426,0.4758127,0.33297575,0.08017628,0.7063145
0.2710979,0.15308657,0.5634468,0.23205478,0.51603913
0.38782185,0.10403113,0.5771848,0.3305611,0.46073958
0.3273996,0.38055763,0.85018396,0.28809214,0.59516966
0.032826155,0.5896342,0.21159554,0.19360133,0.60931796
0.1456638,0.22197843,0.6797664,0.20316194,0.5061215
0.13108179,0.42612135,0.35980278,0.27768672,0.42678213
0.048407435,0.6825258,0.15395182,0.23127459,0.5592676
0.56037635,0.16648257,0.6699006,0.48213863,0.3961085
0.13577285,0.62101567,0.28031847,0.2032987,0.6491066
0.4813413,0.07435264,0.58118045,0.44628042,0.57877284
0.24017888,0.1404779,0.56362325,0.20338579,0.485465
0.05804953,0.60326797,0.2841726,0.15951295,0.83287966
0.017564863,0.522179,0.3455759,0.17927615,0.63689494
0.02461055,0.59406626,0.2757787,0.20133542,0.66590744
0.02403903,0.58911246,0.20351404,0.19120832,0.72186553
0.9553533,0.08885489,0.76443166,1.0,0.516511
0.31197846,0.1690896,0.64077145,0.27176428,0.45343536
0.28285128,0.112212405,0.5662284,0.26191312,0.45342866
0.15001443,0.3070791,0.541606,0.15400334,0.55160993
0.11599797,0.27017334,0.6181157,0.1796674,0.5361176
0.16338274,0.27846763,0.5023025,0.12994711,0.5352095
0.43378955,0.30141398,0.79496384,0.3951528,0.41259664
0.10444206,0.44452202,0.57506484,0.17411809,0.7710921
0.10772321,0.40235332,0.6315529,0.19549485,0.5671484
0.33910066,0.16246939,0.56919897,0.16658969,0.54824525
0.31587422,0.13607351,0.5483974,0.19043915,0.516904
0.16549784,0.3044907,0.59295815,0.13941242,0.5740848
0.033038974,0.52625483,0.18569587,0.10502483,0.52697575
0.29310822,0.24152133,0.5898732,0.14280437,0.63873863
0.041181594,0.6484002,0.25209743,0.2367483,0.70041096
0.038472146,0.4283848,0.33857858,0.12029074,0.6346672
0.16485801,0.20281884,0.5959297,0.15412061,0.58583266
0.71627045,0.15372701,0.75011086,0.66738546,0.43415484
0.08174309,0.41959897,0.49985877,0.16963394,0.5347977
0.27554512,0.18026607,0.53298,0.14620163,0.53207535
0.21050969,0.415213,0.49087712,0.20940365,0.6211933
0.42540628,0.1122036,0.58340085,0.3663022,0.48815745
0.24296758,0.21451226,0.57014316,0.1555049,0.58028024
0.030103207,0.60403425,0.20073603,0.195601,0.5836846
0.55665004,0.09278899,0.63480103,0.4947334,0.44150567
0.3537569,0.18209869,0.7337567,0.29875714,0.63771665
0.07291442,0.47129795,0.5433026,0.15847163,0.72422767
0.12309453,0.3592845,0.5623415,0.10872932,0.65916973
0.3163756,0.21839297,0.5642509,0.18339838,0.60113174
0.027112544,0.49752215,0.3295689,0.10909401,0.68246424
0.073583394,0.39254937,0.40221283,0.1388873,0.593102
0.037579298,0.52130646,0.28128767,0.17540903,0.6468732
0.10733238,0.56294394,0.369793,0.16865964,0.79906356
0.1533719,0.38815376,0.524221,0.1793782,0.48692214
0.22092924,0.25419283,0.5912578,0.18542625,0.5125379
0.026102126,0.4286663,0.43853715,0.19717835,0.69973564
0.1927728,0.41826436,0.70706165,0.2363594,0.6065091
0.1768238,0.20114473,0.61700165,0.20520411,0.550973
0.1399262,0.27250358,0.5345721,0.12601285,0.5210233
0.17896685,0.41774943,0.6535799,0.22513767,0.8252003
0.13470164,0.43494046,0.34515885,0.20600937,0.70934033
0.1998893,0.25114766,0.7225435,0.20438294,0.70546126
0.83850914,0.09368954,0.72582227,0.78555506,0.5888395
0.43780434,0.11994974,0.6454842,0.38229448,0.29154128
0.12636301,0.3181751,0.55037016,0.11411579,0.5193187
0.051415026,0.38379878,0.40915236,0.14006077,0.6205771
0.47023886,0.18120836,0.7205529,0.41026503,0.35002497
0.40351343,0.13657774,0.59838146,0.30535853,0.48733938
0.10568845,0.2738282,0.54620236,0.1758443,0.55452204
0.043947816,0.5242973,0.25525653,0.15967716,0.6988908
0.13269028,0.31778327,0.57492286,0.16140838,0.53119266
0.06775594,0.76746726,0.11260478,0.22260989,0.60432065
0.2441302,0.20081413,0.6037576,0.18294932,0.58766115
0.14351624,0.31923866,0.5113847,0.15931855,0.55739754
0.08170685,0.35020626,0.48416266,0.113691434,0.5570272
0.16728234,0.31446293,0.50768,0.120939806,0.62043804
0.28169674,0.21079302,0.609385,0.07769488,0.7171432
0.03166482,0.42975026,0.3459308,0.15455987,0.58819306
0.1598478,0.23686111,0.6100016,0.1601337,0.58817524
0.31265384,0.11604033,0.58528256,0.29023528,0.37555557
0.10043758,0.57684004,0.22578469,0.2283547,0.48988461
0.8382446,0.072892,0.70433855,0.7384303,0.5035156
0.038136274,0.51512915,0.452933,0.16871963,0.67447555
0.58368075,0.19201893,0.7618555,0.48983395,0.49712574
0.0643065,0.51986,0.34124467,0.18552126,0.8135011
0.09168658,0.3519131,0.49262562,0.106937245,0.56342745
0.04564351,0.6158839,0.17221957,0.16226034,0.8177445
0.29542172,0.17582057,0.5878437,0.19452764,0.4755968
0.2958815,0.17388539,0.5537144,0.20116632,0.52729285
0.11836398,0.35036203,0.5016545,0.08133112,0.64381266
0.13691059,0.27537745,0.5933687,0.14385383,0.56045675
0.0225586,0.5634719,0.26843712,0.16530164,0.695777
0.06605938,0.388509,0.43315053,0.13514702,0.55040467
0.88341504,0.07767545,0.77875143,0.8950067,0.49539638
0.39909625,0.1453026,0.5770806,0.221305,0.55947423
0.21518466,0.21088883,0.6899335,0.24249296,0.5328426
0.06523767,0.3440393,0.5114252,0.14944653,0.5715274
0.178025,0.24538335,0.608524,0.16690947,0.54065
0.14277649,0.24942634,0.6258552,0.20045103,0.58404815
0.1505591,0.30673787,0.54953533,0.12385209,0.5558317
0.36278576,0.14563665,0.63602453,0.3117836,0.38239443
0.017157465,0.59644026,0.21930882,0.15692694,0.7029136
0.29090255,0.24681619,0.6062007,0.19142024,0.51003504
0.037818372,0.68468606,0.13930097,0.19313057,0.5878225
0.29241347,0.378358,0.787526,0.30825484,0.57913995
0.24506378,0.2778626,0.6388873,0.24990542,0.5846841
0.038246304,0.37029967,0.51920295,0.20553558,0.6614417
0.19032004,0.2700474,0.6175238,0.24365254,0.5238725
0.192161,0.20283818,0.71223086,0.25385875,0.5680589
0.20263499,0.19294737,0.6163276,0.17115737,0.56596774
0.6843251,0.08390195,0.6676678,0.62827176,0.24381858
0.12479165,0.33192006,0.47962072,0.11641316,0.5591605
0.26274478,0.2479853,0.7438875,0.29931992,0.51035386
0.26251888,0.14942978,0.60988665,0.25586522,0.41010597
0.14310178,0.31645352,0.52407724,0.13808112,0.62282336
0.13167912,0.46483612,0.4347472,0.09379859,0.73662466
0.18440899,0.37335548,0.7314706,0.21524356,0.60180604
0.16831869,0.2619832,0.46432915,0.14952968,0.51789296
0.15043575,0.35583872,0.4914758,0.19651942,0.555325
0.05084002,0.5184188,0.44343784,0.18443502,0.8672453
0.24523318,0.19538115,0.7124957,0.23347731,0.57872593
0.04563597,0.43196702,0.39170074,0.11956282,0.60481364
0.033519566,0.42904446,0.37383986,0.14472328,0.61469436
0.18666938,0.2205025,0.61039853,0.1497642,0.5397135
0.11122984,0.3531656,0.480181,0.094757155,0.6057433
0.23687032,0.1666977,0.5494568,0.18697293,0.47569764
0.034319013,0.49687973,0.26532388,0.11461322,0.69827753
0.22228724,0.2292718,0.6814578,0.20023616,0.50615716
0.09277713,0.7293046,0.16827212,0.1613215,0.87297595
0.13577864,0.39653793,0.6127085,0.11768232,0.6613976
0.13490072,0.35328412,0.63879985,0.15854315,0.59486014
0.073397726,0.38901007,0.4753569,0.1525162,0.56291926
0.4781127,0.13835901,0.6045963,0.38961112,0.48317575
0.054893166,0.62818134,0.27947953,0.1495912,0.79922366
0.14292157,0.35751706,0.6964406,0.23108397,0.5515328
0.18941143,0.27207276,0.6557524,0.21890308,0.6288536
0.050929517,0.43133086,0.4285806,0.1703348,0.6496405
0.35510093,0.09975345,0.5850999,0.29020602,0.48756793
0.04292777,0.6503708,0.2830738,0.22986166,0.6149621
0.07928717,0.3409943,0.47916523,0.17872013,0.5382686
0.23887846,0.37393463,0.5822548,0.11830644,0.7110707
0.035499036,0.50222147,0.312945,0.16613667,0.6735426
0.056075603,0.81949526,0.052358646,0.16055371,0.5008029
0.019028664,0.6037349,0.193124,0.20473488,0.6414079
0.12852222,0.6903771,0.18913552,0.060543373,0.90203106
0.09071046,0.42724276,0.47129884,0.14520605,0.644683
0.10710865,0.34852266,0.5961162,0.14908375,0.62237954
0.119109035,0.6272841,0.20940405,0.17842652,0.73247474
0.48443365,0.15836322,0.62211233,0.38535327,0.5644659
0.3300289,0.13252695,0.60433954,0.2249899,0.476704
0.15660813,0.20066378,0.631352,0.22257765,0.5117482
0.13011596,0.35104397,0.42925408,0.10350703,0.56978405
0.13931206,0.40198296,0.60193175,0.18828799,0.5158974
0.21962324,0.22164983,0.70016664,0.23995359,0.52314156
0.1900694,0.26002157,0.69057626,0.21967627,0.5378543
0.06357774,0.71753234,0.35615903,0.2413917,0.850469
0.069182575,0.704999,0.15395096,0.2462538,0.6565565
0.6479699,0.07095803,0.591012,0.6233901,0.37908623
0.010730594,0.5368202,0.17715189,0.1879202,0.6632331
0.22753462,0.18919465,0.6263325,0.2069446,0.5090739
0.32145905,0.09468725,0.56792074,0.24386387,0.39878753
0.025417864,0.573793,0.2286087,0.15099101,0.6658739
0.14938307,0.30631953,0.49971285,0.17842104,0.49840635
0.047272652,0.50120217,0.378662,0.16585101,0.79372823
0.20634153,0.32897693,0.75227535,0.26111305,0.65715396
0.032622427,0.52898204,0.32971156,0.10043819,0.678205
0.22624594,0.18161328,0.61041826,0.15566589,0.519869
0.43398118,0.17627902,0.6303265,0.37552446,0.5735288
0.13122246,0.2859867,0.6571264,0.16068493,0.65136147
0.059812307,0.46160448,0.410884,0.13317521,0.62893534
0.12378356,0.77704275,0.29598513,0.21954663,0.6987692
0.215199,0.19850102,0.5299965,0.13880758,0.55197346
0.2124201,0.20409426,0.63036513,0.17829911,0.48797002
0.30795115,0.15311511,0.6549777,0.31097955,0.40810245
0.028843373,0.5425626,0.44157147,0.22067226,0.6538206
0.3683566,0.10286872,0.5761865,0.29182047,0.44087318
0.034263134,0.450819,0.3435085,0.14528401,0.6275284
0.06487411,0.38324168,0.38699162,0.13424857,0.6002193
0.14702359,0.2581064,0.66029334,0.22321232,0.5853106
0.28438097,0.13791782,0.6233504,0.23565407,0.4085721
0.412077,0.1784713,0.6984188,0.41261375,0.40052184
0.20403785,0.22144067,0.6354976,0.15529554,0.5557416
0.05850953,0.46505177,0.34926027,0.09593876,0.7009652
0.09360409,0.45149538,0.46893302,0.23315237,0.6236069
0.16657206,0.24467695,0.58888674,0.11834018,0.586456
0.40221155,0.29225972,0.74761856,0.22343619,0.5358962
0.21178651,0.28231236,0.6878958,0.1695189,0.6149629
0.19698474,0.17647767,0.6132607,0.20595108,0.5102638
0.055692792,0.3691774,0.36292052,0.19194426,0.48107266
0.41560572,0.13218988,0.62092024,0.37303245,0.5141271
0.21528009,0.177697,0.6277269,0.18796073,0.6134418
0.41826034,0.17761427,0.7223628,0.35863644,0.4617862
0.07940605,0.34448287,0.54621315,0.12831314,0.649523
0.07464272,0.7430326,0.35739186,0.24077637,0.8946687
0.24488032,0.14836445,0.573693,0.1739745,0.46392137
0.29617733,0.1644336,0.64998937,0.21767758,0.5276555
0.13391706,0.29904407,0.4809259,0.13665529,0.48537657
0.07095486,0.4620331,0.35173407,0.07562564,0.6959469
0.33408928,0.26074186,0.532294,0.1672223,0.69630617
0.0686152,0.6372261,0.1770797,0.15840448,0.87708086
0.13519207,0.25286153,0.59703135,0.19316448,0.4525332
0.100243926,0.6921797,0.45126733,0.22026683,0.9423305
0.06351721,0.42389244,0.4536678,0.21056713,0.5701275
0.06339395,0.5868601,0.2327638,0.1321793,0.7140298
0.17351973,0.22954392,0.5506195,0.09065808,0.54809654
0.485794,0.06521275,0.58410895,0.39495218,0.35462812
0.14317372,0.2922568,0.6245027,0.21658356,0.57963794
0.32790947,0.16791299,0.7163821,0.30506873,0.38591737
0.5813727,0.1392458,0.6639189,0.55771494,0.49587363
0.20139742,0.22601646,0.6185186,0.15178011,0.59842753
0.053643674,0.63570666,0.24289104,0.07667212,0.6747191
0.2279265,0.24904379,0.5782917,0.1892714,0.44858378
0.45024794,0.16655916,0.62636733,0.2697482,0.48206818
0.18322295,0.21354565,0.6803127,0.23106246,0.57073736
0.32574642,0.14396293,0.57066756,0.20810778,0.48987824
0.35418326,0.17527732,0.522531,0.25621808,0.50770444
0.2673878,0.19088754,0.609496,0.2043143,0.47455382
0.37241948,0.12173331,0.6406022,0.2906096,0.33657023
0.4465602,0.15189499,0.6662158,0.40310425,0.3528378
0.06226161,0.512829,0.29196998,0.1644573,0.71642226
0.44971955,0.1587672,0.6903586,0.4596743,0.5172592
0.02627638,0.5216542,0.24050725,0.11304863,0.6269827
0.36303353,0.12861632,0.6622764,0.33152896,0.29391947
0.5477546,0.13109738,0.70184284,0.43496627,0.43378654
0.72132033,0.0905974,0.66474515,0.61207336,0.44281214
0.05051896,0.7041998,0.17618665,0.18497811,0.7450137
0.17442364,0.37183312,0.58533573,0.19251089,0.76994807
0.12616691,0.2881849,0.5768417,0.15752251,0.6056905
0.11062884,0.40555865,0.58273697,0.17217891,0.5978498
0.09249154,0.605626,0.4533912,0.16284244,0.83289343
0.12996629,0.33120525,0.58563364,0.16370739,0.5850449
0.23630807,0.3234224,0.67414254,0.21343575,0.64066213
0.054166287,0.5114699,0.31891528,0.1346546,0.661065
0.16033983,0.21627748,0.65295976,0.19345312,0.538028
0.38498968,0.11435598,0.5904885,0.2549554,0.4734102
0.119852126,0.48194447,0.5852568,0.18545516,0.67779815
0.24522084,0.1602177,0.619315,0.23866491,0.42174128
0.041719437,0.62718385,0.20868957,0.081328616,0.65116745
0.0883359,0.3420467,0.49438152,0.12237446,0.61854255
0.03179565,0.626245,0.1732438,0.1712781,0.62653965
0.24545431,0.15513094,0.5581965,0.18870004,0.5009419
0.25588667,0.17392638,0.66292006,0.27576482,0.5065261
0.27140749,0.15258262,0.6698156,0.18698482,0.5779235
0.04282686,0.60886234,0.26302743,0.20460273,0.6568465
0.03144619,0.5948369,0.27471465,0.14169188,0.69735104
0.18960196,0.43022937,0.56375474,0.2107367,0.7369677
0.23365685,0.19809625,0.5786219,0.14170162,0.54173154
0.058249503,0.7607287,0.2261684,0.22252075,0.7114299
0.04636383,0.45698166,0.27617997,0.09331094,0.61154824
0.19682679,0.26619023,0.573361,0.16877352,0.66159445
0.0967198,0.39730296,0.35016328,0.19075961,0.65876824
0.045607865,0.4496828,0.380057,0.12440623,0.64750206
0.07855776,0.52176446,0.47713926,0.18008946,0.636171
0.26634812,0.19535366,0.5733366,0.14154597,0.57135797
0.05240208,0.44002974,0.3598828,0.11141373,0.61879146
0.51302445,0.11907327,0.6065316,0.46063048,0.48867857
0.045624346,0.4148194,0.41308427,0.1487161,0.6803371
0.379633,0.09528947,0.5591061,0.28013384,0.4300103
0.6926516,0.15815511,0.6764795,0.73095274,0.47277963
0.047955126,0.49502465,0.28004533,0.10956569,0.63715583
0.40698832,0.14794159,0.613567,0.36398345,0.4333132
0.5546381,0.12423693,0.60998577,0.45404673,0.49616426
0.06009811,0.72746825,0.13186213,0.21076824,0.7637242
0.12268603,0.35318333,0.6284317,0.254143,0.49437574
0.6549712,0.06686729,0.7136404,0.55351263,0.16082501
0.19491145,0.23336881,0.54942644,0.15649791,0.58902454
0.20144495,0.38774157,0.6513345,0.22620682,0.66927594
0.057077646,0.44800934,0.41971523,0.16251586,0.6847747
0.22446549,0.18840142,0.6823357,0.25619787,0.4483121
0.13204694,0.4876683,0.6013714,0.21028347,0.76767814
0.02520436,0.59710133,0.22430515,0.23230876,0.6513827
0.40748125,0.095412284,0.6058022,0.3099016,0.3937308
0.12793675,0.49146658,0.48074713,0.18529125,0.6928519
0.22946864,0.20336258,0.609749,0.15837105,0.53886104
0.18297279,0.22869375,0.6558688,0.10834943,0.6482542
0.19843647,0.2254087,0.53148085,0.1378447,0.5717914
0.13147926,0.2445834,0.60338384,0.20263909,0.5138105
0.3287021,0.21908146,0.5342593,0.34179628,0.33384556
0.04689896,0.39567274,0.45984694,0.15220006,0.67557156
0.5576736,0.14522922,0.64822507,0.3975572,0.55518895
0.34608656,0.13804772,0.6151329,0.29529524,0.4140916
0.23448661,0.24300736,0.7030007,0.23407064,0.44712338
0.2108365,0.233969,0.57337964,0.1541876,0.47931445
0.046717733,0.441987,0.40559125,0.10749091,0.65012217
0.2593313,0.33721334,0.6075946,0.059329376,0.6141111
0.5438649,0.16425867,0.7424137,0.4230777,0.3571005
0.33060598,0.15356229,0.6100643,0.3245427,0.39429423
0.030478597,0.48481402,0.35658112,0.2074777,0.60230684
0.47691232,0.16485536,0.65873086,0.38624513,0.40113267
0.045111984,0.56614333,0.21300018,0.12029953,0.6612851
0.07629019,0.42102715,0.38674596,0.12636428,0.6578756
0.3368078,0.15320337,0.5879775,0.20733772,0.5057263
0.6621911,0.18444592,0.6609271,0.5706897,0.09122956
0.17515147,0.30541635,0.490976,0.0802968,0.5700861
0.07240859,0.42806247,0.42556596,0.11944513,0.6459311
0.094041884,0.29686394,0.5337318,0.15570994,0.54389083
0.5178926,0.13336802,0.6440652,0.48458743,0.39791328
0.21709946,0.13541934,0.59613484,0.24048929,0.41258132
0.26641107,0.28340614,0.54907036,0.194481,0.574735
0.4219638,0.19971159,0.7379099,0.17413794,0.7271816
0.5801533,0.15263689,0.690815,0.52953225,0.39034238
0.22105068,0.20889187,0.6008374,0.16701789,0.4985109
0.5104988,0.12667115,0.700799,0.5107647,0.4229083
0.13554803,0.5210767,0.6267177,0.25040406,0.8319916
0.08672622,0.4247935,0.49471828,0.11419861,0.66271055
0.067652464,0.3354312,0.4548898,0.20882462,0.47324494
0.31511688,0.17770791,0.65437204,0.25685608,0.42342275
0.4835716,0.054704607,0.6776702,0.43984175,0.50919807
0.6644445,0.1497128,0.70418024,0.59737766,0.4318496
0.44246632,0.13714592,0.6002275,0.38812554,0.51893854
0.6233193,0.07080042,0.65203667,0.54209954,0.5831889
0.4784795,0.10328753,0.61227816,0.40082484,0.4976192
0.056964934,0.48178926,0.37623122,0.08984707,0.6703885
0.6892822,0.11732397,0.7080083,0.5896985,0.7159826
0.15590039,0.22257456,0.6637743,0.19517277,0.48502588
0.04501736,0.7728674,0.23118833,0.28137308,0.74223053
0.2049177,0.29536998,0.70562804,0.19263186,0.5893618
0.20747906,0.2497079,0.5863017,0.1791415,0.5505886
0.7605131,0.11194308,0.58982676,0.600193,0.38038626
0.025828779,0.62837344,0.18650891,0.11209981,0.6656354
0.013605118,0.57907534,0.18337879,0.19692518,0.60656565
0.08051562,0.5016086,0.5040433,0.18433847,0.59824014
0.42759132,0.1687805,0.6005749,0.26146686,0.5551123
0.094874054,0.5468119,0.6229272,0.24758877,0.7224326
0.1531387,0.22888955,0.5724847,0.15562697,0.49913323
0.09048721,0.4568113,0.40387526,0.08744611,0.8110267
0.04728329,0.4008678,0.39689466,0.18303953,0.5984903
0.056993097,0.44144815,0.55979156,0.21818878,0.6022356
0.2723109,0.18713976,0.6677518,0.10888566,0.5473434
0.053846717,0.5585129,0.41113907,0.19440804,0.6103612
0.09106916,0.3488565,0.5583638,0.1689512,0.556499
0.075425744,0.38354892,0.40211654,0.10985236,0.58466446
0.23928097,0.2319138,0.63599515,0.17144011,0.5672243
0.031336904,0.4448044,0.4011196,0.15774973,0.6751338
0.11307517,0.9832012,0.23917133,0.3285101,0.852533
0.17149091,0.25840342,0.61970806,0.14691518,0.5743306
0.17872027,0.24216783,0.62322825,0.122385904,0.6536443
0.081100315,0.43401164,0.5333893,0.16393556,0.71797943
0.3815813,0.08212623,0.59448963,0.32063645,0.3577303
0.17371792,0.24473315,0.53662914,0.11568464,0.45957762
0.1054661,0.2576529,0.6652303,0.22402059,0.5617703
0.06546235,0.56892043,0.3207869,0.103403255,0.7715979
0.0667049,0.3264553,0.5473031,0.2015206,0.5667508
0.43781382,0.14868742,0.6442398,0.30286884,0.44521242
0.5808214,0.18351515,0.77055925,0.55422324,0.31971198
0.2911902,0.1785898,0.6300482,0.25893277,0.51671773
0.062043667,0.61465776,0.226506,0.16147505,0.7417033
0.428625,0.14104211,0.66724837,0.40030795,0.3169797
0.114221334,0.619399,0.45240897,0.1913871,0.84292793
0.03271821,0.4339476,0.3323837,0.13724907,0.6167535
0.2692846,0.19412932,0.576918,0.24492775,0.4264132
0.055229068,0.44218224,0.38287506,0.10055475,0.67346525
0.21612895,0.14842986,0.6189435,0.23522554,0.3918201
0.16698766,0.2067678,0.58392555,0.18949302,0.52169317
0.17663196,0.31991366,0.6665262,0.18025701,0.61625654
0.4173652,0.11671224,0.57909864,0.3768747,0.3218024
0.024234205,0.5507933,0.26781362,0.16856511,0.85850036
0.1174742,0.27850223,0.46421102,0.13038291,0.54852617
0.1127519,0.37836096,0.6057734,0.14216031,0.6145378
0.036156714,0.6329869,0.29234597,0.21269627,0.7921196
0.13419682,0.43870422,0.51398367,0.15208875,0.6945573
0.41154444,0.124421634,0.6432887,0.4470474,0.41990456
0.24529177,0.24469465,0.63674057,0.24611749,0.56894857
0.5251563,0.11381618,0.66760415,0.42599648,0.50407314
0.07731983,0.41342446,0.43882647,0.17617597,0.5575322
0.17347422,0.41337216,0.52290314,0.105700806,0.76549906
0.16846618,0.23902422,0.4701071,0.13317277,0.45033413
0.3503059,0.16578487,0.61919653,0.20486204,0.5422638
0.13741207,0.25817686,0.61786544,0.20045613,0.5566947
0.07499036,0.44324934,0.42179906,0.12151833,0.6160515
0.1361275,0.27523524,0.5723669,0.1428134,0.54813504
0.17658618,0.25977138,0.5637652,0.13226353,0.51076365
0.15643883,0.29987237,0.53813314,0.11511646,0.57095087
0.24131548,0.44116974,0.6962071,0.22375225,0.82056344
0.18641752,0.25313172,0.59468615,0.1316873,0.5652417
0.7551908,0.13210884,0.7154226,0.77230495,0.17897463
0.036807448,0.51182586,0.21665084,0.06932418,0.63095844
0.092665315,0.3071007,0.41320238,0.14009337,0.5575943
0.09994975,0.3186491,0.51786774,0.17952834,0.58304507
0.4141345,0.19337094,0.7345829,0.45562792,0.37628663
0.32866263,0.18244925,0.6148062,0.24087335,0.6493224
0.16381606,0.25124326,0.5837325,0.094536915,0.69054335
0.47248238,0.12980068,0.590575,0.40606314,0.4380684
0.057837337,0.6648443,0.2541393,0.19515939,0.76568544
0.11397335,0.42862108,0.46230242,0.0646158,0.6858669
0.2798953,0.1433182,0.57196814,0.21158291,0.45183462
0.15338004,0.29713684,0.5409636,0.056723192,0.52894706
0.09506729,0.8857037,0.043735366,0.22084223,0.5889758
0.62066543,0.15709767,0.6703248,0.56154627,0.5180322
0.22298339,0.28185126,0.76792145,0.22004287,0.64269817
0.31728286,0.14787996,0.55022377,0.20830162,0.53541267
0.35437477,0.102667846,0.61562306,0.25285834,0.5139737
0.23252511,0.22598168,0.6716113,0.2006564,0.5283956
0.68257767,0.23487365,0.75367117,0.65692353,0.36617926
0.12093401,0.41216862,0.56467843,0.19029818,0.60775304
0.1390422,0.27718106,0.6449337,0.20340903,0.5526384
0.407328,0.11491971,0.5733349,0.3325814,0.46358633
0.063628584,0.51898116,0.3398605,0.07773577,0.7283096
0.2770471,0.22469845,0.5990103,0.13589199,0.62816477
0.06418282,0.44973788,0.3580277,0.101107046,0.7356211
0.07180554,0.5632044,0.46363792,0.1417829,0.8723167
0.13890564,0.28686365,0.5359239,0.22119461,0.42431304
0.05391869,0.43162876,0.4633322,0.11637144,0.7032062
0.27805442,0.15210538,0.6167105,0.22425865,0.3934158
0.24921262,0.1320338,0.5407795,0.24436276,0.48644704
0.27607787,0.26906514,0.705497,0.2250909,0.5806511
0.10716009,0.33385956,0.5517478,0.11419095,0.6540212
0.24248803,0.19643211,0.70175564,0.2217689,0.61307204
0.09810847,0.32121563,0.5437561,0.1416155,0.51966983
0.26099157,0.17897725,0.580176,0.21295829,0.479932
0.04047528,0.57031775,0.21670687,0.15345918,0.5769527
0.3440879,0.1724347,0.6580252,0.31289566,0.47322685
0.027540565,0.48944804,0.1851593,0.13198991,0.62447774
0.04080525,0.49564755,0.4037686,0.14026393,0.77391547
0.38666868,0.16167411,0.6448416,0.298019,0.4223455
0.123999715,0.4267432,0.5883678,0.16771339,0.61055565
0.34872633,0.18357593,0.62406486,0.25402093,0.4955551
0.26747507,0.26086757,0.75587654,0.32211065,0.3643605
0.7094914,0.13859868,0.7344484,0.77917546,0.51031727
0.086144984,0.91175264,0.10218762,0.24008031,0.86779344
0.043255925,0.6603107,0.2533074,0.2269987,0.60465056
0.3044073,0.22592929,0.7783518,0.21561168,0.69680804
0.059568286,0.35726368,0.40308464,0.1745259,0.6043777
0.042011946,0.40987164,0.5051707,0.1821392,0.65378207
0.026565015,0.5246809,0.40658975,0.21901153,0.5992442
0.08828968,0.41154933,0.46232566,0.1195014,0.5925668
0.37238836,0.13899696,0.651123,0.23554622,0.51922065
0.1719248,0.29661727,0.61483353,0.13253729,0.6962795
0.04310435,0.6818651,0.16023594,0.2125832,0.5671992
0.22544959,0.25749445,0.67789453,0.15956147,0.64084035
0.041062534,0.47065023,0.3431195,0.14263378,0.7204274
0.16485193,0.36235273,0.6889604,0.17465411,0.6830555
0.4806227,0.2810516,0.7234577,0.4576947,0.6377195
0.12694326,0.22655636,0.49835345,0.23014478,0.43734682
0.1920487,0.21696982,0.6035822,0.17914553,0.48415935
0.6916838,0.13262603,0.58061576,0.60299706,0.24876517
0.088018596,0.4262171,0.40034366,0.10793729,0.6617852
0.2896458,0.15564659,0.5554611,0.2683938,0.5485046
0.09120023,0.3267283,0.4464287,0.13276328,0.6014039
0.12920898,0.7313442,0.44143432,0.18209894,0.93919677
0.3530203,0.35639024,0.7847288,0.30054176,0.7095133
0.13933435,0.293693,0.51154417,0.14166431,0.572455
0.15891656,0.29749566,0.49474362,0.18967755,0.43724963
0.26016998,0.14564009,0.6206182,0.18797703,0.5759465
0.099623024,0.43581447,0.51832515,0.19308986,0.7504989
0.34960288,0.18057665,0.71703154,0.36115563,0.569865
0.33901846,0.14742103,0.60356236,0.30866307,0.45704567
0.060578465,0.37262383,0.5247567,0.07336958,0.70945495
0.40460223,0.123075575,0.51027566,0.2986635,0.55957365
0.25047028,0.25091377,0.7416247,0.24823795,0.55351436
0.18322814,0.25999662,0.6801323,0.22183196,0.5421398
0.1708765,0.22909024,0.5391023,0.19517587,0.48627797
0.047247887,0.662669,0.15787052,0.24199043,0.6790761
0.02118498,0.6405215,0.2483291,0.23869215,0.760805
0.350991,0.1300274,0.5837455,0.30623,0.35350367
0.5564001,0.13030465,0.7023265,0.4082824,0.52379906
0.07061651,0.40309525,0.52279633,0.18444996,0.58447117
0.24366874,0.3362914,0.7621058,0.07678975,0.79283756
0.2886657,0.17931676,0.5226383,0.12950785,0.6921599
0.36924452,0.20240024,0.5222875,0.2412164,0.5796576
0.37864155,0.12774657,0.6363569,0.32223982,0.3335061
0.5012951,0.10106625,0.57304436,0.45731282,0.37957066
0.14231163,0.25524607,0.41522655,0.11893584,0.56134653
0.3160329,0.16408895,0.62581694,0.31564242,0.3722799
0.11215615,0.30582923,0.4836543,0.17331277,0.4776073
0.11596438,0.27332547,0.61030686,0.19308828,0.5690852
0.29195827,0.19449383,0.6478337,0.23383181,0.571287
0.30980247,0.18572685,0.7374239,0.2392139,0.5013659
0.6212012,0.0817374,0.69290334,0.5217212,0.61795545
0.08779323,0.48609525,0.42985475,0.22319804,0.61477256
0.4959194,0.08466771,0.6047471,0.43636137,0.2905308
0.33605355,0.18900824,0.6234784,0.2998408,0.5107405
0.33169317,0.18995988,0.6531151,0.3152324,0.40601757
0.051793218,0.5928072,0.33998355,0.16253547,0.72459054
0.3533101,0.12322225,0.609767,0.29884,0.41282895
0.13562262,0.25080097,0.64977634,0.21230642,0.5284706
0.07339764,0.4165395,0.4744322,0.090841815,0.65879387
0.5657972,0.15758775,0.61555773,0.3874482,0.5470995
0.057373196,0.40636566,0.38053155,0.12610374,0.6277589
0.047981173,0.53119856,0.4798819,0.19068973,0.8490423
0.3552447,0.106481425,0.55070156,0.31979,0.3843692
0.18169698,0.28347874,0.74494237,0.24910097,0.58788145
0.8562296,0.09023912,0.6338844,0.7140508,0.36813694
0.24737668,0.22863719,0.63058674,0.14856933,0.58062816
0.08537477,0.4368701,0.4380541,0.098091856,0.654003
0.133602,0.24944732,0.6255079,0.17478113,0.57971096
0.18380538,0.19309756,0.6044187,0.20300086,0.5602735
0.37585282,0.06655663,0.5722514,0.33135927,0.4117005
0.19007882,0.554812,0.6570552,0.23455472,0.9154935
0.2806962,0.10961904,0.58957297,0.24446107,0.3570664
0.3730423,0.1469514,0.5680741,0.24078678,0.5513555
0.4746163,0.12403487,0.6249489,0.34889132,0.5889886
0.40762216,0.15631893,0.56620365,0.28086746,0.55295026
0.1073533,0.3348221,0.5369384,0.14377798,0.5894852
0.15949267,0.24791285,0.55040175,0.12887536,0.5508462
0.08146337,0.46379998,0.4009723,0.072932616,0.67626333
0.0097258985,0.523285,0.38173968,0.22538005,0.7237114
0.12602589,0.46595326,0.5238823,0.19016398,0.85886896
0.59019476,0.10236396,0.66024107,0.47478867,0.38083678
0.4288985,0.18655103,0.5506892,0.30536366,0.36739436
0.15181431,0.33478037,0.5972931,0.17177837,0.67281055
0.39433217,0.13746643,0.64604163,0.26758033,0.656613
0.34401524,0.12999052,0.54865736,0.30011427,0.43614966
0.104885876,0.31000993,0.48598388,0.15165989,0.50756764
0.36625707,0.10850126,0.6122611,0.3569284,0.49492082
0.36344934,0.14034486,0.60369444,0.34652936,0.4332862
0.088772535,0.4350459,0.5317384,0.16408713,0.61026865
0.21365982,0.19106078,0.59229285,0.19647907,0.47876194
0.25973397,0.10191376,0.5676503,0.2329439,0.48442692
0.5309419,0.1793823,0.8062261,0.44897592,0.726185
0.07955536,0.36403444,0.52732617,0.13108881,0.6303816
0.45663524,0.14652935,0.6329241,0.43357784,0.4766134
0.34597725,0.12564965,0.59428734,0.26556474,0.4783761
0.097750634,0.43919358,0.2912983,0.19823028,0.5955859
0.16940668,0.42019242,0.4865127,0.19213517,0.59597087
0.28336722,0.21371537,0.57407933,0.1767328,0.44879192
0.12578994,0.2839201,0.5700184,0.15672301,0.53835195
0.068642616,0.48982105,0.3656766,0.116813436,0.6867274
0.20397654,0.44948882,0.55724555,0.2431608,0.69147265
0.33598202,0.1588971,0.6352674,0.24435721,0.4894528
0.2619357,0.29763344,0.73365617,0.16005178,0.7643076
0.08064842,0.44351375,0.58858556,0.19632281,0.76170856
0.41249126,0.14846519,0.6217817,0.38874137,0.3879973
0.23609325,0.35119602,0.7019465,0.16128202,0.59770006
0.13241395,0.23384112,0.5010392,0.1463931,0.38843405
0.0430851,0.69978464,0.18304598,0.27186328,0.62237275
0.28270322,0.15455428,0.6856279,0.20471902,0.49241868
0.2579286,0.13356088,0.5910738,0.2527011,0.31330666
0.33887523,0.21634123,0.6587439,0.2101392,0.5751376
0.03368652,0.5538387,0.27067295,0.17831345,0.6214888
0.26589936,0.26092136,0.64032054,0.14970855,0.6326523
0.39225483,0.05565477,0.64409494,0.33329934,0.40302196
0.47933722,0.13931635,0.7688852,0.37800604,0.5151535
0.19290805,0.1597467,0.6385144,0.22882105,0.4930398
0.30055493,0.16032669,0.5622362,0.23939003,0.3940285
0.2559479,0.16482669,0.59326226,0.22587009,0.50919276
1.0,0.093404114,1.0,0.7735204,0.6315997
0.13111633,0.3818823,0.5288522,0.0830508,0.7264907
0.06191054,0.34807095,0.5322232,0.16996445,0.622376
0.58372766,0.102040604,0.5724574,0.54452425,0.4860392
0.23288208,0.14080028,0.55921906,0.22852851,0.3705052
0.67964625,0.1195323,0.61396474,0.598988,0.500896
0.2988547,0.15981913,0.57404727,0.17101808,0.5152157
0.39239234,0.15994285,0.64685225,0.35982955,0.522446
0.15674266,0.29760882,0.4026746,0.25562513,0.49852443
0.029452324,0.5438267,0.3501695,0.16301318,0.71938837
0.071712464,0.65132266,0.2549284,0.112162694,0.78257906
0.2780199,0.19768605,0.6836783,0.24916793,0.5129241
0.23072231,0.2467894,0.686291,0.19804452,0.52304447
0.10734683,0.3850943,0.48562256,0.12581865,0.68169683
0.3581928,0.2533948,0.7498377,0.2514555,0.63022834
0.2152496,0.21780372,0.64126414,0.2113591,0.47151616
0.19284871,0.15558656,0.60659647,0.20445962,0.45606935
0.2257284,0.20834157,0.6322466,0.23540087,0.49769247
0.62934804,0.103139296,0.65714115,0.52153146,0.75720954
0.03725475,0.7408215,0.18155997,0.19628419,0.80196
0.18244123,0.3536712,0.56945246,0.18677501,0.7094264
0.10757002,0.40243915,0.4179548,0.19621344,0.67066383
0.11462563,0.2742185,0.51669186,0.16332878,0.5366199
0.28016227,0.21948344,0.6423872,0.2539562,0.51937985
0.12505427,0.24867368,0.65316266,0.20518403,0.61364365
0.15555829,0.3758075,0.650719,0.17235081,0.6189758
0.49467748,0.097851075,0.6252719,0.41604584,0.2629909
0.29019457,0.26811913,0.71179837,0.28437072,0.44560495
0.09600231,0.5969243,0.4618936,0.18051575,0.84787416
0.09029594,0.37969398,0.38233632,0.12266378,0.62778753
0.3532607,0.3679098,0.689344,0.3219157,0.5061644
0.23432887,0.22990274,0.6372147,0.22746842,0.5309968
0.5493121,0.11534226,0.67008746,0.5673233,0.5405229
0.18992534,0.24638772,0.6198179,0.20099325,0.5752732
0.56647503,0.09930309,0.6536396,0.45821708,0.44640994
0.3352549,0.14497589,0.5684986,0.22578032,0.4688607
0.15098166,0.24793199,0.7250864,0.23973145,0.61259085
0.32867074,0.14553875,0.6572906,0.281933,0.38491195
0.24522382,0.2003699,0.62842023,0.16432686,0.4560888
0.11430192,0.35530362,0.4867927,0.035679176,0.61229277
0.28330272,0.124774784,0.54527986,0.22901107,0.41882685
0.15592122,0.42359096,0.43768132,0.2066323,0.5932519
0.16823596,0.3273602,0.5601231,0.09593256,0.48101503
0.3614655,0.12259236,0.6231488,0.26658285,0.597378
0.08695838,0.41903615,0.33187425,0.10924311,0.7285187
0.09158179,0.3320405,0.3887304,0.11905368,0.5712074
0.26019096,0.17561784,0.6316362,0.1896766,0.57624316
0.22888994,0.17344773,0.59090155,0.17874448,0.5678713
0.2769413,0.1467278,0.5658456,0.18843515,0.46828616
0.27437437,0.19217277,0.5876731,0.15423559,0.4965126
0.1428259,0.27596855,0.66305125,0.2077211,0.5982519
0.35241348,0.19490522,0.5808796,0.2585684,0.5234111
0.096158296,0.37589982,0.54130405,0.1431988,0.5553614
0.09135288,0.39498773,0.416605,0.085638985,0.67835075
0.24134004,0.14244701,0.6066721,0.20844577,0.38710934
0.43763298,0.14672956,0.619151,0.45849705,0.28594497
0.028027862,0.43570065,0.39063555,0.16477855,0.6870551
0.16496211,0.26300645,0.6503102,0.18453808,0.5638858
0.44373316,0.074283406,0.6387716,0.30712348,0.46108305
0.046094656,0.5987042,0.21209371,0.15894048,0.57794505
0.41927928,0.1404069,0.5610603,0.27346945,0.5409174
0.8398197,0.15396464,0.7619914,0.86184746,0.21145374
0.16859725,0.31554586,0.5945808,0.16502182,0.58425546
0.06477687,0.39148512,0.43280798,0.11639096,0.51810855
0.06604323,0.3193951,0.6148865,0.19585015,0.6478456
0.051974,0.5016322,0.4257811,0.17497535,0.7177992
0.31959558,0.06501451,0.5996508,0.3035642,0.35486326
0.24694312,0.19061515,0.67920095,0.20098536,0.51582766
0.44218856,0.12779528,0.51691836,0.3521065,0.5969746
0.15986297,0.2455186,0.511721,0.14348696,0.49716753
0.08285782,0.43531355,0.5425682,0.16853674,0.6390674
0.6683162,0.14209968,0.62797606,0.58076876,0.57109565
0.055311978,0.4310759,0.35331553,0.110445574,0.6395049
0.22402698,0.26722202,0.74613667,0.19582953,0.658929
0.037373275,0.4368857,0.41682023,0.11881606,0.69048375
0.24939829,0.14996867,0.5945241,0.2252727,0.46376207
0.23795393,0.25646088,0.6665085,0.117338195,0.57388186
0.035912663,0.6030665,0.36189985,0.21158503,0.69446254
0.5005725,0.11855771,0.58071655,0.46646369,0.31506562
0.3389938,0.13893464,0.55799675,0.23855563,0.52837753
0.3945198,0.1294091,0.55847305,0.26198095,0.49591964
0.06660208,0.5536523,0.49460033,0.19299679,0.87503356
0.040356427,0.45938393,0.33443153,0.1582328,0.6884572
0.6714335,0.0,0.69930804,0.6775016,0.37909913
0.077168375,0.41186672,0.47547653,0.096896365,0.78559375
0.21064088,0.16139218,0.61887604,0.19031338,0.52755606
0.60558146,0.09508239,0.63391495,0.5177275,0.42318094
0.47757673,0.14668146,0.6092654,0.41544014,0.43652007
0.17846724,0.35662997,0.5344749,0.15062805,0.6843805
0.28491068,0.18615049,0.5918595,0.22312813,0.44998935
0.093607634,0.9728944,0.032604072,0.3367477,0.9116901
0.4565887,0.12404692,0.5794274,0.39087772,0.550429
0.27744865,0.1926221,0.49409184,0.17557748,0.52174747
0.5472324,0.12550816,0.6619534,0.48549044,0.50679284
0.064905316,0.45972535,0.38624138,0.06960128,0.6417513
0.41220725,0.123428345,0.6005718,0.36015064,0.594581
0.13254508,0.30813932,0.56530154,0.02969198,0.7131968
0.2886601,0.19137622,0.62681884,0.19353981,0.5869182
0.32118267,0.19830835,0.601576,0.12485327,0.63223815
0.025801748,0.4724557,0.41911423,0.19187741,0.760075
0.17888677,0.30629474,0.68180597,0.21620344,0.5349342
0.074545264,0.37387928,0.38953513,0.1701533,0.7303557
0.21115384,0.22747967,0.6941025,0.2404557,0.55789995
0.23375687,0.24350241,0.698867,0.19052427,0.60264224
0.30269706,0.16266082,0.6241277,0.2591359,0.37022433
0.33587253,0.17385498,0.70869946,0.3283326,0.5638901
0.15928814,0.28375405,0.6554237,0.15623094,0.7821618
0.1452972,0.26999986,0.6103973,0.19243579,0.6122257
0.056760132,0.39291352,0.46047303,0.109828696,0.6324794
0.18229166,0.29836228,0.73369074,0.22365235,0.6258453
0.03946948,0.62378836,0.197113,0.14390539,0.6340001
0.21300659,0.33402595,0.70818037,0.16375999,0.7433913
0.12065536,0.5419916,0.5153242,0.19726409,0.73007756
0.15012184,0.23283812,0.51814395,0.15008272,0.46479094
0.029809803,0.4863738,0.22200793,0.18239753,0.5990899
0.20082238,0.2155014,0.5856761,0.19184576,0.58489287
0.13200825,0.39850822,0.6176737,0.18449719,0.54899085
0.18240964,0.24036303,0.6692378,0.18353708,0.5320678
0.343704,0.26645598,0.8471046,0.21482499,0.7088309
0.041246325,0.6840375,0.16566633,0.2765072,0.8267318
0.11683631,0.24394548,0.6896882,0.2189373,0.60109675
0.09249851,0.35896015,0.55666184,0.12922193,0.60007054
0.3786248,0.12738103,0.5771002,0.3253702,0.37255177
0.058886886,0.506818,0.38088983,0.107835636,0.72308904
0.014143735,0.51127946,0.25290167,0.15799095,0.6392568
0.1783664,0.24603131,0.7372808,0.24782754,0.5795112
0.5655324,0.101296395,0.66467977,0.53358424,0.30745143
0.46006602,0.1437502,0.66593295,0.44931924,0.31200024
0.06643504,0.38272777,0.41789526,0.17929836,0.5648615
0.4647559,0.19978684,0.6857715,0.44152957,0.48627165
0.16036054,0.29147214,0.5964548,0.13605951,0.55541754
0.17664802,0.3434934,0.61942583,0.24104048,0.6163664
0.05039814,0.56326544,0.34467077,0.14487626,0.717276
0.26713353,0.18153864,0.62725747,0.20426081,0.48279977
0.08966759,0.3859842,0.39608657,0.14903332,0.65567625
0.066144854,0.64565855,0.16166747,0.20996197,0.6701811
0.26066524,0.247212,0.707741,0.19436751,0.5153448
0.038425267,0.48717418,0.35141757,0.16208886,0.6414964
0.281901,0.24256289,0.73610157,0.2378089,0.47444522
0.24074623,0.20428753,0.6438851,0.21927638,0.5395278
0.6777399,0.09080766,0.69321907,0.46643907,0.5492413
0.41027915,0.14787143,0.69170505,0.3208955,0.46264768
0.1043888,0.29203358,0.51865745,0.1693088,0.5520512
0.13528061,0.280363,0.553661,0.19952898,0.4695587
0.46251553,0.115893885,0.59309214,0.39977956,0.37942913
0.19957927,0.23880726,0.59237283,0.16630407,0.5854724
0.17629501,0.22655019,0.71439856,0.23772134,0.5536697
0.17665991,0.20636791,0.6350216,0.15802942,0.49338984
0.23263985,0.15235503,0.6246728,0.21449523,0.4580834
0.45749712,0.14158626,0.61536765,0.29187822,0.596595
0.011995435,0.5026993,0.2574828,0.1658106,0.5938773
0.7757731,0.04332033,0.6388654,0.71588635,0.31428355
0.036280155,0.4301555,0.40611008,0.16300072,0.6892167
0.49699676,0.20085713,0.8472992,0.4196123,0.4995932
0.07816273,0.46602306,0.4639832,0.13299234,0.6714834
0.13567576,0.26034522,0.5156877,0.16287096,0.42218697
0.23882502,0.29257664,0.6736398,0.22257172,0.7588375
0.42727715,0.14494291,0.67339104,0.36183542,0.50495666
0.4489658,0.093425795,0.57596725,0.36904126,0.40737796
0.8767527,0.1312345,0.6885952,0.67131805,0.45198768
0.37909818,0.13361442,0.6205653,0.32269335,0.5091499
0.21568754,0.19832852,0.59595644,0.1603501,0.55974704
0.15668282,0.30941182,0.47005174,0.14247619,0.49890456
0.28022873,0.18478936,0.5794615,0.20315348,0.5468863
0.08113167,0.4881719,0.4408835,0.15055571,0.7636169
0.06713298,0.48833632,0.5363036,0.2165351,0.6860131
0.20900556,0.27496263,0.7162285,0.25675684,0.53671384
0.35155368,0.113982484,0.5612032,0.28735256,0.57377493
0.06842762,0.32913184,0.5982243,0.1900758,0.63581276
0.27533454,0.20747513,0.6191043,0.18686263,0.581939
0.27871293,0.20228797,0.72038496,0.26234812,0.43010664
0.18797359,0.18123475,0.62323296,0.1907724,0.5461188
0.18927228,0.22548094,0.60958034,0.11649068,0.53869677
0.3009507,0.18083306,0.6775866,0.31830567,0.3303396
0.12342021,0.27823234,0.6324001,0.16105188,0.63445896
0.34840888,0.20578298,0.7614253,0.3132516,0.4926191
0.039244026,0.6316851,0.17767371,0.15490235,0.71954274
0.055880994,0.5774626,0.3817281,0.18018408,0.62011075
0.42129356,0.15200558,0.6221621,0.2982362,0.405348
0.78131884,0.045118734,0.68741715,0.76247793,0.27328727
0.59693193,0.05405789,0.62300664,0.58561075,0.1969443
0.118484676,0.939407,0.050200973,0.08462618,0.7176732
0.40839857,0.09111373,0.5815913,0.33329833,0.57857126
0.16689691,0.2395277,0.6186809,0.16811599,0.53772104
0.20493433,0.21671402,0.54602563,0.14804767,0.54407763
0.054710418,0.5480874,0.2823245,0.09335424,0.7640658
0.22546941,0.29514807,0.59911793,0.15261339,0.6203426
0.0806056,0.5559104,0.3157001,0.10701488,0.77279335
0.034646064,0.62802106,0.3122565,0.20539995,0.72593385
0.32802808,0.13894078,0.62047446,0.26286674,0.43644112
0.27175176,0.29130495,0.5812489,0.30587065,0.31275055
0.0911634,0.86860377,0.24480987,0.28465587,0.98643667
0.058233738,0.7156255,0.2502126,0.2434211,0.7177124
0.43260682,0.14968306,0.6291226,0.3143229,0.45487782
0.084804386,0.30873442,0.5420215,0.17072864,0.6004956
0.08365595,0.6629863,0.4028415,0.26677626,0.6621888
0.30413353,0.15030773,0.68274903,0.26858008,0.53139806
0.22528946,0.17300385,0.5804132,0.20910932,0.480095
0.073536545,0.7477472,0.4077267,0.27397817,0.8652691
0.10427138,0.39207187,0.43309656,0.05160843,0.63577855
0.20253459,0.19752559,0.6442248,0.20632367,0.518656
0.33309054,0.119471386,0.5800618,0.25996673,0.61243075
0.3271278,0.10529439,0.5822882,0.25651067,0.4415575
0.1735605,0.33777785,0.47441015,0.09753452,0.54787284
0.8816026,0.13339113,0.76139456,0.9620846,0.4505467
0.13608733,0.27722016,0.61294895,0.11100505,0.6135466
0.3185528,0.13287227,0.58623457,0.31081563,0.3383932
0.09693372,0.47915494,0.48834726,0.11223738,0.66535825
0.33123595,0.08846961,0.5845253,0.29863405,0.3937052
0.30066603,0.15885365,0.5818834,0.24383067,0.47375387
0.22737616,0.21857136,0.6654563,0.17571522,0.54305166
0.43179607,0.19566095,0.65077335,0.39787734,0.31979054
0.3308602,0.10036638,0.58798283,0.23900782,0.505262
0.23065737,0.32090372,0.564871,0.18851767,0.6599483
0.12716374,0.28881395,0.51706815,0.15763102,0.4632631
0.057554424,0.7097487,0.22963646,0.1986952,0.8761808
0.15487626,0.23374975,0.5762399,0.18902414,0.49228993
0.024472088,0.48054332,0.2944908,0.13588752,0.67447853
0.049229532,0.5748085,0.29903567,0.16221626,0.6976305
0.18339291,0.32221437,0.71301055,0.18391113,0.5779239
0.47076225,0.19411671,0.6936993,0.5038009,0.26289883
0.12533152,0.27915883,0.5296032,0.14412318,0.54895556
0.043868273,0.6242565,0.14842822,0.18011777,0.7392676
0.04541847,0.7417248,0.1749814,0.27922767,0.67072135
0.053105474,0.40145782,0.42375177,0.12329583,0.66154623
0.42724228,0.083492175,0.5867617,0.3522799,0.5149251
0.57396066,0.1357373,0.6420649,0.639724,0.41298783
0.14128006,0.2850104,0.5812749,0.15652247,0.57157266
0.0507724,0.74865574,0.13555013,0.32620865,0.67227423
0.16441613,0.26295215,0.649148,0.20303212,0.59481674
0.3559556,0.15865785,0.6681955,0.26997298,0.49677825
0.123275936,0.29112825,0.6460332,0.20152895,0.63491166
0.09873861,0.38187572,0.46156672,0.1421019,0.63551956
0.42827064,0.14134768,0.6359458,0.32581103,0.3680709
0.5947073,0.16163096,0.6785629,0.6030286,0.408086
0.48340994,0.15240729,0.6315986,0.40823394,0.5254838
0.033353627,0.42166302,0.41297182,0.1441768,0.6770076
0.33601892,0.16936046,0.65148443,0.2452343,0.5410099
0.30746555,0.13349603,0.571147,0.27945364,0.4543346
0.5487318,0.1908958,0.6849715,0.46957088,0.47714782
0.1750871,0.27695942,0.6123186,0.15319477,0.53551465
0.03824827,0.6601016,0.22039062,0.23434912,0.593121
0.30123115,0.22581097,0.786184,0.2511865,0.57446945
0.20788422,0.22109771,0.64458907,0.08587052,0.60951877
0.4002152,0.107280396,0.63525563,0.3164726,0.3595134
0.22803578,0.25753078,0.62558955,0.072973624,0.7603551
0.12472057,0.27273586,0.53793913,0.1623076,0.56146944
0.66382074,0.13105616,0.7852909,0.51772153,0.3451829
0.1775544,0.1782788,0.62828934,0.21703486,0.47143245
0.23879543,0.20046875,0.5076853,0.20609735,0.61145
0.4142974,0.057403874,0.604951,0.345998,0.3082942
0.20106006,0.17420805,0.62704945,0.22405814,0.49969494
0.2758776,0.13028985,0.6044566,0.2211117,0.4482125
0.09313744,0.33895925,0.4738321,0.17843236,0.5710291
0.15028313,0.31511965,0.5820031,0.098307684,0.6988231
0.2042396,0.20671996,0.563624,0.17362987,0.5006728
0.24277225,0.20561248,0.5871601,0.20712267,0.33210352
0.06974989,0.36355758,0.5400479,0.16648798,0.62065136
0.43370312,0.1360062,0.5695417,0.30831552,0.6502169
0.23152533,0.13256109,0.5556036,0.21848129,0.44320458
0.028193593,0.58413696,0.2136836,0.18725158,0.6152955
0.38630193,0.106512144,0.57960796,0.31464458,0.5663866
0.37804288,0.25118065,0.7548063,0.20780177,0.58383274
0.5959486,0.0221951,0.6988718,0.44856566,0.3219783
0.047876865,0.59211236,0.21646264,0.14944674,0.72068
0.375942,0.15535592,0.6640249,0.37936395,0.34455103
0.16257876,0.34188017,0.61768544,0.17428537,0.5439944
0.07730386,0.40155962,0.48010555,0.16167141,0.5314082
0.318025,0.15455431,0.66779065,0.25757682,0.5206554
0.67797554,0.112840146,0.61338115,0.65236855,0.48046336
0.3251117,0.16210817,0.5831167,0.24462853,0.47850895
0.49243265,0.08867486,0.62715936,0.54108685,0.72432256
0.27901894,0.19478576,0.7153305,0.28312582,0.43284196
0.04114756,0.5063731,0.29174045,0.054893836,0.6206428
0.1111632,0.8741698,0.29179147,0.29711068,0.7689001
0.034973025,0.646641,0.31295052,0.2303627,0.78843796
0.0334194,0.47850916,0.27544793,0.09521021,0.67902356
0.49027485,0.433779,0.70825624,0.46315306,0.1614883
0.20818996,0.29850864,0.5319315,0.18729989,0.61867845
0.28981948,0.08139229,0.566498,0.2861588,0.34798816
0.07987487,0.8876578,0.055579748,0.2794041,0.70120364
0.11972317,0.31968078,0.60517025,0.15361015,0.60707664
0.248308,0.28439593,0.65627617,0.2292052,0.48717284
0.70699227,0.061870113,0.6858753,0.72516847,0.28877747
