PCA_1,PCA_2,PCA_3,PCA_4,PCA_5,PCA_6,PCA_7,Effort
0.35007913297518467,0.19893413920512878,0.5678195415882763,0.3263072588477546,0.48443258933570116,0.023756016237238886,0.7870984722877234,0.1968880909634949
0.3319207989688321,0.2735774970853165,0.5667237023921794,0.4960032191704248,0.1800665784465872,0.3575307628607176,0.6530908127883853,0.2175344105326152
0.2374021179118479,0.07669614320691848,0.5750541933925105,0.3399882845917621,0.8537954835960889,0.5196849538593933,0.28063024052060753,0.0110712148414123
0.32788389130244977,0.2867604557744259,0.5655537159419795,0.4471745716487318,0.1765195769829616,0.3593594692656171,0.5964593121727074,0.1403351286654697
0.24998104597951532,0.25623805740355693,0.5879750310863207,0.4057372015729975,0.23544154608132417,0.39029892756632834,0.5051763743939054,0.06852184320766
0.2525648877541492,0.21739892574776265,0.5550801269743738,0.6031763540704892,0.2686311203923045,0.35555471246923687,0.7521538836495628,0.0972471573907839
0.15998729327158584,0.27541673788288024,0.5696655133416231,0.6366909832197246,0.7795009397611277,0.5748742598444977,0.46414550837789814,0.0864751645721125
0.20877908981795967,0.6068936543390381,0.0,0.13872554177467905,0.2532346996885537,0.4046097338360316,0.8007256218821172,0.1439257929383602
0.26542412435218743,0.2573530793348127,0.4598310834420567,0.4878538304257739,0.38969886331515097,0.401355547417312,0.6079095507907116,0.3123877917414722
0.21180130054319993,0.06844462553104347,0.3876913305986743,0.20894249700776696,0.8743337773337496,0.3122394322413833,0.7140057547826838,0.0801915020945541
0.29336634891806024,0.24911407880888192,0.330011368142752,0.42822840304249327,0.6181521695285057,0.6059731255859166,0.3988007990274435,0.1505086774386594
0.31658179661281294,0.263478594704125,0.27314405545755255,0.618984278076008,0.603771796480496,0.5687630441449013,0.7251212981406961,0.3635547576301616
0.12705946138997523,0.193193272386415,0.4087961036282961,0.1997015415737629,0.3883078057757766,0.42012077878596427,0.7236142976850874,0.0742070616397366
0.3092567639553743,0.10879441236784573,0.5848404728498946,0.41980244874154526,0.6514178799844483,0.22117815028953702,0.6528932663727811,0.1549970077797726
0.43643967150410296,0.17186932472698938,0.5333695680137421,0.37960173851532847,0.6961218863138038,0.43660577263730144,0.4082141620752247,0.189407540394973
0.12057568875634608,0.49988493917176624,0.41449221748877374,0.5476252866016995,0.45135541331536105,0.5681586187392548,0.6473947511684114,0.0457809694793536
0.2872554926320301,0.012592278703129456,0.547432470194158,0.7061547469449146,0.9234058683764984,0.35987295485700005,0.6663916196207128,0.1131059245960502
0.47145552097391397,0.13033769581302915,0.8242174650876195,0.2439669821845058,0.529315719030442,0.9245641677725207,0.5983401577175799,0.1235786953919808
0.4640550337907989,0.07912581164830679,1.0,0.18651335182608852,0.20752714365425895,0.9078712811307459,0.8388363743877731,0.1687612208258528
0.14652812148001348,0.3164569197905897,0.4279061904718786,0.7583450002998993,0.4399991370620354,0.6278658209608774,0.280907382300929,0.0125673249551166
0.5976584930343787,0.30584336924759203,0.7365609904304826,0.4520723930472697,0.5363935394517675,0.6320883560475227,0.6596039748038687,0.6166965888689407
0.39362540797048906,0.04002972255757958,0.5798011382127948,0.45929146305455365,0.6716879298467086,0.5577446064561896,0.6578626373349344,0.1980849790544584
0.5221707184932948,0.22196300934955662,0.6109921283902233,0.5171497657071084,0.5403855989167681,0.31711212799354394,0.4692419626943912,0.2235188509874326
0.3816303874878769,0.26495558210470577,0.6534999636279643,0.8845466318989874,0.3884864136306031,0.3591083565414274,0.29490206724868795,0.4287851585876721
0.3880470593025627,0.0887346576648596,0.7215580259737163,0.27351909806281083,0.24624092242411333,0.35723444067636084,0.9186522195531726,0.146918013165769
0.3997585935046174,0.18105991760599421,0.44095046458056186,0.4946586175652994,0.36907643940656715,0.8072250306350851,0.6311181187361751,0.1119090365050867
0.40116087550203433,0.15213653091702956,0.5634187094409954,0.6050294535144796,0.2690111196379705,0.7651829395042908,0.6556746010284739,0.1280670257330939
0.5332781788797956,0.28531837559179624,0.4051011405235662,0.3052462118931427,0.008117105646807121,0.7427298267416547,1.0,0.1594853381208857
0.3979845821108548,0.07824957198161375,0.5796528488107087,0.3749625950366771,0.6841302820311361,0.5941502254262858,0.4985696480963197,0.286654697785757
0.5198924307523133,0.2635003325665104,0.396580705411075,0.45904200384155475,0.25470114120345333,0.8026407336708422,0.6978927292165227,0.1454219030520646
0.35440227397669205,0.08061970047059713,0.675420261831976,0.44971392748168043,0.6849303847272694,0.5326629461760749,0.39438545557061777,0.144524236983842
0.08304158540905832,0.6118962875414611,0.7588056189896653,0.5567784665547125,0.6385369972258543,0.43891892742452565,0.9567383852440074,0.0070103445327861
0.3393157272617717,0.6163687132210451,0.7837367709484157,0.7229624030088514,0.9694909330783905,0.5512574156870248,0.800540676918751,0.080490724117295
0.2902302393846569,0.31534834435408565,0.43197815965037,0.4162236661384697,0.22290946555119112,0.2594188798201819,0.8384824771509041,0.2504488330341113
0.11842481162680468,0.9396140475470838,0.635476107591375,1.0,0.6094647566243343,0.7930137660599663,0.6625370659760819,0.0044883303411131
0.28443767624039623,0.1722490348105303,0.8405338463126425,0.4484269934507312,0.5542816609977494,0.257471050061584,0.9725410026343504,0.367145421903052
0.3936921626671617,0.6991666247193793,0.8063777853078193,0.4878411878290567,0.8627304779129792,0.5096970809107637,0.5662696294751246,0.0380011968880909
0.45914477215393157,0.27078037333457367,0.6737369033848032,0.5614602813735501,0.46719400401821587,0.5888408611161433,0.03482238270643512,0.229802513464991
0.21623972027183164,0.7515039643393683,0.9390849685959344,0.2583733989954998,0.5844405019531932,0.37809343752705704,0.7020557966114485,0.0128665469778575
0.5069258971521157,0.293439945456975,0.9331691046368259,0.8018200363278656,0.40435595219183607,0.18370783977600386,0.8760698500019901,0.3207660083782166
0.41310945588204995,0.49478573676021065,0.6224000414995722,0.4261265953576272,0.0,0.0,0.3716844366550812,0.1741472172351885
0.6874987395399149,0.9999999999999998,0.7157630466384604,0.23636454606568796,0.6099119848081966,0.3320425987594159,0.33185634950549603,0.0771992818671454
0.14785557264931565,0.2286341294388245,0.824625003679944,0.5711940818999259,0.08804861025903515,0.28968409026450304,0.4495513737559713,0.0695904932888775
0.612059588587302,0.15166617065343127,0.6066041403893621,0.7692348565495107,0.5971644191498935,0.5516277650479009,0.6471359917178877,0.827049670855775
0.34702854233994673,0.21406560572450767,0.5576459746955604,0.6926207275490399,0.4000791351483807,0.5306539960750557,0.45749417518590163,0.263016157989228
0.5668723762814285,0.12161734987916151,0.8423375549022633,0.2236595070982193,0.25544665786789705,0.7774729725133659,0.36808201942006924,0.6172950329144224
0.23648521916041065,0.45875537855608794,0.6210953645062347,0.8569901437923225,0.2185418724220391,0.4023685503213989,0.0,0.1478156792339916
0.45877333511451424,0.0,0.5711451549965991,0.7258934787677231,0.7278265803691352,0.4835348355980129,0.8978734885414232,0.5248354278874925
0.2345318943886755,0.15644955893889653,0.5863408941564088,0.14295085016064624,0.8395519178264294,0.4635715441710318,0.06697115752174998,0.0763016157989228
0.30380426781829195,0.051670258003160385,0.6245706065725075,0.3517674339425787,0.6346080907216057,0.34417387500294044,0.6902345375152058,0.2253141831238779
0.3003770227130553,0.12279235701847363,0.5747955872887867,0.27926607148749755,0.7959221815394796,0.44999496660511173,0.2884429939527296,0.1044284859365649
0.25441551470120183,0.05119821366387367,0.6053558158000869,0.4373999536429513,0.7208624690785004,0.24699921128723976,0.6846169214038035,0.1107121484141232
0.422614196659771,0.11232005919772114,0.5728599399070053,0.5117206872328343,0.7337324444675379,0.3784917047021664,0.5638266733104451,0.5936564931178935
0.1668028566274491,0.23075070759261454,0.7360451526239208,0.36960622446194935,0.10333898624319343,0.40123114917430924,0.4638149193573008,0.0870736086175942
0.21412596113537036,0.3176033386473715,0.8213349054726963,0.0,0.5408863291866948,0.35310928100264954,0.47440936346880364,0.132555356074207
0.4092084377681234,0.13052705141309434,0.8635319088796121,0.17512295107395315,0.1503983127216934,1.0,0.799546115883079,0.3285457809694793
0.10815064982093608,0.26880019138131434,0.7791162006757055,0.2988100555081431,0.3302369918582547,0.533283252634477,0.603837577959501,0.1166965888689407
0.18953544055414265,0.3123059324288948,0.900292523565245,0.2420027693348216,0.5070313695169967,0.26027150826617174,0.5004499169864884,0.0930580490724117
0.2908900795806314,0.2449537122589956,0.9191402034331511,0.26985565278003265,0.5494648701293234,0.4600346850514439,0.43254818655748856,0.1250748055056852
0.0,0.5040700510952186,0.6899984833581548,0.4839026131614484,0.2154451344410485,0.5164968194786846,0.4667708887594407,0.0439856373429084
0.18682629340438955,0.3201526262335844,0.7225712380890412,0.4095337416681711,0.30187762904066673,0.4271138054120348,0.7402225514097632,0.101735487731897
0.07011714982150241,0.4467758950913663,0.598800828563875,0.5149539919048823,0.38915198085507297,0.5976889478320851,0.38540810956448385,0.056852184320766
0.17084199665059865,0.24633266212304347,0.6303201608792253,0.23620750551633318,0.16776488456210287,0.42527506418376537,0.477307372643216,0.0843806104129264
0.20981878225324346,0.14950527424511548,0.6391797302790159,0.4400317891397629,0.6023287042230382,0.6021201154198869,0.10272881497255959,0.0451825254338719
0.3258837170597905,0.2600544610869685,0.7821039307878404,0.4133119196071076,0.5346391770363144,0.1806206029205351,0.9358625568384311,0.1316576900059844
0.3430007891412617,0.3236494514073535,0.8009434453953068,0.6441199791714181,0.5696861656167611,0.5060499504547394,0.3755354442737665,0.2666068222621185
0.531485491242479,0.3390272266311067,0.8196029480969633,0.5691014301740802,0.5383756772770604,0.45637128578455144,0.5344148693944828,0.4622980251346499
0.14521956257563007,0.1972372529228285,0.8044422633792055,0.39649256231867225,0.6904916681558109,0.230003350540448,0.8219259594983068,0.0308198683423099
0.060021337188634005,0.4436071438467657,0.6997869283623853,0.6253348273536239,0.18844471511636174,0.44642093055353166,0.634169413676323,0.0855774985038898
0.20089753546526629,0.30794535817621005,0.8794466597667157,0.23826471718720232,0.6252084459124795,0.4156888161121465,0.27592925739030394,0.026032315978456
0.13921093632997011,0.7190946151954364,0.7405580207720855,0.044585583953378694,0.8725775631874091,0.5468335778993766,0.5961540850674429,0.0
0.27270752208478355,0.2640136548415127,0.5407743081716242,0.15780611947355833,1.0,0.5563190622716603,0.4244743140790819,0.0739078396169958
0.6816470558726613,0.46540427283771657,0.6858579440253468,0.2668772204884547,0.49852166809953463,0.4709138064965354,0.39873377850424796,0.3656493117893477
0.11704150507821334,0.9325431266685384,0.3478705540916009,0.08995328446307438,0.5898041170170578,0.7455736056574565,0.6712850363119066,0.0020945541591861
0.26388582168278896,0.2639200191778036,0.547011390565792,0.22209346509962105,0.5955367270122558,0.5173265029874743,0.846831413395648,0.1451226810293237
0.6431607240154888,0.41282113060087555,0.6852466387963758,0.5239646045825246,0.5827823987835287,0.3253536590318048,0.6230755190808244,0.5691202872531418
0.4393717041497306,0.5156327806126886,0.6601054103669659,0.523550106221231,0.989078337492721,0.6602157428085689,0.9887894166147666,0.0365050867743865
0.41012420465082555,0.1290154336262506,0.31818391195337364,0.3622035261524189,0.9513786326434,0.34620273733543533,0.6270128911058876,0.0963494913225613
0.6445678675921083,0.2610196242774786,0.5999124198029033,0.5087179930558827,0.4483976972660787,0.3558022765982048,0.5006436142070746,0.3836026331538001
0.6297488661553794,0.7182639888269438,0.6884774174984996,0.5359868613527321,0.8068877402425141,0.46453415465348485,0.8568205583566063,0.2280071813285457
1.0,0.7382743274315806,0.321503972252928,0.1369195195582768,0.2394053032171372,0.15308824453614467,0.2928617973715477,1.0
