AFP,Added,N_effort,MI_N_effort_PDR_AFP,MI_N_effort_PDR_UFP,MI_N_effort_Enquiry,MI_N_effort_Duration,MI_N_effort_Output,MI_AFP_PDR_AFP,Effort
1587.0,1502.0,7490.0,35203.0,37450.0,2546600.0,29960.0,1947400.0,7458.900000000001,7490
260.0,51.0,4150.0,66400.0,68890.0,12450.0,70550.0,16600.0,4160.0,4150
152.0,163.0,668.0,2939.2000000000003,2738.8,18704.0,6012.0,22044.0,668.8000000000001,668
252.0,69.0,3901.0,49932.8,55784.3,31208.0,15604.0,109228.0,3225.6000000000004,3238
292.0,0.0,3607.0,37152.100000000006,35348.600000000006,699758.0,46891.0,0.0,3007.6000000000004,2994
83.0,0.0,1606.0,25856.6,24571.800000000003,38544.0,6424.0,0.0,1336.3000000000002,1333
79.0,0.0,1936.0,39300.8,40462.4,44528.0,11616.0,0.0,1603.7,1607
97.0,120.0,1158.0,13780.2,11232.6,8106.0,8106.0,125064.0,1154.3,1158
116.0,81.0,1498.0,16028.6,16178.4,86884.0,8988.0,34454.0,1241.1999999999998,1243
52.0,0.0,4063.0,263282.4,297817.9,0.0,28441.0,28441.0,3369.6,3372
465.0,460.0,10200.0,223380.0,226440.0,244800.0,91800.0,1315800.0,10183.5,10200
67.0,25.0,2053.0,52146.2,58305.2,32848.0,14371.0,10265.0,1701.8,1704
199.0,214.0,3034.0,40352.2,37318.2,172938.0,21238.0,348910.0,2646.7000000000003,2640
176.0,168.0,3348.0,63612.0,66625.2,180792.0,87048.0,180792.0,3344.0,3348
391.0,38.0,814.0,1383.8,1628.0,65934.0,5698.0,21164.0,664.6999999999999,676
263.0,176.0,911.0,3188.5,3188.5,92011.0,2733.0,40995.0,920.5,911
42.0,52.0,2496.0,148262.4,119808.0,7488.0,15974.4,37440.0,2494.8,2496
190.0,160.0,1171.0,7260.2,6791.8,18736.0,11710.0,23420.0,1178.0,1171
245.0,19.0,3532.0,50860.8,59690.8,63576.0,45916.0,98896.0,3528.0,3532
77.0,0.0,525.0,2992.5,3255.0,22050.0,525.0,0.0,438.9,436
355.0,0.0,1095.0,2847.0,2847.0,79935.0,4380.0,0.0,923.0,909
3156.0,28.0,10957.0,31775.3,37253.8,1062829.0,65742.0,5752425.0,9152.4,9094
46.0,28.0,344.0,2580.0,2236.0,0.0,2064.0,9632.0,345.0,344
56.0,53.0,296.0,1568.8,1657.6,4440.0,888.0,3552.0,296.8,296
106.0,35.0,4220.0,139260.0,155718.0,50640.0,54860.0,16880.0,3498.0,3503
71.0,31.0,296.0,1036.0,976.8,2664.0,296.0,8288.0,248.5,246
306.0,306.0,2082.0,14157.6,14157.6,0.0,49968.0,218610.0,2080.8,2082
244.0,244.0,191.0,152.8,152.8,4202.0,1337.0,14898.0,195.2,191
98.0,114.0,3583.0,108564.9,93516.3,10749.0,53745.0,164818.0,2969.4,2974
331.0,312.0,395.0,395.0,434.50000000000006,24095.0,790.0,17380.0,331.0,328
101.0,112.0,406.0,1624.0,1461.6,15834.0,3248.0,2030.0,404.0,406
192.0,198.0,2151.0,20004.300000000003,19359.0,0.0,17208.0,219402.0,1785.6,1785
60.0,39.0,471.0,3720.9,3297.0,0.0,3768.0,1884.0,474.0,471
180.0,153.0,700.0,2730.0,2660.0,23100.0,3500.0,12600.0,702.0,700
118.0,38.0,698.0,3420.2000000000003,3350.4,4886.0,1396.0,49558.0,578.2,579
73.0,6.0,1459.0,24219.4,24511.2,5836.0,4377.0,14590.0,1211.8000000000002,1211
143.0,14.0,1372.0,10976.0,11524.8,37044.0,5488.0,0.0,1144.0,1139
2190.0,1825.0,16690.0,110154.0,133520.0,3938840.0,317110.0,10815120.0,14454.0,14520
9.0,5.0,239.0,6357.400000000001,5712.099999999999,0.0,478.0,2390.0,239.4,239
203.0,201.0,1520.0,9424.0,9576.0,4560.0,7600.0,253840.0,1258.6,1262
162.0,157.0,1754.0,18943.2,19644.8,15786.0,14032.0,63144.0,1749.6,1754
183.0,181.0,1824.0,15139.2,15321.6,52896.0,10944.0,38304.0,1518.9,1514
59.0,6.0,804.0,9085.2,9406.8,0.0,6432.0,16884.0,666.7,667
412.0,412.0,5864.0,83268.8,83268.8,580536.0,117280.0,82096.0,5850.4,5864
348.0,10.0,1172.0,3281.6,3516.0,38676.0,3516.0,16408.0,974.4,973
2529.0,2056.0,5333.0,11199.3,13865.8,351978.0,69329.0,2735829.0,5310.900000000001,5333
250.0,164.0,1775.0,12602.5,15265.0,101175.0,14200.0,163300.0,1775.0,1775
206.0,100.0,246.0,246.0,246.0,0.0,1230.0,48954.0,206.0,204
617.0,377.0,3793.0,19344.3,21620.1,390679.0,26551.0,515848.0,3146.7,3148
173.0,177.0,10501.0,529250.4,516649.2,105010.0,126012.0,819078.0,8719.199999999999,8716
286.0,265.0,1464.0,7466.4,8052.0,39528.0,8784.0,228384.0,1458.6,1464
52.0,20.0,1636.0,42699.600000000006,43517.600000000006,9816.0,3272.0,27812.0,1357.2,1358
45.0,59.0,281.0,1742.2,1348.8,0.0,1967.0,7868.0,279.0,281
104.0,0.0,2796.0,62350.8,64867.2,134208.0,13980.0,19572.0,2319.2000000000003,2321
465.0,431.0,4884.0,42490.8,39560.4,507936.0,63492.0,214896.0,4045.5,4054
2145.0,2234.0,2400.0,2640.0,2640.0,1178400.0,201600.0,151200.0,2359.5,2400
283.0,292.0,5650.0,113000.0,109045.0,220350.0,73450.0,706250.0,5660.0,5650
109.0,47.0,1837.0,25718.0,26452.8,0.0,3674.0,154308.0,1526.0,1525
160.0,74.0,575.0,1725.0,1725.0,41400.0,1150.0,12075.0,480.0,477
65.0,54.0,606.0,4666.2,4787.400000000001,0.0,1212.0,38784.0,500.5,503
366.0,260.0,10205.0,235735.5,243899.5,979680.0,102050.0,275535.0,8454.6,8470
63.0,16.0,937.0,11525.1,12368.4,2811.0,2811.0,9370.0,774.9000000000001,778
309.0,381.0,2597.0,21814.8,17659.6,153223.0,19477.5,33761.0,2595.6,2597
610.0,575.0,950.0,1520.0,1615.0,111150.0,2850.0,165300.0,976.0,950
562.0,502.0,5727.0,58415.4,65287.8,532611.0,74451.0,715875.0,5732.4,5727
156.0,146.0,2458.0,32199.8,34412.0,95862.0,9832.0,93404.0,2043.6,2040
75.0,40.0,4430.0,217070.0,217070.0,84170.0,35440.0,22150.0,3675.0,3677
136.0,0.0,687.0,2885.4,3091.5,0.0,1374.0,43968.0,571.2,570
96.0,119.0,4530.0,57531.0,46659.0,0.0,36240.0,253680.0,1219.1999999999998,1223
78.0,78.0,1084.0,13550.0,13550.0,9756.0,4336.0,26016.0,975.0,976
51.0,20.0,466.0,3541.6,3215.4,6524.0,5592.0,0.0,387.6,387
1092.0,1300.0,5320.0,21280.0,18088.0,904400.0,69160.0,446880.0,4368.0,4416
134.0,134.0,345.0,724.5,724.5,11040.0,2760.0,3795.0,281.40000000000003,286
75.0,0.0,367.0,1504.6999999999998,1614.8000000000002,0.0,1835.0,3303.0,307.5,305
88.0,36.0,155.0,232.5,248.0,0.0,1085.0,3100.0,132.0,129
3088.0,544.0,4266.0,5972.4,5972.4,3293352.0,34128.0,4304394.0,4323.2,4266
82.0,100.0,440.0,2376.0,1936.0,0.0,1320.0,20240.0,442.8,440
110.0,18.0,1362.0,16888.8,17978.399999999998,0.0,2724.0,89892.0,1364.0,1362
308.0,236.0,2533.0,20770.6,17984.3,0.0,15198.0,210239.0,2525.6,2533
143.0,172.0,225.0,360.0,292.5,675.0,2250.0,7200.0,228.8,225
826.0,396.0,11045.0,148003.0,151316.5,1711975.0,143585.0,3600670.0,11068.4,11045
3460.0,2756.0,32760.0,311220.0,360360.0,10417680.0,786240.0,59983560.0,32870.0,32760
73.0,80.0,2475.0,69547.5,63607.5,0.0,19800.0,79200.0,2051.3,2054
64.0,11.0,252.0,982.8,957.6,0.0,1764.0,14112.0,249.6,252
497.0,454.0,2362.0,11337.6,10156.6,266906.0,18896.0,66136.0,2385.6,2362
288.0,99.0,2963.0,25185.5,23407.7,106668.0,14815.0,0.0,2448.0,2459
494.0,494.0,8706.0,153225.6,153225.6,1218840.0,182826.0,539772.0,8694.400000000001,8706
130.0,14.0,770.0,4543.0,4774.0,0.0,4620.0,50050.0,767.0,770
204.0,229.0,8111.0,322817.8,287129.4,48666.0,291996.0,348773.0,8119.2,8111
17.0,17.0,762.0,34137.6,34137.6,0.0,8382.0,3810.0,761.5999999999999,762
60.0,71.0,164.0,377.2,311.6,0.0,164.0,4100.0,138.0,136
73.0,56.0,431.0,2111.9,2327.4,15516.0,431.0,8620.0,357.70000000000005,358
169.0,169.0,580.0,1624.0,1624.0,14500.0,3480.0,8120.0,473.2,481
1351.0,1173.0,3842.0,9220.8,9220.8,1041182.0,30736.0,1725058.0,3242.4,3189
2087.0,2046.0,22500.0,243000.00000000003,247500.0,6817500.0,202500.0,9990000.0,22539.6,22500
253.0,252.0,12601.0,583426.2999999999,583426.2999999999,1348307.0,163813.0,0.0,11713.9,11719
102.0,102.0,244.0,439.2,439.2,2440.0,1220.0,6344.0,183.6,183
115.0,53.0,1786.0,23039.4,25718.4,0.0,8930.0,69654.0,1483.5,1482
288.0,300.0,1251.0,5379.3,5254.2,26271.0,13761.0,232686.0,1238.4,1251
199.0,0.0,1136.0,5339.2,5680.0,87472.0,9088.0,7952.0,935.3,943
163.0,155.0,3234.0,53361.0,55948.2,106722.0,35574.0,45276.0,2689.5,2684
97.0,16.0,729.0,5467.5,4228.2,0.0,6561.0,29889.0,727.5,729
439.0,105.0,3630.0,30129.000000000004,31581.0,68970.0,25410.0,805860.0,3643.7,3630
3113.0,3113.0,42080.0,458672.0,458672.0,10435840.0,1009920.0,25626720.0,33931.700000000004,34085
153.0,143.0,3283.0,61392.1,65660.0,187131.0,9849.0,22981.0,2861.1,2856
670.0,146.0,6936.0,59649.6,61730.4,846192.0,41616.0,672792.0,5762.0,5757
129.0,0.0,631.0,3091.9,2587.1,1893.0,9465.0,58683.0,632.1,631
329.0,206.0,2184.0,14414.4,11793.6,30576.0,17472.0,148512.0,2171.4,2184
5684.0,4943.0,21014.0,77751.8,90360.2,17231480.0,777518.0,9540356.0,21030.8,21014
61.0,72.0,502.0,3413.6,2911.6,12048.0,2008.0,2008.0,414.8,417
267.0,70.0,2683.0,26830.0,21464.0,136833.0,24147.0,356839.0,2670.0,2683
218.0,227.0,6665.0,169291.0,162626.0,373240.0,26660.0,106640.0,5537.2,5532
919.0,884.0,5801.0,30165.2,31325.4,324856.0,34806.0,1369036.0,4778.8,4815
66.0,28.0,296.0,1095.2,1243.2,1776.0,592.0,3552.0,244.2,246
54.0,0.0,827.0,10502.9,10916.4,13232.0,827.0,0.0,685.8,686
245.0,299.0,870.0,1653.0,1392.0,23490.0,11310.0,91350.0,465.5,470
54.0,0.0,476.0,3474.8,3617.6,0.0,952.0,13328.0,394.2,395
151.0,111.0,1241.0,8935.2,10300.3,18615.0,3723.0,67014.0,1087.2,1080
103.0,105.0,1396.0,18985.6,18566.8,37692.0,9772.0,5584.0,1400.8,1396
300.0,138.0,2933.0,28743.4,30796.5,79191.0,29330.0,240506.0,2940.0,2933
249.0,58.0,4551.0,83283.3,83283.3,445998.0,40959.0,18204.0,4556.7,4551
224.0,6.0,3613.0,48414.2,50220.7,0.0,14452.0,75873.0,3001.6,2999
1984.0,1613.0,2540.0,3302.0,4064.0,487680.0,27940.0,2560320.0,2579.2000000000003,2540
58.0,0.0,31.0,12.4,15.5,0.0,62.0,1147.0,23.200000000000003,26
56.0,0.0,540.0,4320.0,4590.0,1620.0,1080.0,0.0,448.0,448
244.0,257.0,1092.0,4040.4,3822.0,48048.0,3276.0,13104.0,902.8,906
12.0,10.0,211.0,3713.6,3418.2,1266.0,2743.0,0.0,211.2,211
1416.0,376.0,1724.0,2068.8,2586.0,0.0,20688.0,744768.0,1699.2,1724
67.0,71.0,1821.0,42975.600000000006,40608.3,0.0,9105.0,47346.0,1581.2,1584
95.0,0.0,178.0,284.8,284.8,5696.0,1246.0,0.0,152.0,148
2376.0,2221.0,30701.0,328500.69999999995,353061.5,19617939.0,736824.0,7153333.0,25423.2,25482
442.0,82.0,683.0,1024.5,956.2,38931.0,3415.0,69666.0,663.0,683
68.0,11.0,3037.0,112672.7,114191.2,57703.0,12148.0,36444.0,2522.8,2521
268.0,248.0,2933.0,31969.7,31969.7,131985.0,26397.0,281568.0,2921.2000000000003,2933
90.0,96.0,595.0,3272.5,3034.5,0.0,1190.0,0.0,495.0,494
72.0,55.0,486.0,3304.8,3304.8,3402.0,3402.0,12150.0,489.6,486
505.0,472.0,4955.0,48559.0,52027.5,89190.0,148650.0,629285.0,4949.0,4955
450.0,356.0,6138.0,83476.8,89614.8,362142.0,42966.0,890010.0,6120.0,6138
230.0,230.0,1748.0,11012.4,9439.2,80408.0,17480.0,66424.0,1449.0,1451
242.0,0.0,375.0,487.5,525.0,1500.0,750.0,29250.0,314.6,311
106.0,7.0,2946.0,68052.6,69820.2,17676.0,5892.0,223896.0,2448.6000000000004,2445
31.0,4.0,237.0,1801.1999999999998,1801.1999999999998,0.0,1422.0,3318.0,235.6,237
1186.0,1235.0,3711.0,11504.1,11133.0,404499.0,33399.0,1135566.0,3676.6,3711
256.0,272.0,2941.0,33821.5,31762.800000000003,0.0,55879.0,582318.0,2944.0,2941
191.0,159.0,2430.0,30861.0,30618.0,36450.0,26730.0,145800.0,2425.7,2430
213.0,186.0,3051.0,36306.9,38747.7,18306.0,30510.0,192213.0,2534.7000000000003,2532
4562.0,3933.0,26408.0,153166.4,176933.6,13151184.0,396120.0,33749424.0,26459.6,26408
141.0,5.0,1499.0,13191.2,13491.0,65956.0,2998.0,49467.0,1240.8000000000002,1244
187.0,201.0,677.0,2031.0,1895.6,11509.0,4062.0,44005.0,561.0,562
128.0,128.0,7180.0,185244.0,185244.0,488240.0,71800.0,0.0,3302.4,3303
194.0,46.0,703.0,1827.8,1968.4,0.0,8436.0,11248.0,504.4,499
869.0,934.0,2078.0,4987.2,4571.6,241048.0,12468.0,623400.0,2085.6,2078
125.0,20.0,2802.0,52117.2,56600.4,92466.0,8406.0,25218.0,2325.0,2326
477.0,172.0,2741.0,15623.7,15075.5,243949.0,16446.0,320697.0,2718.9,2741
717.0,51.0,4272.0,20932.800000000003,19651.2,42720.0,21360.0,55536.0,3513.3,3546
25.0,0.0,140.0,784.0,700.0,0.0,420.0,3920.0,140.0,140
73.0,73.0,1404.0,26956.8,26956.8,4212.0,11232.0,85644.0,1401.6,1404
100.0,28.0,1119.0,10406.7,10071.0,0.0,13428.0,0.0,930.0,929
273.0,318.0,528.0,1003.2,897.6,7920.0,2640.0,96624.0,518.6999999999999,528
587.0,524.0,3748.0,23987.2,26985.6,352312.0,56220.0,446012.0,3756.8,3748
1437.0,1318.0,4900.0,16660.0,18130.0,200900.0,88200.0,754600.0,4885.8,4900
97.0,108.0,1853.0,35392.3,30203.9,5559.0,22236.0,187153.0,1852.7,1853
224.0,195.0,3322.0,42853.8,49165.600000000006,19932.0,43186.0,83050.0,2889.6,2890
321.0,315.0,1076.0,3658.4,3658.4,9684.0,11836.0,49496.0,1091.4,1076
99.0,98.0,2876.0,69311.6,70174.4,54644.0,11504.0,11504.0,2385.9,2387
416.0,318.0,1911.0,7261.799999999999,7835.099999999999,103194.0,11466.0,76440.0,1580.8,1586
71.0,25.0,1201.0,16814.0,18375.3,4804.0,4804.0,25221.0,994.0,997
120.0,12.0,212.0,381.6,381.6,2544.0,1060.0,10176.0,216.0,212
213.0,132.0,1278.0,7668.0,7029.0,3834.0,15336.0,54954.0,1278.0,1278
1634.0,1634.0,7060.0,30358.0,30358.0,1574380.0,84720.0,2732220.0,7026.2,7060
275.0,7.0,702.0,1825.2,1965.6,33696.0,6318.0,7722.0,715.0,702
458.0,458.0,903.0,1806.0,1806.0,67725.0,14448.0,59598.0,916.0,903
218.0,91.0,8151.0,252681.0,275503.8,358644.0,65208.0,961818.0,6758.0,6765
498.0,445.0,8227.0,135745.5,152199.5,57589.0,156313.0,1085964.0,8217.0,8227
143.0,11.0,402.0,924.6,1005.0,0.0,1608.0,26130.0,328.9,334
722.0,622.0,4164.0,24151.2,27898.8,841128.0,37476.0,0.0,4187.599999999999,4164
236.0,268.0,6844.0,198476.0,174522.0,82128.0,102660.0,1314048.0,6844.0,6844
239.0,244.0,1661.0,11460.9,11294.8,29898.0,16610.0,116270.0,1649.1,1661
1882.0,1960.0,6068.0,19417.6,18810.8,1322824.0,60680.0,3574052.0,6022.400000000001,6068
291.0,323.0,6519.0,135595.2,122557.2,0.0,91266.0,189051.0,6052.8,6063
328.0,322.0,665.0,1330.0,1396.5,40565.0,8645.0,47215.0,656.0,665
264.0,267.0,544.0,1142.4,1088.0,27200.0,3264.0,3808.0,554.4,544
270.0,270.0,893.0,2946.9,2946.9,47329.0,5358.0,37506.0,891.0,893
32.0,29.0,352.0,3872.0,4259.2,4224.0,880.0,2464.0,352.0,352
1382.0,1439.0,3344.0,8025.599999999999,7691.2,23408.0,26752.0,819280.0,3316.8,3344
98.0,94.0,487.0,1996.7,2045.4,9253.0,487.0,2435.0,401.8,404
289.0,314.0,5732.0,113493.6,104895.6,0.0,45856.0,573200.0,5722.2,5732
1059.0,954.0,26345.0,569052.0,632280.0,3793680.0,447865.0,6164730.0,22874.4,22920
724.0,530.0,11336.0,147368.0,153036.0,2142504.0,102024.0,136032.0,9412.0,9409
40.0,49.0,285.0,2023.5,1653.0,0.0,1140.0,6270.0,284.0,285
128.0,4.0,1558.0,15735.8,16670.6,37392.0,4674.0,28044.0,1292.8,1293
1248.0,1095.0,15165.0,185013.0,209277.0,2214090.0,181980.0,3973230.0,15225.6,15165
387.0,391.0,3960.0,33660.0,33264.0,265320.0,67320.0,467280.0,3289.5,3287
73.0,19.0,920.0,9660.0,10028.0,0.0,2760.0,59800.0,766.5,764
151.0,32.0,2643.0,38323.5,42288.0,179724.0,7929.0,0.0,2189.5,2194
465.0,443.0,2427.0,10436.1,10921.5,0.0,9708.0,393174.0,1999.5,2014
63.0,62.0,996.0,13047.6,13246.8,8964.0,3984.0,0.0,825.3,827
226.0,92.0,2508.0,27838.8,30597.6,47652.0,25080.0,175560.0,2508.6,2508
115.0,10.0,201.0,341.7,341.7,5628.0,301.5,2211.0,195.5,201
189.0,0.0,563.0,1689.0,1745.3,1689.0,8445.0,63056.0,567.0,563
55.0,58.0,643.0,6237.099999999999,5915.599999999999,3858.0,7073.0,0.0,533.5,534
85.0,12.0,1252.0,15274.4,16276.0,0.0,5008.0,55088.0,1037.0,1039
2143.0,1801.0,52172.0,1053874.4,1252128.0,156516.0,365204.0,34277004.0,43288.6,43303
520.0,430.0,3133.0,18798.0,22870.9,28197.0,25064.0,501280.0,3120.0,3133
113.0,38.0,2070.0,32913.0,36639.0,33120.0,6210.0,70380.0,1796.7,1801
264.0,157.0,3180.0,31800.0,32118.0,82680.0,19080.0,54060.0,2640.0,2639
349.0,342.0,2360.0,16048.0,16048.0,42480.0,9440.0,56640.0,2373.2,2360
229.0,241.0,2897.0,31867.0,30418.5,0.0,14485.0,14485.0,2519.0,2520
172.0,169.0,1788.0,18595.2,18952.8,7152.0,8940.0,71520.0,1788.8,1788
323.0,323.0,1238.0,4704.4,4704.4,65614.0,16094.0,70566.0,1227.4,1238
89.0,24.0,442.0,2210.0,2033.2,7514.0,1768.0,12376.0,445.0,442
878.0,828.0,3742.0,14219.6,15342.2,602462.0,18710.0,1511768.0,3336.4,3368
220.0,224.0,281.0,365.3,365.3,14331.0,843.0,14050.0,286.0,281
150.0,6.0,828.0,3808.8,3808.8,16560.0,2484.0,3312.0,690.0,687
161.0,169.0,220.0,308.0,286.0,6600.0,440.0,8360.0,225.4,220
804.0,957.0,13720.0,194824.0,163268.0,0.0,164640.0,4582480.0,11416.8,11388
272.0,245.0,11172.0,398840.4,443528.4,681492.0,156408.0,223440.0,9710.4,9720
33.0,32.0,145.0,638.0,522.0,0.0,290.0,1015.0,145.20000000000002,145
64.0,65.0,140.0,308.0,308.0,1400.0,420.0,3920.0,140.8,140
277.0,84.0,1265.0,5819.0,6325.0,59455.0,24035.0,139150.0,1274.1999999999998,1265
322.0,179.0,6316.0,102950.8,110530.0,423172.0,82108.0,631600.0,5248.6,5242
164.0,110.0,2791.0,47447.0,50796.2,50238.0,30701.0,156296.0,2788.0,2791
145.0,144.0,894.0,4559.4,4648.8,64368.0,2682.0,8940.0,739.5,742
73.0,0.0,704.0,5632.0,5702.4,8448.0,3520.0,16896.0,584.0,584
245.0,302.0,893.0,3214.8,2679.0,21432.0,6251.0,159847.0,882.0,893
406.0,102.0,6794.0,94436.6,98513.0,849250.0,47558.0,244584.0,5643.400000000001,5639
98.0,28.0,6666.0,376629.0,383961.6,273306.0,33330.0,0.0,5537.0,5533
83.0,15.0,494.0,2420.6000000000004,2470.0,1482.0,1482.0,4940.0,406.7000000000001,410
182.0,0.0,1206.0,6633.0,7718.400000000001,47034.0,6030.0,71154.0,1001.0,1001
820.0,685.0,2552.0,7911.2,6890.400000000001,507848.0,28072.0,250096.0,2542.0,2552
545.0,79.0,8740.0,139840.0,139840.0,1144940.0,96140.0,1975240.0,8720.0,8740
105.0,21.0,198.0,376.2,376.2,0.0,1584.0,1782.0,199.5,198
55.0,9.0,2828.0,120755.6,130088.0,39592.0,2828.0,28280.0,2348.5,2347
62.0,69.0,984.0,12988.8,11611.2,0.0,7872.0,3936.0,818.4,817
109.0,0.0,300.0,690.0,720.0,0.0,300.0,31500.0,250.7,249
436.0,436.0,7762.0,138163.6,138163.6,116430.0,116430.0,2592508.0,7760.8,7762
179.0,188.0,935.0,4020.5,3833.5,5610.0,3740.0,41140.0,769.6999999999999,776
1710.0,1900.0,13130.0,101101.0,90597.0,3059290.0,275730.0,6840730.0,13167.0,13130
128.0,120.0,1890.0,24192.0,25893.0,47250.0,3780.0,28350.0,1638.4,1644
174.0,140.0,13528.0,1051125.6,1306804.7999999998,405840.0,108224.0,94696.0,13519.8,13528
70.0,39.0,743.0,6538.400000000001,6761.3,11145.0,3715.0,2972.0,616.0,617
379.0,379.0,2391.0,15063.3,15063.3,136287.0,16737.0,69339.0,2387.7,2391
258.0,26.0,605.0,1391.5,1391.5,139150.0,3025.0,9680.0,593.4,605
129.0,121.0,2372.0,37952.0,40561.2,92508.0,9488.0,0.0,2064.0,2064
856.0,856.0,2551.0,7653.0,7653.0,188774.0,30612.0,494894.0,2568.0,2551
127.0,25.0,2010.0,26331.0,28140.0,20100.0,14070.0,28140.0,1663.7,1668
381.0,137.0,1817.0,8721.6,9993.5,16353.0,34523.0,194419.0,1828.8,1817
234.0,231.0,5103.0,111245.4,111245.4,474579.0,51030.0,96957.0,5101.2,5103
215.0,82.0,3417.0,45104.4,44762.7,157182.0,27336.0,211854.0,2838.0,2836
1406.0,1326.0,14698.0,155798.8,166087.40000000002,4262420.0,14698.0,1028860.0,14903.6,14938
85.0,22.0,1049.0,12902.7,10385.1,3147.0,13637.0,70283.0,1045.5,1049
59.0,71.0,1278.0,23004.0,19042.2,3834.0,12780.0,40896.0,1062.0,1061
358.0,338.0,16770.0,652353.0,690924.0,1492530.0,150930.0,0.0,13926.2,13919
73.0,0.0,4428.0,222728.4,262580.4,53136.0,30996.0,0.0,3671.9,3675
597.0,609.0,2542.0,10930.6,10676.4,198276.0,15252.0,244032.0,2567.1,2542
276.0,101.0,2244.0,18176.4,19522.8,76296.0,4488.0,269280.0,2235.6,2244
728.0,330.0,9694.0,107603.4,126991.4,145410.0,38776.0,1599510.0,8080.8,8046
59.0,11.0,5958.0,499280.4,535624.2000000001,0.0,35748.0,327690.0,4944.2,4945
98.0,45.0,1582.0,21198.8,22148.0,14238.0,17402.0,50624.0,1313.2,1313
756.0,302.0,3214.0,13820.2,14141.6,408178.0,22498.0,212124.0,3250.8,3214
155.0,47.0,582.0,1804.2,1804.2,0.0,5820.0,19788.0,480.5,483
544.0,107.0,2778.0,11667.6,13612.2,297246.0,11112.0,288912.0,2284.8,2306
813.0,18.0,1634.0,3268.0,3104.6,55556.0,14706.0,1106218.0,1626.0,1634
75.0,94.0,720.0,6912.0,5544.0,21600.0,4320.0,0.0,720.0,720
112.0,119.0,1073.0,10300.8,9657.0,17168.0,13949.0,4292.0,1075.2,1073
211.0,111.0,3566.0,60265.4,60265.4,281714.0,46358.0,114112.0,3565.9,3566
895.0,778.0,780.0,702.0,780.0,173160.0,5460.0,211380.0,805.5,780
74.0,74.0,3995.0,215730.0,215730.0,147815.0,55930.0,27965.0,3996.0,3995
3331.0,2922.0,49034.0,720799.7999999999,823771.2000000001,19564566.0,2059428.0,25448646.0,48965.7,49034
64.0,12.0,472.0,2879.2,2973.6,4248.0,2832.0,8496.0,390.4,392
1402.0,1431.0,17219.0,216959.4,211793.7,3219953.0,396037.0,13844076.0,17665.2,17607
337.0,337.0,657.0,1182.6,1182.6,56502.0,5256.0,13797.0,606.6,591
73.0,39.0,978.0,10855.8,10269.0,65526.0,5868.0,0.0,810.3,812
64.0,47.0,680.0,5984.000000000001,5984.000000000001,11560.0,8160.0,19040.0,563.2,564
1703.0,1481.0,8549.0,42745.0,49584.2,0.0,68392.0,3958187.0,8515.0,8549
151.0,151.0,434.0,1128.4,1128.4,12586.0,1302.0,9114.0,392.6,391
66.0,42.0,2189.0,60197.5,62167.6,13134.0,4378.0,30646.0,1815.0,1817
70.0,74.0,659.0,5074.3,4810.7,1977.0,1977.0,0.0,539.0,540
754.0,213.0,8967.0,88773.3,92360.1,1829268.0,71736.0,1165710.0,7464.6,7443
325.0,136.0,10437.0,278667.9,325634.4,323547.0,62622.0,511413.0,8677.5,8663
168.0,198.0,4622.0,127105.0,107692.6,207990.0,55464.0,32354.0,4620.0,4622
226.0,260.0,915.0,3660.0,3202.5,39345.0,6405.0,45750.0,904.0,915
335.0,353.0,25401.0,1925395.8,1828872.0,1803471.0,304812.0,1803471.0,25393.0,25401
76.0,63.0,686.0,5145.0,5213.599999999999,2058.0,3430.0,34986.0,570.0,569
221.0,53.0,1822.0,12389.6,12936.2,0.0,7288.0,242326.0,1502.8,1512
1010.0,758.0,5053.0,25265.0,30823.3,560883.0,55583.0,1131872.0,5050.0,5053
116.0,130.0,1939.0,32381.3,28891.1,42658.0,19390.0,23268.0,1937.2,1939
39.0,11.0,114.0,330.6,307.8,342.0,114.0,0.0,113.1,114
170.0,108.0,1532.0,13788.0,15779.6,35236.0,12256.0,18384.0,1530.0,1532
179.0,193.0,5690.0,150216.0,139405.0,278810.0,22760.0,0.0,4725.599999999999,4723
166.0,0.0,3580.0,64081.99999999999,64798.00000000001,136040.0,46540.0,0.0,2971.4,2971
354.0,354.0,5841.0,96376.5,96376.5,1016334.0,58410.0,198594.0,5841.0,5841
615.0,627.0,941.0,1411.5,1411.5,69634.0,7528.0,0.0,922.5,941
126.0,135.0,1035.0,8487.0,7969.5,18630.0,8280.0,7245.0,1033.1999999999998,1035
1390.0,1241.0,5597.0,22388.0,25186.5,744401.0,72761.0,2110069.0,5560.0,5597
129.0,94.0,3600.0,83520.0,78120.0,36000.0,28800.0,212400.0,2992.8,2988
203.0,203.0,3219.0,51182.1,51182.1,19314.0,16095.0,154512.0,3227.7000000000003,3219
758.0,648.0,4630.0,28243.0,32873.0,611160.0,69450.0,1444560.0,4623.8,4630
558.0,461.0,4112.0,30428.800000000003,36596.8,234384.0,24672.0,476992.0,4129.2,4112
25.0,22.0,580.0,13456.0,13456.0,2320.0,3480.0,0.0,580.0,580
850.0,320.0,13183.0,170060.7,188516.9,2702515.0,65915.0,4587684.0,10965.0,10942
235.0,13.0,1129.0,4516.0,3838.6,138867.0,10161.0,11290.0,940.0,937
58.0,26.0,3030.0,131502.0,136047.0,57570.0,24240.0,0.0,2517.2,2515
316.0,139.0,2600.0,21320.0,22360.0,36400.0,20800.0,306800.0,2591.2,2600
7633.0,1376.0,25217.0,83216.09999999999,88259.5,3404295.0,479123.0,61907735.0,25188.9,25217
119.0,95.0,212.0,318.0,318.0,0.0,424.0,25016.0,178.5,176
55.0,59.0,411.0,2548.2000000000003,2383.8,2466.0,1233.0,6987.0,341.0,341
1644.0,1481.0,16357.0,161934.30000000002,179927.0,2895189.0,621566.0,14034306.0,16275.6,16357
1193.0,516.0,3622.0,9055.0,9055.0,539678.0,43464.0,2415874.0,2982.5,3006
605.0,582.0,2041.0,5714.799999999999,5918.9,185731.0,16328.0,471471.0,1694.0,1694
389.0,198.0,1134.0,3288.6,3515.4,87318.0,6804.0,106596.0,1128.1,1134
132.0,128.0,1429.0,12861.0,13289.7,38583.0,11432.0,0.0,1188.0,1186
132.0,39.0,1666.0,17493.0,18326.0,36652.0,14994.0,83300.0,1386.0,1383
286.0,267.0,1727.0,10362.0,11225.5,75988.0,10362.0,62172.0,1716.0,1727
305.0,272.0,4504.0,66659.2,74766.40000000001,175656.0,31528.0,391848.0,4514.0,4504
268.0,248.0,5517.0,98754.3,107029.8,0.0,44136.0,579285.0,4797.2,4800
110.0,110.0,2553.0,59229.6,59229.6,0.0,61272.0,38295.0,2552.0,2553
3963.0,3885.0,16921.0,72760.3,74452.40000000001,16108792.0,186131.0,10423336.0,17040.899999999998,16921
397.0,409.0,8987.0,168955.6,163563.4,143792.0,62909.0,2264724.0,7463.6,7459
254.0,119.0,3877.0,59318.100000000006,60481.2,11631.0,42647.0,151203.0,3886.2,3877
134.0,33.0,2516.0,39249.6,48307.2,55352.0,20128.0,0.0,2090.4,2088
266.0,258.0,5657.0,100128.9,102957.4,147082.0,45256.0,395990.0,4708.2,4695
237.0,181.0,3857.0,52069.5,58626.4,169708.0,34713.0,42427.0,3199.5,3201
1243.0,1219.0,13843.0,127355.6,130124.2,3391535.0,124587.0,207645.0,11435.6,11490
666.0,605.0,752.0,827.2,902.4,93248.0,9776.0,175216.0,732.6,752
1810.0,1616.0,29399.0,476263.8,535061.7999999999,11083423.0,1028965.0,12435777.0,29322.0,29399
88.0,9.0,2770.0,72297.0,74790.0,41550.0,16620.0,19390.0,2296.8,2299
62.0,51.0,949.0,13475.8,16417.7,8541.0,4745.0,7592.0,880.4,883
305.0,138.0,10484.0,298794.0,349117.19999999995,199196.0,104840.0,1069368.0,8692.5,8702
349.0,286.0,3703.0,39251.8,39251.8,359191.0,29624.0,344379.0,3699.4,3703
156.0,143.0,849.0,3820.5,4160.1,0.0,3396.0,112917.0,702.0,705
100.0,40.0,1434.0,20506.2,18642.0,4302.0,21510.0,108984.0,1430.0,1434
222.0,47.0,2952.0,32472.0,37785.6,274536.0,11808.0,14760.0,2442.0,2450
506.0,511.0,3500.0,24150.0,23800.0,150500.0,31500.0,563500.0,3491.4,3500
123.0,115.0,2179.0,33556.6,35953.5,102413.0,6537.0,0.0,1894.2,1896
252.0,109.0,6821.0,184849.1,184849.1,975403.0,75031.0,743489.0,6829.200000000001,6821
258.0,0.0,1678.0,9061.2,9229.0,31882.0,6712.0,67120.0,1393.2,1393
166.0,37.0,3137.0,49250.9,50819.4,18822.0,21959.0,276056.0,2606.2,2604
181.0,169.0,4088.0,82168.8,87892.0,155344.0,40880.0,159432.0,3638.1,3638
284.0,220.0,3234.0,36867.6,39454.8,84084.0,12936.0,362208.0,3237.6,3234
52.0,0.0,304.0,1459.2,1276.8,0.0,912.0,18240.0,249.6,252
102.0,0.0,1239.0,12513.9,13133.4,22302.0,3717.0,0.0,1030.2,1028
58.0,22.0,833.0,9912.7,9912.7,2499.0,4165.0,24157.0,690.2,691
1196.0,1208.0,7824.0,50856.0,50856.0,438144.0,117360.0,844992.0,7774.0,7824
38.0,32.0,247.0,1605.5,1605.5,1976.0,988.0,0.0,247.0,247
84.0,61.0,3299.0,107547.4,111506.2,69279.0,32990.0,0.0,2738.4,2738
73.0,40.0,1351.0,20805.4,17968.3,10808.0,8106.0,18914.0,1124.2,1121
449.0,0.0,19328.0,690009.6000000001,724800.0,231936.0,154624.0,231936.0,16029.3,16042
551.0,223.0,2934.0,12909.6,14963.4,152568.0,38142.0,340344.0,2424.4,2435
194.0,185.0,1440.0,10656.0,11232.0,40320.0,11520.0,67680.0,1435.6,1440
185.0,142.0,6416.0,222635.2,290003.2,320800.0,102656.0,89824.0,6419.500000000001,6416
134.0,156.0,1461.0,13295.1,11395.8,112497.0,7305.0,0.0,1219.4,1213
1241.0,1240.0,10222.0,83820.4,83820.4,3260818.0,153330.0,459990.0,10176.2,10222
99.0,6.0,241.0,578.4,578.4,723.0,723.0,0.0,237.6,241
1285.0,1512.0,1200.0,1080.0,960.0,159600.0,19800.0,80400.0,1156.5,1200
466.0,461.0,2058.0,7614.6,7614.6,24696.0,20580.0,436296.0,1724.2,1708
77.0,7.0,2540.0,69596.0,74422.0,50800.0,10160.0,0.0,2109.8,2108
81.0,64.0,547.0,3063.2,3336.7,0.0,547.0,12034.0,453.6,454
694.0,598.0,4086.0,24107.4,27784.8,686448.0,32688.0,670104.0,4094.6,4086
62.0,7.0,2442.0,79853.40000000001,85225.8,14652.0,12210.0,17094.0,2027.4,2027
56.0,57.0,293.0,1523.6,1494.3,0.0,879.0,12306.0,291.2,293
753.0,672.0,4301.0,24515.7,27526.4,0.0,51612.0,55913.0,4292.1,4301
421.0,421.0,16788.0,669841.2,669841.2,3642996.0,260214.0,369336.0,16797.899999999998,16788
59.0,65.0,682.0,6547.2,5933.4,2046.0,2046.0,7502.0,566.4,566
409.0,409.0,2672.0,17368.0,17368.0,104208.0,29392.0,537072.0,2658.5,2672
115.0,94.0,1869.0,30464.7,30464.7,7476.0,22428.0,168210.0,1874.5,1869
93.0,22.0,967.0,8316.199999999999,8412.9,3868.0,2901.0,19340.0,799.8,803
71.0,0.0,4842.0,274057.2,281804.4,58104.0,33894.0,72630.0,4018.6,4019
971.0,796.0,5864.0,29320.0,35770.4,1460136.0,82096.0,246288.0,4855.0,4867
74.0,74.0,3132.0,132483.59999999998,132483.59999999998,131544.0,53244.0,21924.0,3130.2,3132
81.0,25.0,107.0,117.7,117.7,2675.0,107.0,428.0,89.10000000000001,89
106.0,113.0,1357.0,14384.2,13570.0,25783.0,9499.0,44781.0,1123.6,1126
1168.0,1256.0,1538.0,1999.4,1845.6,270688.0,12304.0,369120.0,1518.4,1538
1093.0,959.0,7263.0,47935.8,55198.8,1706805.0,79893.0,864297.0,7213.799999999999,7263
67.0,0.0,4642.0,266915.0,303122.6,143902.0,9284.0,83556.0,3852.5,3853
1256.0,981.0,51527.0,1185121.0,1514893.7999999998,23187150.0,1442756.0,6234767.0,28888.0,28855
72.0,6.0,1504.0,26019.2,26019.2,0.0,22560.0,7520.0,1245.6,1248
777.0,676.0,17286.0,335348.4,383749.2,656868.0,224718.0,2748474.0,15073.8,15039
131.0,128.0,5960.0,225288.0,230056.0,107280.0,77480.0,196680.0,4951.799999999999,4947
134.0,141.0,2433.0,36738.3,34791.9,0.0,19464.0,0.0,2023.4,2019
826.0,779.0,5400.0,35100.0,37260.0,388800.0,226800.0,1593000.0,5369.0,5400
3180.0,2718.0,33028.0,343491.2,402941.6,9743260.0,1189008.0,17769064.0,33072.0,33028
324.0,334.0,5078.0,79724.59999999999,77185.59999999999,147262.0,66014.0,548424.0,5086.8,5078
220.0,49.0,701.0,2243.2000000000003,2313.3,21030.0,2103.0,31545.0,704.0,701
258.0,241.0,736.0,2134.4,2281.6,4416.0,8832.0,65504.0,748.1999999999999,736
139.0,139.0,976.0,6832.0,6832.0,5856.0,6832.0,18544.0,973.0,976
274.0,308.0,1167.0,5018.099999999999,4434.599999999999,66519.0,4668.0,143541.0,1178.2,1167
231.0,266.0,3762.0,61320.600000000006,53044.2,0.0,45144.0,323532.0,3765.3,3762
126.0,22.0,619.0,3033.1000000000004,2723.6000000000004,3714.0,3095.0,9285.0,617.4000000000001,619
93.0,0.0,1327.0,15658.6,15393.2,0.0,10616.0,92890.0,1097.4,1101
1825.0,1674.0,1210.0,847.0,847.0,232320.0,18150.0,688490.0,1277.5,1210
500.0,170.0,7080.0,83544.0,92748.0,920400.0,56640.0,219480.0,5900.0,5876
373.0,389.0,2395.0,15328.0,14370.0,50295.0,23950.0,229920.0,2387.2000000000003,2395
330.0,379.0,1050.0,3360.0,2940.0,67200.0,10500.0,27300.0,1056.0,1050
57.0,0.0,2098.0,63989.0,66506.59999999999,0.0,8392.0,58744.0,1738.5,1741
127.0,13.0,1902.0,23584.8,23965.2,38040.0,7608.0,0.0,1574.8,1579
1362.0,1419.0,3193.0,7343.9,7343.9,546003.0,35123.0,929163.0,3132.6,3193
1463.0,1493.0,36046.0,886731.6000000001,868708.6000000001,8038258.0,829058.0,4289474.0,35989.8,36046
148.0,140.0,4141.0,96071.2,101868.6,149076.0,12423.0,202909.0,3433.6,3437
474.0,41.0,1829.0,7133.099999999999,7133.099999999999,627347.0,10974.0,43896.0,1848.6,1829
77.0,18.0,492.0,2607.6,2607.6,10332.0,4920.0,8856.0,408.1,408
213.0,52.0,801.0,3043.8,3043.8,32841.0,2002.5,53667.0,809.4,801
175.0,59.0,597.0,2029.8,2029.8,0.0,4179.0,31641.0,595.0,597
360.0,336.0,763.0,1602.3,1754.9,41202.0,13734.0,74774.0,756.0,763
331.0,156.0,1238.0,4580.6,4085.4,14856.0,6190.0,0.0,1224.7,1238
285.0,310.0,1249.0,5495.6,4996.0,18735.0,8743.0,233563.0,1254.0,1249
187.0,4.0,15807.0,1161814.5,1334110.8,158070.0,47421.0,505824.0,13744.5,13752
502.0,444.0,9296.0,171976.0,194286.4,827344.0,130144.0,297472.0,9287.0,9296
303.0,0.0,396.0,435.6,435.6,0.0,396.0,105336.0,333.3,329
174.0,98.0,3088.0,54657.6,49408.0,0.0,52496.0,256304.0,3079.8,3088
44.0,49.0,380.0,3268.0,2774.0,6080.0,760.0,0.0,378.4,380
387.0,18.0,2811.0,16866.0,17147.1,104007.0,19677.0,621231.0,2322.0,2333
406.0,21.0,2109.0,10966.8,10545.0,56943.0,40071.0,788766.0,2111.2000000000003,2109
496.0,524.0,11586.0,235195.8,222451.2,776262.0,162204.0,1262874.0,10068.8,10080
116.0,33.0,553.0,2654.4,2875.6,2212.0,1106.0,21014.0,556.8,553
53.0,63.0,354.0,2371.8,1982.4,0.0,5664.0,6018.0,355.1,354
209.0,225.0,190.0,171.0,152.0,1900.0,475.0,27550.0,188.1,190
903.0,387.0,6605.0,40290.5,41611.5,1043590.0,72655.0,885070.0,5508.299999999999,5482
469.0,419.0,3845.0,26146.0,29222.0,57675.0,42295.0,653650.0,3189.2,3191
1894.0,966.0,3986.0,8370.6,9167.8,569998.0,47832.0,4946626.0,3977.4,3986
215.0,76.0,560.0,1456.0,1512.0,52640.0,3920.0,0.0,559.0,560
82.0,29.0,96.0,96.0,96.0,1920.0,192.0,864.0,82.0,80
1694.0,1540.0,7816.0,35953.6,39861.6,3009160.0,125056.0,3665704.0,7792.4,7816
81.0,64.0,2412.0,59576.4,63435.6,48240.0,12060.0,53064.0,2000.7,2002
297.0,13.0,1557.0,8096.400000000001,8407.800000000001,205524.0,9342.0,10899.0,1544.4,1557
280.0,262.0,1417.0,7226.7,7651.8,0.0,9919.0,128947.0,1428.0,1417
56.0,29.0,1501.0,33472.3,37374.9,24016.0,7505.0,7505.0,1248.8,1246
492.0,248.0,4158.0,35343.0,35343.0,652806.0,45738.0,403326.0,4182.0,4158
426.0,31.0,778.0,1167.0,1244.8000000000002,42012.0,1556.0,94916.0,639.0,646
499.0,155.0,2310.0,10626.0,11781.0,138600.0,23100.0,97020.0,2295.4,2310
60.0,60.0,1102.0,18183.0,18183.0,13224.0,5510.0,35264.0,990.0,992
362.0,348.0,8543.0,167442.80000000002,174277.19999999998,350263.0,51258.0,580924.0,7095.200000000001,7091
363.0,82.0,4134.0,39273.0,40513.2,475410.0,20670.0,95082.0,3448.5,3431
53.0,0.0,1213.0,23047.0,25473.0,29112.0,3639.0,0.0,1007.0,1007
17518.0,13580.0,54620.0,169322.0,218480.0,0.0,764680.0,66691020.0,54305.8,54620
199.0,20.0,1049.0,4615.6,4615.6,13637.0,2098.0,96508.0,875.6,871
2171.0,209.0,19699.0,179260.9,307304.4,6362777.0,157592.0,6283981.0,19756.1,19699
220.0,12.0,2325.0,20460.0,21157.5,148800.0,9300.0,44175.0,1936.0,1930
1355.0,1255.0,7505.0,41277.5,45030.0,435290.0,195130.0,3212140.0,7452.5,7505
374.0,398.0,363.0,290.40000000000003,290.40000000000003,31944.0,726.0,1452.0,299.2,300
62.0,66.0,420.0,2352.0,2226.0,0.0,1260.0,0.0,347.2,349
311.0,324.0,2455.0,16203.0,15466.5,7365.0,14730.0,532735.0,2052.6,2038
132.0,136.0,724.0,3330.4,3185.6000000000004,9412.0,4344.0,10860.0,607.1999999999999,601
135.0,0.0,667.0,3268.3,3001.5,0.0,10005.0,11339.0,661.5,667
79.0,81.0,4319.0,196082.6,175783.30000000002,0.0,21595.0,146846.0,3586.6,3585
155.0,14.0,2308.0,28619.2,31158.0,23080.0,9232.0,64624.0,1922.0,1916
965.0,1060.0,3930.0,14934.0,13362.0,581640.0,117900.0,919620.0,3667.0,3655
296.0,312.0,5432.0,99948.8,94516.8,260736.0,54320.0,901712.0,5446.4,5432
56.0,56.0,170.0,510.0,510.0,1700.0,510.0,3230.0,168.0,170
206.0,73.0,2196.0,19324.800000000003,22618.800000000003,68076.0,17568.0,50508.0,1812.8,1823
651.0,581.0,4352.0,23936.0,26982.4,69632.0,17408.0,1675520.0,3580.5,3612
2323.0,636.0,3981.0,6767.7,6767.7,0.0,23886.0,1321692.0,3949.1,3981
146.0,44.0,2390.0,32504.0,34655.0,119500.0,14340.0,0.0,1985.6,1984
284.0,80.0,4393.0,56230.4,61062.7,329475.0,21965.0,364619.0,3635.2,3646
249.0,237.0,3800.0,58140.0,60800.0,304000.0,34200.0,98800.0,3809.7,3800
32.0,41.0,498.0,7768.8,6025.8,0.0,1494.0,3486.0,499.2,498
1908.0,1889.0,27000.0,383400.0,386100.0,4185000.0,1296000.0,32832000.0,27093.6,27000
253.0,76.0,1694.0,11349.8,11349.8,0.0,11858.0,252406.0,1695.1,1694
184.0,170.0,3393.0,54288.0,59038.2,145899.0,13572.0,71253.0,2944.0,2952
76.0,0.0,451.0,2209.9,2345.2000000000003,0.0,451.0,5412.0,372.4,374
276.0,177.0,300.0,330.0,360.0,22500.0,1200.0,1500.0,303.6,300
3471.0,3155.0,7575.0,16665.0,18180.0,4045050.0,128775.0,1946775.0,7636.200000000001,7575
380.0,365.0,4002.0,34817.399999999994,36418.2,308154.0,36018.0,412206.0,3305.9999999999995,3322
155.0,148.0,5196.0,174066.0,182379.6,358524.0,41568.0,0.0,5192.5,5196
327.0,327.0,2566.0,20014.8,20014.8,53886.0,41056.0,364372.0,2550.6,2566
193.0,41.0,2031.0,17669.699999999997,15232.5,101550.0,10155.0,162480.0,1679.1,1686
1108.0,916.0,26940.0,608844.0,738156.0,8459160.0,161640.0,538800.0,25040.800000000003,25054
363.0,0.0,141.0,42.3,42.3,12972.0,1410.0,1410.0,108.9,117
249.0,268.0,500.0,1000.0,950.0,3000.0,1500.0,52000.0,498.0,500
769.0,178.0,12551.0,204581.3,210856.8,2949485.0,100408.0,2447445.0,12534.7,12551
137.0,97.0,399.0,1157.1,1197.0,11970.0,1197.0,16758.0,397.3,399
579.0,517.0,784.0,1097.6,1176.0,85456.0,5488.0,63504.0,810.5999999999999,784
133.0,124.0,2428.0,38605.2,41276.0,99548.0,14568.0,0.0,2114.7000000000003,2112
78.0,22.0,690.0,5313.0,6072.000000000001,4140.0,2070.0,23460.0,600.6,600
101.0,65.0,450.0,2025.0,2115.0,1350.0,675.0,13950.0,454.5,450
1222.0,1164.0,5800.0,27260.0,29000.0,1003400.0,116000.0,1931400.0,5743.400000000001,5800
1093.0,788.0,2565.0,5899.499999999999,6412.5,323190.0,17955.0,710505.0,2513.9,2565
222.0,222.0,2385.0,25519.5,25281.0,0.0,9540.0,135945.0,2375.4,2385
2067.0,1510.0,10398.0,51990.0,51990.0,467910.0,218358.0,6841884.0,10335.0,10398
175.0,141.0,4137.0,81085.20000000001,91014.0,91014.0,41370.0,128247.0,3430.0000000000005,3434
230.0,247.0,1379.0,2344.3,2206.4,56539.0,4137.0,16548.0,391.0,400
104.0,115.0,512.0,1689.6,1484.8,20480.0,1024.0,2560.0,343.2,338
177.0,211.0,2835.0,45360.0,37989.0,17010.0,48195.0,223965.0,2832.0,2835
62.0,22.0,716.0,6873.599999999999,7732.8,8592.0,1432.0,0.0,595.1999999999999,594
487.0,45.0,1017.0,2135.7000000000003,2237.4,53901.0,6102.0,242046.0,1022.7,1017
177.0,177.0,951.0,4279.5,4279.5,25677.0,7608.0,11412.0,796.5,789
105.0,162.0,774.0,5727.6,3715.2,7740.0,2322.0,51084.0,777.0,774
140.0,171.0,640.0,2944.0,2368.0,1920.0,960.0,43520.0,644.0,640
230.0,225.0,500.0,1100.0,1100.0,18500.0,2000.0,24500.0,506.00000000000006,500
236.0,238.0,668.0,1670.0,1670.0,34736.0,6680.0,56112.0,590.0,601
846.0,729.0,16179.0,309018.9,359173.8,1812048.0,210327.0,906024.0,16158.6,16179
139.0,139.0,2446.0,43049.600000000006,43049.600000000006,73380.0,14676.0,51366.0,2446.4,2446
51.0,7.0,338.0,2230.8,2467.4,0.0,1014.0,9126.0,336.6,338
195.0,241.0,2152.0,19798.4,15924.8,25824.0,19368.0,68864.0,1793.9999999999998,1786
51.0,0.0,1083.0,19060.800000000003,17652.9,17328.0,3249.0,0.0,897.6,899
1106.0,962.0,19034.0,285510.0,327384.8,2055672.0,380680.0,5082078.0,16590.0,16560
99.0,95.0,634.0,3360.2,3487.0,1902.0,2536.0,20288.0,524.6999999999999,526
56.0,47.0,440.0,3476.0,4136.0,3960.0,2640.0,0.0,442.4,440
213.0,36.0,2185.0,22505.5,19665.0,61180.0,15295.0,198835.0,2193.9,2185
