Transactions,PointsAdjust,Effort
0.22268224,0.29423464765407886,0.14851166
0.48549244,0.3859645931578756,0.35974157
0.44300434,0.3710258822615529,0.1672312
0.3918891,0.37456270247376217,0.21047439
0.2997267,0.24579279474756768,0.07306248
0.59244525,0.531799231907954,0.40805894
0.50559354,0.4239617854377072,0.35544094
0.11713674,0.2201532532091952,0.13729376
0.42332247,0.39286389357183366,0.16316944
0.34573364,0.2183084030985042,0.07059945
0.309124,0.36562546193752776,0.26869765
0.36145955,0.33808061028483666,0.14268358
0.29822332,0.29853333791200026,0.109777465
0.44675052,0.31816609908996596,0.20116769
0.32497394,0.31518101891086114,0.20041984
0.25756615,0.2484509749070585,0.060845416
0.3457024,0.3189826791389607,0.17017895
0.474072,0.4308968758538126,0.17283651
0.44806966,0.47250130835007853,0.2868172
0.5276805,0.4233939254036355,0.36216488
0.609252,0.49993002999580183,0.5393319
0.33310753,0.2897950173877011,0.0987515
0.39735943,0.2741522964491378,0.09129156
0.32107309,0.25218315513098927,0.08083969
0.34885767,0.31356791881407514,0.13161261
0.34274876,0.2469420548165233,0.07920106
0.3870219,0.29285509757130584,0.16702561
0.37912345,0.3072116884327013,0.11938611
0.47165307,0.3838761930325716,0.27684534
0.36785096,0.26634927598095653,0.15376873
0.48728076,0.41649117498947047,0.2692151
0.29813355,0.31329201879752117,0.122980595
0.65342534,0.5812727348763641,0.4696251
0.41708404,0.35931412155884734,0.19949615
0.3679191,0.31922553915353236,0.12648469
0.6299858,0.4963875297832518,0.5869803
0.39355943,0.31007011860420713,0.21759732
0.36287123,0.263178365790702,0.17266947
0.36950994,0.30725295843517747,0.15073912
0.33774978,0.24248538454912308,0.035193097
0.18597163,0.25433604526016274,0.13449441
0.5460756,0.47916137874968273,0.40058842
0.36222386,0.26494151589649095,0.097267285
0.3080248,0.2653435659206139,0.057063777
0.673885,0.554452733267164,0.60868436
0.64892423,0.5771493346289601,0.52934295
0.3622803,0.3101343186080591,0.15498513
0.44004035,0.3015244480914669,0.046638127
0.42161387,0.33321146999268825,0.24389343
0.34242532,0.3332854699971282,0.17495342
0.5084715,0.4056775543406533,0.37770444
0.6209731,0.5014893300893598,0.5304955
0.30382097,0.2596803755808225,0.016504396
0.32077044,0.2506719350403161,0.077489465
0.5575024,0.48539036912342215,0.41935974
0.34847772,0.267660116059607,0.107106805
0.45959577,0.3884147233048834,0.13054743
0.36102486,0.2787020367221222,0.15033807
0.46964574,0.396963083817785,0.30067554
0.5573674,0.5065284303917058,0.3993716
0.38173503,0.28031535681892145,0.2135929
0.29003394,0.2550847153050829,0.10780455
0.4468543,0.3787595227255714,0.08964138
0.57263076,0.47072445824346754,0.4101986
0.4150852,0.3680491220829474,0.2446378
0.37659168,0.32348178940890737,0.17240573
0.5003047,0.42789527567371655,0.39423016
0.41899428,0.37079289224757356,0.27428132
0.44245133,0.3950996637059798,0.25846785
0.28445646,0.3026586981595219,0.13684765
0.42611232,0.33760836025650165,0.16477855
0.26910895,0.2513647150818829,0.018616233
0.23869833,0.27691639661498385,0.09666756
0.31150046,0.265647115938827,0.117144346
0.44744477,0.3919393635163618,0.30083552
0.32307428,0.20742617244557035,0.0699542
0.45891392,0.4024551241473075,0.2851956
0.36118594,0.3336653600199216,0.16777332
0.32217452,0.2483774149026449,0.039065685
0.36291933,0.272762916365775,0.1051244
0.3915553,0.29484981769098906,0.08675687
0.3915484,0.28854925731295544,0.18914947
0.35040364,0.3884926233095574,0.25941142
0.3341908,0.28436614706196883,0.10119277
0.534943,0.485554399133264,0.39448872
0.38625723,0.2830635769838146,0.102167085
0.4839265,0.4647313678838821,0.3203885
0.4087717,0.34414827064889625,0.21402384
0.3141039,0.31310595878635755,0.11565706
0.45941904,0.3908820434529226,0.22250818
0.51567996,0.3632326217939573,0.25598213
0.38085645,0.31470815888248954,0.16603957
0.48094338,0.4216988053019283,0.2600335
0.34025693,0.31943826916629614,0.13021523
0.3860504,0.21282067276924035,0.11047812
0.3615501,0.20306588218395294,0.12671298
0.10324447,0.20489455229367312,0.10302162
0.34538525,0.23115711386942683,0.11288546
0.4068229,0.3051485183089111,0.19830385
0.3629037,0.3606476716388603,0.25500798
0.513975,0.49061738943704336,0.35663402
0.36512637,0.18565893113953588,0.04989263
0.2315487,0.29663713779822826,0.16007502
0.39712894,0.34363790061827404,0.16483925
0.3422692,0.2659361859561712,0.098672986
0.34580466,0.24301950458117028,0.06293355
0.23592807,0.28198216691893,0.13104458
0.35907924,0.2949760176985611,0.15390372
0.4032127,0.269196116151767,0.19031613
0.3529926,0.17187467031248024,0.022118349
0.39552322,0.339289450357367,0.14490417
0.40897426,0.41707399502443976,0.23107834
0.49641868,0.43653630619217837,0.23767583
0.3516004,0.28233836694030207,0.12149073
0.60867727,0.544156632649398,0.48334196
0.43178025,0.3803153528189212,0.259372
0.16995908,0.3334518200071092,0.14114453
0.32662943,0.2711805862708352,0.021363813
0.35099664,0.3240273794416428,0.1500828
0.20154305,0.2771381566282894,0.13989358
0.32780415,0.2458616347516981,0.12123895
0.5451404,0.48729682923780976,0.36773068
0.41385323,0.2748010364880622,0.24685512
0.28752798,0.26579515594770936,0.04642379
0.4036108,0.33879038032742287,0.21102561
0.38713807,0.34022628041357683,0.102888376
0.5802047,0.5290204317412258,0.43367884
0.35323912,0.28353551701213103,0.06791845
0.27002484,0.30552781833166914,0.20188709
0.45689118,0.3154388189263292,0.28674594
0.3837918,0.2883861873031712,0.19569865
0.41401404,0.4073839244430355,0.19533247
0.5773064,0.541646732498804,0.38330624
0.29711384,0.27843238670594317,0.09595293
0.5717926,0.6822035409322125,0.54526794
0.33882254,0.2469764148185849,0.040321898
0.52847606,0.4549267272956037,0.37227067
0.11620656,0.0,0.0028247982
0.33530176,0.3180596390835783,0.16550568
0.5035408,0.4392456063547364,0.26780808
0.40942305,0.3359433201565992,0.077952534
0.35180694,0.28054378683262726,0.14320046
0.7256489,0.5992575059554504,0.72175556
0.5138885,0.47357177841430675,0.3925871
0.3000423,0.20382000222920016,0.076854825
0.24700832,0.17464475047868502,0.12170625
0.44576922,0.3808695228521714,0.23236682
0.52248365,0.5308295318497719,0.38021144
0.50287294,0.4383145562988734,0.31580806
0.44778314,0.36966344217980657,0.3506943
0.32405627,0.2792854467571268,0.120432824
0.5779252,0.493841199630472,0.425291
0.36324483,0.31878781912726917,0.14110513
0.6088176,0.48682012920920775,0.5160828
0.312958,0.20041851202511074,0.10028654
0.16568004,0.20842060250523614,0.09574875
0.71074605,0.5739678344380701,0.57339865
0.59566605,0.5210683612641016,0.48676786
0.46416858,0.36818572209114336,0.32898
0.47564527,0.5766027345961641,0.38799593
0.57072383,0.4674594080475645,0.4215981
0.3185017,0.28073807684428465,0.035024483
0.28316236,0.37794017267641034,0.23543663
0.2923591,0.2282943436976606,0.121451706
0.30748752,0.23015695380941725,0.15849802
0.7334933,0.675233400514004,0.64489365
0.5509963,0.5235261314115679,0.1902982
0.52736926,0.5135125308107519,0.37382773
0.35907465,0.32609374956562504,0.1134599
0.4946708,0.6350825381049523,0.42754295
0.41819966,0.41944437516666255,0.33484522
0.3112291,0.3201750192105012,0.17039654
0.57007515,0.46062424763745485,0.46814755
0.39379054,0.36847924210875455,0.27751118
0.31961697,0.2807162868429772,0.15174398
0.42745826,0.3671463920287835,0.12550122
0.18885897,0.21430049285802957,0.11960223
0.38960555,0.2657836859470212,0.21388485
0.3547178,0.14792243887534634,0.049968
0.34706798,0.3076588684595321,0.1835773
0.43030232,0.3866056431963386,0.25419053
0.43914184,0.6236912374214743,0.40309396
0.39400655,0.3045032782701967,0.20424716
0.4405355,0.33584990015099403,0.22291993
0.6721339,0.6768643106118587,0.57022
0.3175068,0.2814135768848146,0.07986267
0.30975872,0.29419155765149346,0.07576063
0.38608047,0.40997942459876546,0.21792595
0.5735717,0.4365222461913348,0.46411172
0.5431093,0.4871557292293438,0.3771392
0.5046267,0.4530964771857886,0.20402317
0.25502178,0.26447221586833297,0.064401105
0.35748374,0.26387287583237257,0.07153544
0.41856235,0.36741718204503093,0.25558642
0.8487756,0.7964695477881729,0.7486928
0.29545552,0.31377341882640514,0.15603626
0.43771017,0.34111660046699604,0.15100256
0.46776223,0.3762859925771596,0.31874737
0.45940447,0.3562602013756121,0.18264799
0.4786639,0.4363802261828136,0.34916312
0.39197117,0.31903828914229737,0.17343484
0.63187563,0.4957407697444462,0.5258599
0.4923935,0.41699179501950767,0.31888306
0.3505345,0.3336766200205972,0.1681746
0.24617709,0.34205457052327426,0.14858489
0.52946013,0.4046269042776143,0.3748134
0.42279345,0.4129006547740393,0.16468196
0.29302084,0.2938607476316449,0.085687354
0.38241214,0.327956549677393,0.17345318
0.3794744,0.2969310478158629,0.10130423
0.37216136,0.39041670342500223,0.21874104
0.37071857,0.3399504203970252,0.15980183
0.35764474,0.3062016583720995,0.17122088
0.28830564,0.2605517156331029,0.22889356
0.6085412,0.5866315351978921,0.50376713
0.54813296,0.5568964834137891,0.40836897
0.29460454,0.32022584921355096,0.10195902
0.48550588,0.4297378657842719,0.2404352
0.5227232,0.47923892875433577,0.1823299
0.4234392,0.3410998804659928,0.2225311
0.2976545,0.320160949209657,0.18162012
0.77685165,0.7292984437579066,0.6950333
0.5245211,0.4656145879368753,0.37618896
0.4361626,0.40469742428184546,0.11647348
0.38855952,0.26307661578459696,0.07283518
0.35579857,0.3481090208865413,0.14587758
0.37772447,0.3387275803236548,0.13883811
0.31262523,0.25877405552644334,0.02638444
0.30342916,0.23239712394382744,0.055380266
0.38154307,0.3005617780337067,0.12086336
0.38857138,0.21014089260845356,0.10879439
0.19573055,0.26011091560665495,0.12633273
0.36514527,0.2930473175828391,0.15835589
0.40294215,0.35946306156778374,0.24007677
0.32464802,0.2654990459299428,0.051246505
0.36640823,0.3022936481376189,0.14863162
0.3863353,0.23741596424495784,0.10903193
0.5248773,0.44950992697059566,0.32232493
0.41475198,0.34798988087939287,0.19328977
0.5845816,0.5692385741543144,0.48487917
0.36383867,0.2523206651392399,0.10722466
0.31799582,0.2920996175259771,0.16091156
0.0,0.277197466631848,0.06421083
0.42129427,0.3661629819697789,0.23149066
0.48456803,0.4345326260719576,0.32424772
0.30806112,0.3075832584549955,0.21061234
0.34826607,0.28357414701444883,0.15557018
0.744787,0.6942918416575106,0.6636328
0.27878845,0.277351516641091,0.16518064
0.43483913,0.36472558188353493,0.17441006
0.4607602,0.4030494941829697,0.303353
0.36407757,0.31374533882472033,0.174259
0.4500427,0.3113759386825563,0.27322564
0.30908668,0.29100678746040726,0.09932381
0.3829028,0.2841743970504638,0.21590276
0.4139107,0.2491288449477307,0.16447179
0.3220944,0.275373316522399,0.08744873
0.35080278,0.32942773976566436,0.13178273
0.40704492,0.3042583182554991,0.13532928
0.6824957,0.8852041931122516,0.6329701
0.34991089,0.30374957822497467,0.11569092
0.46839812,0.3786740527204432,0.31645826
0.37346613,0.7815189868911392,0.25433135
0.2948321,0.24075399444523968,0.05851276
0.37953585,0.3050286983017219,0.14010465
0.4323963,0.6003652360219143,0.36043027
0.25580955,0.28943653736619224,0.08774947
0.5352206,0.47922832875369975,0.43103614
0.36939484,0.34583976075038564,0.12934367
0.52279234,0.4455036467302188,0.38220096
0.3822095,0.3073522884411373,0.1978292
0.37198606,0.3131261987875719,0.16991603
0.34052688,0.2454876147292569,0.04784849
0.49074823,0.4135236948114217,0.30039355
0.50558865,0.3856471431388286,0.36371893
0.53840494,0.46154039769242383,0.42675102
0.4707467,0.4339267860356072,0.20803665
0.55321527,0.5080792304847538,0.39976653
0.3994774,0.29043616742617007,0.18360287
0.36962277,0.3020630681237841,0.13528799
0.30239612,0.34368559062113546,0.17916496
0.36328793,0.3662271719736303,0.17827843
0.4738566,0.35676297140577834,0.30218008
0.2996004,0.31264229875853794,0.20804225
0.5526191,0.42698602561916155,0.41164485
0.7946042,0.816601148996069,0.6454752
0.71660566,0.5900795854047751,0.6622664
0.4536267,0.45041617702497067,0.33190066
0.39451844,0.335853150151189,0.21861283
0.3873088,0.2753124365187462,0.0951899
0.29473132,0.2440750446445027,0.07517509
0.4092858,0.3569508714170523,0.22416125
0.39994773,0.35926064155563847,0.2649639
0.28422087,0.28962369737742183,0.12659125
0.39613196,0.33677752020665125,0.19983579
0.3644383,0.25043345502600733,0.103027776
0.46592286,0.5051414703084883,0.33404636
0.36979702,0.3486477009188621,0.1744847
0.35699493,0.28399159703949584,0.03946885
0.3088745,0.28383281702996904,0.12799145
0.40065917,0.3574564714473883,0.22746493
0.39999747,0.3594536415672185,0.22721915
0.39175972,0.2486908749214525,0.13353692
0.6023089,0.4950751697045102,0.51153207
0.34669897,0.226917633615058,0.033296462
0.34263903,0.27464456647867397,0.12629451
0.57060015,0.4980554598833276,0.44259351
0.386775,0.31351291881077514,0.18610755
0.05215215,0.1879525312771519,0.045887988
0.4023454,0.2927921875675313,0.13409443
0.48214647,0.34529906071794364,0.3506155
0.4785144,0.45631476737888604,0.16293591
0.44745168,0.40346762420805743,0.16813646
0.39622432,0.28025536681532204,0.1621535
0.5173042,0.35982402158944127,0.3658737
0.3720284,0.327193699631622,0.17952874
0.33969924,0.21909564314573862,0.017250698
0.4628232,0.4200090452005427,0.31659037
0.3465063,0.30299888817993326,0.13167736
0.5863967,0.47969319878159195,0.5126535
0.29301274,0.269832266189936,0.15626276
0.29429066,0.2190965231457914,0.08794783
0.32160836,0.2530610151836609,0.037930865
0.56914663,0.512876900772614,0.42798498
0.32198983,0.31149121868947316,0.0837394
0.50468767,0.42126130527567834,0.40169778
0.37383962,0.3118888887133333,0.18161081
0.3723918,0.31591255895475356,0.15457766
0.5960971,0.535923232155394,0.5394861
0.78015924,0.8533875812032549,0.7467799
0.3604629,0.31864351911861116,0.10646343
0.3383701,0.38354226301253574,0.23202972
0.37818837,0.2955392177323531,0.18839385
0.3427649,0.276327116579627,0.12729588
0.39003432,0.28674301720458106,0.1543196
0.68648255,0.6316985379019123,0.5434159
0.45428297,0.39273892356433543,0.25733283
0.34431803,0.30745381844722913,0.14293477
0.35233766,0.32715709962942596,0.13755903
0.69791687,0.8303925898235553,0.598759
0.44058573,0.3088038485282309,0.23054715
0.2449053,0.1318656479119389,0.069712654
0.32160598,0.36826958209617494,0.22797503
0.408737,0.3560625513637531,0.1764615
0.52198297,0.4787786287267177,0.37593427
0.3517996,0.22436153346169202,0.007410176
0.80283475,0.7194211931652715,0.748403
0.38173187,0.3155551189333071,0.14736843
0.37061232,0.3209800892588054,0.12938094
0.65512705,0.538395932303756,0.700822
0.35079265,0.2681897460913848,0.113508746
0.43937105,0.3793024027581442,0.24028914
0.33544412,0.23087330385239824,0.060727444
0.44141507,0.38957434337446056,0.28192836
0.39124072,0.34157490049449407,0.2248285
0.35141072,0.30953261857195713,0.15463573
0.61115485,0.48460077907604676,0.52750033
0.33495778,0.2739803964388238,0.03941633
0.45017153,0.33839562030373727,0.2046146
0.45397896,0.39080970344858224,0.25173476
0.11539404,0.2588151555289093,0.11406574
0.49433464,0.41948002516880156,0.33495417
0.4386463,0.4306374758382485,0.27961487
0.7305906,0.6827986009679161,0.6275008
0.28693843,0.26921804615308276,0.070385784
0.3177033,0.25839051550343095,0.09755914
0.35777748,0.16296543977792638,0.119147584
0.24411729,0.270113716206823,0.15780127
0.47066626,0.44188060651283645,0.18823163
0.35555524,0.3323154199389252,0.21521203
0.33579797,0.2500623650037419,0.061117295
0.47524956,0.37429132245747937,0.29646632
0.3852393,0.39208718352523103,0.15795319
0.2735811,0.288709867322592,0.1001202
0.30781275,0.3199063191943791,0.12750094
0.49655434,0.4440809466448568,0.32535258
0.55420446,0.4724199483451969,0.3861781
0.32742003,0.279316766759006,0.06372407
0.3633904,0.24390785463447126,0.07570261
0.37967843,0.3327022399621344,0.14954385
0.93308413,0.7744028464641708,0.80165195
0.61482275,0.5714583342875,0.44404307
0.25702995,0.2493882049632923,0.09685615
0.31630182,0.28268848696130927,0.087562054
0.35729802,0.2780505566830334,0.0747744
0.3581975,0.3335453800127228,0.23532249
0.43411857,0.4315660258939616,0.2643405
0.48449972,0.4341111460466688,0.3047077
0.35106546,0.3392458203547492,0.14618951
0.49893066,0.4463855567831334,0.33372682
0.294461,0.3049240182954411,0.16703515
0.6854594,0.6401638384098303,0.562358
0.21922466,0.18195368091722086,0.11334717
0.38288686,0.319963299197798,0.1897636
0.38550928,0.22975549378532964,0.11852953
0.33182102,0.2963754977825299,0.13013947
0.34939337,0.30865003851900236,0.18039793
0.35235143,0.18011021080661266,0.06660113
0.36054334,0.3290153597409216,0.13334711
0.36020783,0.26821289609277377,0.12775773
0.41757348,0.4433708466022508,0.17028537
0.46684372,0.4179979850798791,0.27771556
0.5521671,0.5122983807379029,0.449302
0.32714444,0.25659038539542317,0.080590785
0.46855935,0.3913476734808604,0.19599605
0.41450047,0.3453748707224923,0.22427844
0.43721485,0.41425474485528474,0.27153656
0.30456102,0.2947340776840447,0.25878268
0.3359167,0.29964776797886605,0.14721042
0.34518617,0.3043304182598251,0.11660801
0.2848141,0.2903295974197758,0.1597276
0.36135933,0.3913759234825554,0.19577362
0.37653878,0.3228088193685292,0.17239943
0.2735536,0.27252751635165096,0.049585853
0.33143932,0.31460041887602513,0.09418847
0.24482816,0.20032839201970354,0.120352134
0.3241154,0.2815150768909046,0.07831164
0.33964851,0.3230887193853232,0.21118839
0.60460854,0.48279219896753195,0.45423797
0.4452933,0.3641238218474293,0.20654412
0.438701,0.3995998239759895,0.20464234
0.34626037,0.29125081747504905,0.1348688
0.34811574,0.2905251574315095,0.1428281
0.37225965,0.30329061819743713,0.11996095
0.4428937,0.37071984224319054,0.21214013
0.3073577,0.30083949805036986,0.10546498
0.49763638,0.4176660250599615,0.39413735
0.35511166,0.29790396787423806,0.1352849
0.40422717,0.36512699190761955,0.28797424
0.18227848,0.33913799034827946,0.17026569
0.5705212,0.4950875897052554,0.3912451
0.6794841,0.6062265963735958,0.6071522
0.32058382,0.288492217309533,0.09349792
0.29497266,0.26814456608867393,0.13581073
0.5051751,0.40860116451606987,0.36547944
0.40934515,0.3622260917335655,0.2332714
0.3522913,0.2975924478555469,0.13287054
0.31625623,0.26400555584033336,0.046751913
0.3548195,0.23752649425158967,0.044771854
0.545619,0.43886118633167115,0.38799807
0.41162452,0.34868189092091345,0.2234234
0.3115138,0.3595418515725111,0.27813503
0.39672253,0.2257994535479672,0.117735
0.35198003,0.28408861704531707,0.102359414
0.30870008,0.24210051452603087,0.054814834
0.34106416,0.23989538439372307,0.08403215
0.65639424,0.544412732664764,0.56280345
0.37686634,0.4200786652047199,0.20702757
0.4668016,0.4364893961893638,0.18832667
0.3363551,0.22654019359241162,0.014322024
0.44486237,0.37086292225177536,0.29022387
0.40796244,0.22866494371989662,0.034580056
0.7080666,0.55054633303278,0.62457854
0.8022306,0.6966993418019606,0.71543485
0.5686823,0.658957699537462,0.47458997
0.41887665,0.3574630814477849,0.23872603
0.39059773,0.2932413375944803,0.17026733
0.6641121,0.5186761911205715,0.5031224
0.31289864,0.26420493585229615,0.054614794
0.4873314,0.579943034796582,0.40968105
0.383792,0.3597957215877433,0.1525789
0.285471,0.2894821973689318,0.13137539
0.40747556,0.3587730215263813,0.22317354
0.49882796,0.4522340871340452,0.40025285
0.45138186,0.4117056247023375,0.263651
0.41063225,0.3274286596457196,0.15951957
0.36007962,0.3295063897703834,0.15122107
0.3630182,0.2833677970020678,0.14051014
0.38979894,0.2980184778811087,0.17924853
0.45942667,0.40244668414680107,0.28178743
0.41061747,0.3984132939047976,0.29109043
0.5115651,0.4850989891059394,0.39893395
0.74503994,0.6089233365354002,0.6686681
0.32711768,0.281948016916881,0.12079722
0.40702865,0.25288249517294975,0.10200426
0.32153714,0.2516875751012545,0.09069878
0.6663517,0.6410721884643312,0.48038563
0.4329825,0.4618599677115981,0.36116073
0.3587939,0.2961444477686669,0.12754609
0.4351489,0.38541104312466257,0.21742986
0.3301642,0.2602092756125565,0.04992537
0.3867478,0.37180086230805176,0.20285057
0.6341318,0.5121318307279099,0.4971511
0.39232206,0.3512226210733573,0.087066084
0.3759041,0.288838117330287,0.0976868
0.16630152,0.4014718740883125,0.081972584
0.2877381,0.30637635838258154,0.18277866
0.48779145,0.4431486265889176,0.30582234
0.33222222,0.2777758366665502,0.124740094
0.31723458,0.3032155781929347,0.17714202
0.49493822,0.5657101039426062,0.39725876
0.5798725,0.5659610939576657,0.46533898
0.33292013,0.22793085367585122,0.06794743
0.32995367,0.3182335690940141,0.13166726
0.39447808,0.3482307408938445,0.19299611
0.33616453,0.31970556918233417,0.1363232
0.37758166,0.26306161578369697,0.13782795
0.31606805,0.31844626910677615,0.18582697
0.44992617,0.46255295775317745,0.33626944
0.5316451,0.48716857923011475,0.4064049
0.33980167,0.3046422782785367,0.14776179
0.38213402,0.3292746697564802,0.16868061
0.37918156,0.5109024906541494,0.31662914
0.44030088,0.37501027250061636,0.23534371
0.35143554,0.2686082861164972,0.058668423
0.36551523,0.37352579241154754,0.19173841
0.4703031,0.40958639457518364,0.15093067
0.28589803,0.268503266110196,0.16565575
0.4708419,0.25185721511143294,0.19256805
0.4793173,0.4835800290148018,0.33342355
0.49814928,0.39366927362015647,0.34365726
0.42363566,0.5700590942035456,0.35087922
0.3914672,0.29685343781120627,0.21432452
0.37407786,0.20096477205788632,0.07365285
0.47482762,0.44635414678124885,0.27064577
0.47485915,0.39351248361074903,0.3695726
0.33797508,0.25006295500377734,0.019148666
0.2917341,0.2765215765912946,0.037512172
0.50356084,0.3955549237332954,0.43510896
0.219248,0.26026991561619495,0.16408087
0.25527835,0.26331295579877734,0.06629102
0.3301941,0.29992185799531146,0.19002928
0.35501748,0.272810616368637,0.06265573
0.24380788,0.23909895434593728,0.15350753
0.43617666,0.36562957193777434,0.2451215
0.23082647,0.28377851702671103,0.1963851
0.39374995,0.225676433540586,0.09045461
0.3709079,0.0818703899122234,0.017208684
0.4230393,0.37357306241438376,0.21382861
0.37537986,0.328486849709211,0.17601345
0.42591047,0.3603637416218245,0.22105823
0.3518355,0.18241004094460248,0.06929989
0.3235672,0.31890651913439116,0.1689884
0.30930662,0.2233297233997834,0.09643869
0.42799798,0.4110262646615759,0.19366176
0.39055556,0.166350599981036,0.10824649
0.3033375,0.29446585766795147,0.075606
0.14072698,0.1330938379856303,0.10171378
0.34798068,0.24267075456024528,0.049006175
0.4490049,0.39651908379114503,0.2571259
0.35971582,0.3135053188103191,0.16785647
0.7544,0.6764614405876864,0.6765178
0.45644677,0.41725876503552595,0.29702353
0.46197906,0.4083190544991433,0.28445128
0.33648434,0.31520546891232815,0.17506066
0.32161397,0.24779427486765648,0.02429336
0.36553234,0.270731916243915,0.12985481
0.317619,0.2496347749780865,0.03717785
0.5241915,0.43033042581982556,0.41464028
0.3720283,0.34217950053077,0.19604804
0.36984554,0.23219335393160123,0.057107117
0.40138653,0.4740739484444369,0.30798155
0.31818616,0.24225686453541187,0.06703165
0.16739666,0.31332863879971834,0.19914894
0.4554468,0.42708357562501453,0.27637184
0.2270115,0.08517247911034875,0.031646308
0.371727,0.28474743708484623,0.15507895
0.4080421,0.3534891212093473,0.20729981
0.4461354,0.36801257208075433,0.17494288
0.39310834,0.3943462936607776,0.28197536
0.3117027,0.23925800435548028,0.09530559
0.46250367,0.4370392562223554,0.33129472
0.32268146,0.2612063756723826,0.104779825
0.49505717,0.4216245252974715,0.30518422
0.4238514,0.3538525212311513,0.2093036
0.80336154,0.7433138445988308,0.74046993
0.46958548,0.37189664231379854,0.36253464
0.4293975,0.313949898836994,0.19258589
0.35635048,0.2168305630098338,0.06642638
0.20779474,0.1585469295128158,0.050828334
0.3587073,0.31945101916706115,0.199384
0.3245901,0.29152975749178545,0.1443125
0.34024024,0.30498941829936516,0.12314072
0.5195906,0.5012718700763122,0.40086368
0.30768594,0.43233307593998455,0.20749526
0.4482817,0.4442880766572846,0.28076258
0.23813674,0.3092859585571575,0.19452247
0.5058919,0.47937786876267213,0.3517434
0.27601886,0.26975004618500276,0.06991242
0.39830193,0.3396206203772372,0.22079982
0.3313772,0.6556952393417144,0.23412935
0.5980247,0.5568200634092039,0.46669534
0.33721048,0.24046914442814868,0.108860865
0.29957336,0.2970321678219301,0.07293165
0.4200464,0.33948984036939045,0.1342455
0.43671253,0.3890791233447474,0.2394303
0.6419842,0.5683000340980021,0.50112015
0.48734757,0.40244218414653105,0.39489788
0.3602178,0.25420738525244313,0.108122885
0.26972947,0.2738313864298832,0.0636068
0.5583409,0.5312242818734569,0.44501808
0.41124517,0.18296657097799426,0.004998833
0.52155757,0.4100144246008655,0.17405072
0.45117447,0.4210979852658791,0.30185533
0.4384897,0.35746588144795294,0.289726
0.43527848,0.2901633574098014,0.18555787
0.3893126,0.24334454460067267,0.1661024
0.419722,0.45292028717521726,0.31479076
1.0,1.0,1.0
0.40058026,0.31454066887244014,0.20202573
0.36692047,0.3269509196170552,0.16372676
0.43793985,0.37625750257545015,0.23957895
0.32409865,0.3365496601929796,0.29366502
0.14716823,0.12662958759777526,0.07820976
0.4303061,0.385580683134841,0.1904227
0.29369247,0.39757075385424523,0.20762794
0.7880169,0.6478106388686383,0.81583273
0.51580656,0.3515864210951853,0.33385593
0.3796789,0.33602830016169805,0.10945998
0.8502902,0.8471321508279291,0.7876682
0.33321518,0.26898521613911297,0.08377075
0.12633647,0.21148401268904077,0.15031943
0.39502612,0.35990365159421905,0.20829274
0.26128823,0.273942816436569,0.16239792
0.56877196,0.9324483259468995,0.54001486
0.31711316,0.274525266471516,0.1600841
0.3056183,0.25973981558438897,0.053043533
0.21887319,0.2625990357559422,0.12711176
0.38705873,0.3371161702269702,0.20977129
0.4344351,0.3612722416763345,0.2122659
0.35123846,0.279312266758736,0.13905516
0.40870315,0.5148840308930419,0.33887956
0.3459269,0.24256064455363868,0.10218009
0.6933689,0.7406710844402651,0.60750604
0.33299178,0.2767410466044628,0.061398227
0.5449637,0.45807342748440566,0.4112652
0.26501924,0.2583721155023269,0.118041694
0.34820086,0.23636910418214627,0.051904615
0.44733468,0.39606016376360986,0.2966429
0.37420171,0.29973085798385146,0.16141278
0.2030817,0.17343205040592305,0.14414574
0.42680362,0.33779162026749726,0.26043394
0.47171655,0.3915976534958592,0.3983592
0.39161474,0.2785756467145388,0.14833187
0.46169692,0.4146679848800791,0.25100854
0.44497216,0.3956007037360422,0.2441035
0.3994395,0.2866979972018799,0.10787444
0.67444694,0.6180253370815203,0.53730637
0.34548843,0.26308161578489697,0.11220962
0.33355987,0.29996951799817106,0.10146466
0.6901169,0.6102930366175822,0.6060308
0.46876755,0.42573794554427674,0.2806559
0.2937356,0.2753905865234352,0.071838826
0.34276608,0.2519293551157613,0.070275575
0.56372607,0.6646017798761069,0.49014857
0.41342935,0.3581017514861051,0.25159782
0.46962953,0.4073192744391565,0.28103718
0.6875222,0.5860997351659841,0.5700187
0.41611096,0.4147348948840937,0.19961141
0.45520672,0.4204964552297873,0.24113165
0.43653238,0.3799505427970326,0.22515707
0.46771806,0.4042985942579157,0.27230483
0.28206325,0.2714313762858826,0.1321195
0.4094511,0.23615467416928046,0.1434131
0.3354736,0.2955322777319367,0.113435194
0.27764916,0.3118066387083983,0.10968682
0.3904683,0.3135855688151341,0.20261092
0.41045547,0.33036301982178123,0.19791959
0.370373,0.17793764067625845,0.14837448
0.23668224,0.2941690176501411,0.16340122
0.40845275,0.3223487193409232,0.14440301
0.5993099,0.49914322994859384,0.46829084
0.40088966,0.36236837174210235,0.20445438
0.38712728,0.3831969729918184,0.16831118
0.39740938,0.3555388913323335,0.23838584
0.40000692,0.34018715041122904,0.19555253
0.65197146,0.8618497517109852,0.6073172
0.5263957,0.42635782558146956,0.41321394
0.2964052,0.2670437860226272,0.019610252
0.42534056,0.32261821935709317,0.2900414
0.40597993,0.280041216802473,0.23563026
0.40747663,0.3177949990677,0.2108378
0.41035086,0.36700222202013333,0.22846307
0.31604588,0.279191716751503,0.13009392
0.49745578,0.45466669728000186,0.34981018
0.44842878,0.34700777082046624,0.26068097
0.26803488,0.3326912199614732,0.18712175
0.59764135,0.556097183365831,0.46379045
0.49551663,0.4700565282033917,0.3045636
0.3282,0.23481890408913425,0.014776338
0.6618979,0.6432263085935785,0.49429253
0.31640166,0.2508218450493107,0.08706246
0.6620692,0.5693443341606601,0.49909082
0.58762944,0.5899430853965851,0.43498915
0.4154431,0.3561516613690997,0.22915487
0.40139872,0.3599885215993113,0.3003661
0.6431432,0.566090233965414,0.4699116
0.34019566,0.3016487580989255,0.174297
0.3272915,0.23372133402328005,0.0338665
0.29716933,0.29088695745321747,0.08919479
0.34837976,0.2834120570047234,0.086492226
0.40906456,0.31869317912159073,0.22392474
0.37745655,0.26779283606757015,0.1435043
0.39023465,0.3084366785062007,0.11824159
0.30594665,0.2880358872821533,0.1376666
0.28309888,0.21621289297277357,0.11741975
0.38847202,0.3336898600213916,0.20380236
0.34700483,0.2507763650465819,0.121138126
0.30913597,0.18458111107486666,0.10578036
0.32882744,0.2752820465169228,0.10195729
0.41826844,0.42522075551324534,0.11482631
0.40080285,0.35431989125919344,0.22330762
0.26207328,0.2937127576227655,0.18387714
0.37141222,0.2525543751532625,0.07389146
0.5295422,0.4728851283731077,0.34257048
0.38288212,0.3541924212515453,0.19026975
0.62105495,0.5674924040495443,0.5151552
0.32807446,0.30362455821747353,0.180103
0.407652,0.333105199986312,0.19057302
0.46080148,0.3758752525525152,0.2846581
0.38777876,0.34468962068137726,0.12021685
0.3063232,0.2433535446012127,0.13646236
0.3649745,0.3614842516890551,0.26119244
0.3984521,0.29041911742514703,0.21144573
0.712764,0.7130353927821236,0.6111023
0.4752248,0.3629291217757473,0.30280778
0.5216579,0.4054525743271545,0.3682509
0.35879517,0.2799683967981038,0.10354793
0.16642332,0.4534846272090777,0.08843236
0.3867091,0.2562214153732849,0.11045775
0.39986664,0.3063005983780359,0.20256685
0.44595596,0.3980610638836638,0.16560692
0.39574736,0.4288825657329539,0.16090178
0.31776252,0.2696499361789962,0.09587325
0.33180332,0.2766066965964018,0.11259505
0.2843752,0.1900423914025435,0.09330867
0.51902044,0.452019567121174,0.35366046
0.35222188,0.26639096598345796,0.08112131
0.36719784,0.3127997187679831,0.16476713
0.32425997,0.264396865863812,0.11505382
0.39258358,0.2483842149030529,0.14179233
0.39605257,0.3581040714862443,0.16463545
0.3519562,0.28037045682222744,0.1260757
0.28478765,0.28501398710083925,0.08252369
0.39455828,0.20169596210175775,0.048635613
0.39820597,0.36274519176471154,0.17991205
0.09837739,0.31561814893708895,0.1271892
0.6090467,0.5255684315341059,0.4721457
0.45783016,0.42639967558398056,0.17502111
0.35835642,0.32364125941847555,0.21177582
0.65180445,0.558376933502616,0.55381787
0.32876122,0.22303980338238819,0.034117777
0.2978377,0.31463231887793913,0.20492522
0.36753556,0.35143722108623326,0.20394666
0.42845783,0.3872713932362836,0.23599617
0.5261933,0.44690227681413663,0.38340414
0.21668965,0.3294425197665512,0.18758419
0.4690278,0.40304556418273385,0.3113613
0.3668967,0.23687039421222364,0.06558326
0.37072963,0.35965572157934333,0.18290147
0.7338183,0.7142287928537275,0.6205051
0.53510284,0.46182922770975365,0.3106642
0.40312847,0.39528128371687704,0.17493792
0.33623296,0.35268043116082587,0.26009545
0.3766765,0.34017352041041127,0.19616747
0.5044803,0.43557556613453396,0.32988387
0.32038635,0.24295441457726488,0.079590246
0.28223938,0.2880631872837912,0.102799326
0.3965449,0.36714010202840613,0.2811916
0.3806982,0.14712492882749573,0.10196887
0.48839903,0.4100743446044607,0.30697954
0.64729667,0.5429655625779338,0.5613959
0.3867327,0.34568020074081207,0.11816941
0.3148489,0.29916308794978524,0.16362868
0.4622356,0.3814451928867116,0.30760822
0.43490323,0.3780672526840351,0.22830169
0.2963165,0.27430148645808916,0.05596258
0.33413485,0.39867122392027343,0.31053752
0.18656883,0.23090793385447603,0.10889663
0.40728995,0.3633754518025271,0.21319436
0.3487088,0.31088747865324873,0.18701313
0.3882922,0.37078687224721235,0.2240083
0.48251456,0.4371613862296832,0.19945905
0.313315,0.2784531567071894,0.13056801
0.3271461,0.2946838176810291,0.123454586
0.36509317,0.32757844965470695,0.17538494
0.48424363,0.42141076528464594,0.27387983
0.38580507,0.22013467320808042,0.13655604
0.41744024,0.3954023237241394,0.19368741
0.37913507,0.1905324114319447,0.0990279
0.37207645,0.3271083696265022,0.19800918
0.44162762,0.3017370181042211,0.05384809
0.50066876,0.43960112637606763,0.22375874
0.53102386,0.46378385782703146,0.39151508
0.28078455,0.28962983737779024,0.09471938
0.34380826,0.25420047525202855,0.12339561
0.35407937,0.30561811833708713,0.12612347
0.4291457,0.20953615257216918,0.14132528
0.4206214,0.3499454509967271,0.09901871
0.30760396,0.2463981647838899,0.0
0.25820822,0.2662282759736966,0.060771946
0.31808507,0.18408004104480247,0.1333895
0.5166503,0.42714944562896673,0.47344074
0.6660063,0.7473645448418726,0.5925511
0.446757,0.40373530422411824,0.15743507
0.33084232,0.2814671568880294,0.08324136
0.35995302,0.31097419865845194,0.094865486
0.23967862,0.3104928886295733,0.13793556
0.5263629,0.4175341250520475,0.36619705
0.44561616,0.37744122264647334,0.23256929
0.39653766,0.4372495062349704,0.2415271
0.51655763,0.43742792624567556,0.39521658
0.3510604,0.211669932700196,0.09269196
0.3700425,0.2572485354349121,0.12268388
0.36922792,0.22545241352714482,0.070332944
0.34806243,0.2683346761000806,0.07689665
0.33725786,0.2506901150414069,0.057263676
0.34026918,0.25046454502787274,0.088698655
0.5742228,0.5471364028281842,0.46026197
0.32545486,0.2763515865810952,0.10807015
0.4692705,0.4434624266077456,0.24996223
0.34828,0.16999466019967963,0.06713942
0.37772787,0.33802887028173223,0.18131821
0.62865925,0.5166751310005079,0.545868
0.38047487,0.2914685174881111,0.16068672
0.35860616,0.33988032039281924,0.27273434
0.46253556,0.3806171628370298,0.26429173
0.44532898,0.3361696801701808,0.23538701
0.4554666,0.40164318409859107,0.39081115
0.3975182,0.34167050050023,0.1754636
0.12234604,0.09043391542603493,0.07889378
0.37242192,0.31162948869776935,0.21476723
0.4345392,0.3302981798178908,0.2077462
0.44883057,0.39461668367700103,0.3177415
0.30683878,0.2731597563895854,0.09201823
0.35296828,0.29453648767218926,0.084391475
0.323906,0.25875665552539934,0.092758805
0.36651614,0.2965642977938579,0.09470776
0.55297065,0.39903462394207745,0.4420768
0.31133237,0.25961051557663095,0.06593835
0.46540213,0.39690872381452347,0.33433297
0.339454,0.2757809365468562,0.07919796
0.67816997,0.5766201345972081,0.57289046
0.3315486,0.22635804358148262,0.063325256
0.44754568,0.38256850295411016,0.28902778
0.38931173,0.2764139365848362,0.14185308
0.37400675,0.32954545977272764,0.11172785
0.5058009,0.5311406018684361,0.40873426
0.3315615,0.23358027401481646,0.07999359
0.29935157,0.3218287393097244,0.14829926
0.44266292,0.22747899364873964,0.0001835376
0.33212385,0.27126931627615897,0.14730793
0.31093317,0.2703093762185626,0.029252406
0.45222875,0.3956957437417446,0.2103538
0.2695655,0.283952717037163,0.057474565
0.4684583,0.4148334848900091,0.31117868
0.51230526,0.44906219694373184,0.32465234
0.36318266,0.3501405910084355,0.17694871
0.37413338,0.28902371734142307,0.1677877
0.36591113,0.22998785379927122,0.088700175
0.21634285,0.3043313782598827,0.19070262
0.4926441,0.4507662070459725,0.31094608
0.44226182,0.36407052184423133,0.28973344
0.36741215,0.18194879091692748,0.057338964
0.69408953,0.6131189367871362,0.59036213
0.33646595,0.3680942920856575,0.21807103
0.34223092,0.22671063360263802,0.084793195
0.4091854,0.3495858809751529,0.27641988
0.31354254,0.31176151870569113,0.12997547
0.33323205,0.28858779731526785,0.07053608
0.74834335,0.6059102763546167,0.5571412
0.641597,0.5739190944351458,0.50739247
0.37811542,0.3095483185728991,0.18448344
0.35989136,0.2941783876507033,0.18218085
0.63520044,0.5344705920682356,0.48715672
0.37887883,0.32689438961366335,0.17514247
0.39549416,0.34382322062939324,0.16098176
0.36175132,0.17570780054246804,0.08978489
0.48424774,0.5262416315744979,0.33236468
0.37700653,0.22973717378423042,0.049502786
0.35919225,0.3286529397191764,0.17916264
0.26855144,0.272067716324063,0.16199653
0.3033576,0.2984726879083613,0.20180483
0.3836752,0.2905453574327214,0.10738085
0.3705966,0.3325107899506474,0.14868516
0.31909147,0.2962569177754151,0.12324412
0.45585015,0.4627142277628537,0.28913268
0.363607,0.3098789685927381,0.10958864
0.36729032,0.3285631197137872,0.15303612
0.6986543,0.8520327511219651,0.66204923
0.4442343,0.5162008309720499,0.41228133
0.34315324,0.25590528535431717,0.019761745
0.5411959,0.4630702977842179,0.3859294
0.4249375,0.4233617254017035,0.26029015
0.36204696,0.3018187481091249,0.10386647
0.41154748,0.3808787228527234,0.2030947
0.5703933,0.5159759809585588,0.4046726
0.3724108,0.26284976577098595,0.033064585
0.34710738,0.3045547182732831,0.09810899
0.40139404,0.35685407141124426,0.20168714
0.3367817,0.26790304607418275,0.09689526
0.51238585,0.5123397307403839,0.3862623
0.4711938,0.4024014441440867,0.3460588
0.41378695,0.35240920114455204,0.20935561
0.53419256,0.6472529388351763,0.42596582
0.42324263,0.3547684512861071,0.2327912
0.38383442,0.29182851750971106,0.17972511
0.39839983,0.3261131795667908,0.17872845
0.58323765,0.493469749608185,0.45724788
0.700678,0.6387873383272402,0.63634473
0.2984345,0.29663397779803863,0.15163662
0.40105256,0.3870620932237256,0.25927725
0.5441869,0.4394302963658178,0.4142488
0.5701723,0.48900802934048176,0.35391858
0.4058815,0.36030812161848735,0.16059689
0.60545874,0.5184885311093119,0.43602425
0.4297641,0.4414807264888436,0.31697655
0.45083082,0.34964762097885727,0.19998807
0.37529066,0.34742182084530926,0.13290735
0.5501403,0.5275006316500379,0.27458796
0.43434632,0.36757172205430333,0.23810752
0.63467294,0.5165847809950869,0.5824715
0.26897696,0.28490079709404786,0.064576924
0.37144047,0.3335340800120448,0.17311512
0.47419128,0.4456002267360136,0.16837414
0.3342644,0.27269075636144535,0.040358875
0.36200768,0.23777721426663287,0.12990265
0.41813925,0.42698112561886753,0.32335407
0.40623897,0.30448223826893434,0.16045006
0.33225718,0.28256659695399583,0.1696081
0.34199053,0.25544936532696194,0.06016055
0.36283267,0.1674555100473306,0.11086573
0.50345147,0.4253861255231675,0.32458788
0.3836224,0.34581395074883703,0.24880578
0.34438482,0.29202063752123825,0.12093648
0.4472733,0.37011679220700755,0.25216472
0.39515555,0.24497239469834367,0.15960802
0.6506196,0.552278433136706,0.5075278
0.46076918,0.39743952384637143,0.295506
0.38085413,0.41216888473013313,0.25606984
0.42934737,0.38963046337782786,0.15073505
0.27813146,0.32674421960465316,0.15929714
0.47312358,0.47976052878563175,0.36060762
0.40036988,0.22945277376716644,0.048230637
0.081947915,0.17254114035246843,0.12065151
0.12905425,0.20625478237528697,0.12926659
0.4382626,0.3677610420656625,0.2189401
0.38540274,0.32870216972213023,0.08708462
0.33323252,0.24491011469460688,0.044476267
0.5025971,0.4428044265682656,0.3352375
0.5591395,0.535234482114069,0.43378276
0.42997396,0.3668952820137169,0.1519302
0.35745132,0.3053237983194279,0.13416053
0.40247008,0.2885683973141039,0.1835107
0.38229942,0.3231368893882134,0.12366615
0.39011896,0.34551164073069845,0.1346138
0.42352155,0.3914553734873224,0.14658198
0.38984382,0.2802652868159172,0.19118826
0.40004557,0.36348065180883915,0.13691576
0.42414433,0.3792131727527904,0.24695773
0.4121113,0.36596052195763135,0.28699324
0.56619304,0.5028720301723218,0.54500407
0.5654213,0.5080018304801098,0.41182303
0.37715036,0.20748724244923455,0.09084867
0.64867985,0.5625898337553901,0.63839996
0.3568471,0.3017891781073507,0.10962728
0.29075915,0.30578883834733034,0.09690519
0.31067395,0.21873188312391298,0.10129975
0.667004,0.6238686374321183,0.560363
0.40631768,0.3527917511675051,0.16974455
0.38932797,0.2484021949041317,0.09987113
0.3759055,0.34487160069229605,0.16943051
0.8032892,0.6877386412643185,0.6092462
0.30117577,0.32592851955571117,0.21440203
0.35058242,0.27919809675188584,0.09791911
0.22060207,0.1385952283157137,0.080464154
0.2616528,0.274267516456051,0.12532672
0.29175535,0.30040891802453507,0.08213596
0.37779343,0.15837994950279696,0.06365703
0.45277348,0.3747982624878958,0.18594168
0.54255223,0.49838137990288284,0.41944414
0.32759714,0.26551611593096697,0.085204974
0.30899143,0.28174157690449464,0.17003424
0.5080388,0.4150499249029955,0.3098737
0.3295686,0.2957185677431141,0.13284178
0.24446407,0.24151107449066447,0.09038085
0.40154305,0.3592583215554993,0.22026013
0.5907335,0.563491033809462,0.44436833
0.62982917,0.5925917955555078,0.4488789
0.3738377,0.3331890199913412,0.12462804
0.36159417,0.32596834955810094,0.14486122
0.44268146,0.3289725397383524,0.23910038
0.7546154,0.5469360728161643,0.68605745
0.54959613,0.46131422767885366,0.41608822
0.30480784,0.2670209860212592,0.116177216
0.35866553,0.26070894564253677,0.10562819
0.35353172,0.20401481224088874,0.07737395
0.49881607,0.4142754648565279,0.42849833
0.36533576,0.21293915277634917,0.0755174
0.3559296,0.2989432179365931,0.12154855
0.27000925,0.4149956948997417,0.22304003
0.43519744,0.3657571219454273,0.24790336
0.5473039,0.48195784891747095,0.43244928
0.44130394,0.36181678170900694,0.29116303
0.39206982,0.31477977888678677,0.18059085
0.34015924,0.3185275391116524,0.16554497
0.51533765,0.42267596536055796,0.36138943
0.40662214,0.35134055108043305,0.14358148
0.36805952,0.3068480184108811,0.16103491
0.39181432,0.3409672904580374,0.27671772
0.46565324,0.433503566010214,0.33438906
0.29182005,0.34209762052585724,0.1731334
0.6964208,0.7433606446016388,0.5987649
0.59967697,0.5067518704051122,0.467303
0.4518478,0.39523767371426044,0.24355425
0.47058964,0.4088521845311311,0.2627773
0.30770117,0.273358416401505,0.05451182
0.30393162,0.21482731288963877,0.0867255
0.36696747,0.12363133741788025,0.003568638
0.36794716,0.2716154962969298,0.078415155
0.5703074,0.4732170683930241,0.4000625
0.39062864,0.34311802058708124,0.23989727
0.3032446,0.30786351847181115,0.23447643
0.3036993,0.31253223875193437,0.1215208
0.39764842,0.323749149424949,0.17009313
0.45855504,0.3720480423228825,0.13551667
0.36304387,0.3174567390474044,0.1199756
0.30078226,0.2510379150622749,0.022471216
0.30319285,0.29474541768472506,0.062209774
0.4502477,0.39346072360764345,0.14871575
0.35511434,0.17851430071085805,0.06209458
0.43142185,0.3859861231591674,0.2142315
0.32917583,0.266656215999373,0.08800222
0.385473,0.3290963397457804,0.15622069
0.38596392,0.2966536177992171,0.16579024
0.40055302,0.33300013998000844,0.23590298
0.35544077,0.24465467467928048,0.06315938
0.30740577,0.26479028588741715,0.10785739
0.3472402,0.325578049534683,0.15626672
0.4451872,0.39847620390857225,0.13267654
0.44099116,0.35893997153639834,0.27172366
0.35540587,0.34297332057839924,0.15655574
0.42095143,0.3711647022698822,0.16405284
0.3020811,0.277898416673905,0.13251673
0.35995615,0.273581516414891,0.13162811
0.41069168,0.3696060421763625,0.23071797
0.35997266,0.15808310948498658,0.023606632
0.68813455,0.6545846892750814,0.5908812
0.3598063,0.3866610731996644,0.2559565
0.53119004,0.45172169710330184,0.34678608
0.37366092,0.25361503521690215,0.12314521
0.63510144,0.5678972940738376,0.5540238
0.6429702,0.5877970852678251,0.498768
0.457708,0.37909444274566656,0.26788998
0.36420977,0.27906145674368743,0.10822578
0.43521014,0.40132134407928066,0.22386755
0.37009275,0.2538917152335029,0.112060726
0.41379684,0.22345989340759362,0.08223003
0.48684818,0.510547930632876,0.40654278
0.16275588,0.21144460268667617,0.11170168
0.41603455,0.36818447209106836,0.2941588
0.32784918,0.2699970761998246,0.10169773
0.38934308,0.37395682243740935,0.224277
0.2981543,0.26176749570604974,0.09078279
0.4702823,0.4043720042623203,0.30831167
0.4006352,0.35633244137994646,0.13764045
0.35873926,0.28658969719538185,0.12656972
0.3864927,0.33460712007642723,0.18589056
0.4051704,0.24038730442323827,0.107945696
0.6759169,0.6252978375178703,0.53217095
0.31628862,0.24294626457677587,0.108786106
0.47971377,0.4106794846407691,0.34768644
0.3752025,0.22944195376651724,0.065724686
0.3091803,0.2944713976682839,0.042489503
0.118571565,0.18191492091489528,0.15133733
0.17795408,0.1659238399554304,0.09615275
0.4399073,0.3627310017638601,0.20284523
0.38455504,0.3333065399983924,0.21260528
0.49838653,0.3659522719571363,0.34794962
0.20508716,0.2804698468281908,0.17799576
0.50099736,0.378019082681145,0.26388428
0.51397675,0.5019812301188739,0.21576203
0.46570185,0.3922595235355714,0.2114635
0.30675507,0.2253247635194858,0.008076567
0.63119733,0.5476000628560038,0.46822932
0.36501873,0.33793296027597763,0.2536579
0.34131873,0.33941812036508723,0.18171194
0.26064387,0.3042918182575091,0.2081786
0.36563462,0.2710336862620212,0.17775396
0.3971873,0.30002151800129107,0.07175532
0.3131237,0.23134429388065766,0.053131033
0.42106754,0.37772288266337295,0.17102934
0.7086648,0.6451576387094583,0.66022885
0.3823552,0.2560118553607113,0.16134168
0.4765269,0.45017975701078544,0.39272788
0.3198067,0.2645896858753812,0.07458764
0.3174711,0.27362497641749856,0.10705517
0.4828884,0.4201527252091635,0.21293019
0.3497936,0.26384801583088097,0.05976248
0.22469893,0.29205204752312286,0.15887171
0.32335454,0.2736856764211406,0.12124954
0.3399005,0.28394489703669384,0.14876863
0.33891624,0.24217861453071687,0.10427813
0.28387207,0.3369738202184292,0.210162
0.4123953,0.3631088917865335,0.2263759
0.23532313,0.2764341965860518,0.15108548
0.33321354,0.434453066067184,0.27468088
0.4192349,0.335364300121858,0.23121046
0.42703,0.3523143211388593,0.097890526
0.42598116,0.35374089122445346,0.18628927
0.3946864,0.28866983732019025,0.15805106
0.31582314,0.23837099430225966,0.052612584
0.36986044,0.34333079059984745,0.18260686
0.47321242,0.4036014942160897,0.22500257
0.30066234,0.28607158716429526,0.075954214
0.31777117,0.22398565343913923,0.11427225
0.43387762,0.3585543215132593,0.18917125
0.43700552,0.3359740601584436,0.20841043
0.3280924,0.29047994742879685,0.097372875
0.72123563,0.839067350344041,0.70870113
0.5418918,0.46085452765127166,0.4809663
0.32145283,0.259961815597709,0.12583907
0.32314682,0.24009923440595407,0.06428127
0.5645799,0.5277434316646059,0.42331487
0.4586407,0.38229032293741944,0.25514796
0.3729617,0.31495364889721894,0.11225532
0.37136865,0.25696767541806054,0.20550822
0.77714825,0.6463832087829926,0.7200965
0.51967996,0.4997242699834562,0.21349503
0.46145564,0.4186401651184099,0.4073529
0.34864476,0.2518690351121421,0.11021596
0.4380107,0.33051247983074883,0.20300804
0.10799588,0.26658613599516817,0.127018
0.5047367,0.4713053982783239,0.21446307
0.50433123,0.44699872681992364,0.3179833
0.24280515,0.27003596620215803,0.16379206
0.4285411,0.4341684560501074,0.2718249
0.19876716,0.24263061455783688,0.13730486
0.37306538,0.27300743638044617,0.1542378
0.24537247,0.2842235770534146,0.14595161
0.43962583,0.3691662721499763,0.26024428
0.444611,0.40222922413375345,0.2986786
0.36532518,0.34330129059807746,0.15146649
0.29229474,0.23572014414320866,0.06352955
0.202802,0.34442060066523605,0.15318094
0.33250797,0.2997796379867783,0.108318746
0.2666082,0.3600566216033973,0.23160376
0.44774446,0.36004814160288856,0.22493662
0.3531531,0.3052669383160163,0.09137109
0.3878805,0.37552186253131176,0.26049206
0.46495977,0.4017669841060191,0.32395244
0.40909243,0.3914658634879518,0.26811868
0.39269042,0.14488634869318093,0.05166469
0.42183164,0.3582704014962241,0.27631107
0.34208015,0.3154057489243449,0.14340964
0.47630394,0.5162136909728215,0.352482
0.29492864,0.28845925730755545,0.16584907
0.59232926,0.4386422863185372,0.50612134
0.3309632,0.26165221569913294,0.1041041
0.3470863,0.332941049976463,0.14118211
0.31977206,0.2542597152555829,0.12673342
0.3437081,0.2508951150537069,0.037351426
0.42497134,0.3777700026662002,0.30648053
0.3869859,0.3503783510227011,0.22829978
0.33357254,0.18074891084493463,0.07905413
0.33474526,0.28714968722898127,0.09879565
0.17757492,0.26671288600277315,0.1374662
0.45696506,0.4121991647319499,0.33284467
0.38603973,0.3508131710487903,0.19656536
0.3909362,0.27252359635141576,0.14569634
0.45704398,0.35986992159219533,0.24346618
0.72524726,0.6375915382554923,0.64873147
0.36505032,0.2737413764244826,0.16817807
0.4288192,0.14268840856130452,0.00070696324
0.36446023,0.22732569363954164,0.10017747
0.3315341,0.40972265458335927,0.28654805
0.35256338,0.23776674426600466,0.10798983
0.6348598,0.7044504122670248,0.57118076
0.64408165,0.7414289444857366,0.5795143
0.38634455,0.24203301452198087,0.11485562
0.3487854,0.27326466639588,0.10505162
0.33019084,0.31807629908457796,0.13414274
0.38472098,0.3233783394027004,0.1384032
0.3910185,0.3609602716576163,0.17552073
0.32021847,0.24058359443501567,0.11218481
0.3692069,0.3043138582588315,0.11909108
0.35368827,0.3101616186096971,0.11503962
0.33777082,0.29130174747810483,0.119969055
0.30271366,0.30293528817611726,0.065890685
0.35282832,0.3031873181912391,0.119908735
0.4517017,0.42896332573779955,0.33324495
0.33292457,0.3164896589893796,0.12759101
0.297614,0.30289597817375874,0.15031977
0.6468222,0.5023970901438254,0.5699212
0.5629821,0.47748428864905734,0.3680737
0.3200227,0.4794302287658137,0.23285098
0.4097084,0.34355300061318006,0.1808043
0.33856773,0.23204459392267565,0.036026318
0.46515766,0.3873874732432484,0.27958447
0.3213024,0.2445162246709735,0.07949914
0.36496377,0.2444990146699409,0.08472027
0.4229841,0.2260703235642194,0.17369556
0.37903476,0.2636939458216368,0.05214459
0.3302798,0.36076595164595715,0.27308524
0.46187797,0.39444949366696963,0.3143392
0.34454992,0.3068641584118495,0.14460489
0.4494823,0.32998431979905923,0.24020801
0.35161066,0.2286316137178968,0.04240262
0.33445042,0.25800655548039336,0.0058588125
0.3140062,0.281153966869238,0.04903051
0.7080482,0.6643648398618904,0.6365023
0.017740235,0.12699305761958346,0.09583482
0.52840775,0.4232721253963275,0.37366712
0.35416284,0.5684497741069865,0.2439412
0.38465005,0.3743887224633234,0.27837145
0.49968958,0.4375067262504036,0.30463406
0.60536164,0.5105003306300199,0.21844958
0.4632823,0.3904215634252938,0.31001648
0.4104823,0.34688242081294524,0.18175584
0.42365482,0.3686197621171857,0.24978365
0.366029,0.26460839587650375,0.07634516
0.5419149,0.47708722862523373,0.3832396
0.4959571,0.4246645854798752,0.27909306
0.49373657,0.43633099617985976,0.36711216
0.39186567,0.3468983408139004,0.17499323
0.5450817,0.5666678340000701,0.4340541
0.29552162,0.1413696784821807,0.052561965
0.743379,0.7658883759533026,0.6208071
0.34175026,0.29042036742522204,0.0973416
0.30351862,0.2478677748720665,0.081865236
0.4200937,0.3682664220959853,0.31956187
0.5884081,0.6699361401961684,0.47303602
0.51842976,0.42174062530443757,0.38740894
0.60220826,0.5236816714209003,0.51182395
0.38867313,0.3576264014575841,0.19876204
0.69443,0.5954428357265702,0.5954792
0.34093451,0.28590323715419425,0.0949402
0.33941275,0.23093648385618903,0.06321421
0.36989358,0.2916757675005461,0.14888716
0.4821535,0.41204432472265945,0.25757092
0.36241716,0.3882213432932806,0.25749284
0.24280688,0.283591317015479,0.17503242
0.4415905,0.37756344265380654,0.2507535
0.51094925,0.5504948330296899,0.38092315
0.2739674,0.28543171712590304,0.061555777
0.3220287,0.2713768362826102,0.11238879
0.31477553,0.2749173464950408,0.14772095
0.23459446,0.28446458706787525,0.17834084
0.7496463,0.8875319932519197,0.65201706
0.2975589,0.270214216212853,0.16997622
0.4381008,0.42121764527305877,0.32232836
0.27111092,0.26189537571372257,0.10458721
0.33351642,0.24019387441163248,0.08902444
0.3466227,0.2518413151104789,0.09307732
0.36306676,0.34321932059315924,0.17969517
0.48751292,0.4030206441812387,0.31216258
0.66079295,0.5436530326191821,0.5741627
0.88607717,0.7372857442371448,0.84947616
0.33256704,0.2467576748054605,0.04383805
0.17472683,0.276245916574755,0.11690508
