ID,AFP,Input,Output,Enquiry,File,Interface,Added,Changed,Deleted,PDR_AFP,PDR_UFP,NPDR_AFP,NPDU_UFP,Duration,N_effort,Resource_1,Resource_2,Resource_3,Resource_4,Dev.Type_0,MI_N_effort_AFP,MI_N_effort_PDR_AFP,MI_N_effort_NPDU_UFP,MI_N_effort_Added,MI_N_effort_PDR_UFP,MI_N_effort_Enquiry,MI_N_effort_NPDR_AFP,MI_N_effort_Input,MI_N_effort_Duration,MI_N_effort_File,MI_N_effort_Changed,MI_N_effort_Output,MI_N_effort_Resource_1,MI_N_effort_Resource_2,MI_AFP_PDR_AFP,Effort
1,1587,774,260,340,128,0,1502,0,0,4.7,5.0,4.7,5.0,4.0,7490,0,0,0,1,1,11886630,35203.0,37450.0,11249980,37450.0,2546600,35203.0,5797260,29960.0,958720,0,1947400,0,0,7458.900000000001,7490
2,260,9,4,3,193,41,51,138,61,16.0,16.6,16.0,16.6,17.0,4150,0,1,0,0,1,1079000,66400.0,68890.0,211650,68890.0,12450,66400.0,37350,70550.0,800950,572700,16600,0,4150,4160.0,4150
3,152,25,33,28,42,35,163,0,0,4.4,4.1,4.4,4.1,9.0,668,1,0,0,0,1,101536,2939.2000000000003,2738.7999999999997,108884,2738.7999999999997,18704,2939.2000000000003,16700,6012.0,28056,0,22044,668,0,668.8000000000001,668
4,252,151,28,8,39,0,69,153,4,12.8,14.3,15.5,17.3,4.0,3901,1,0,0,0,1,983052,49932.8,67487.3,269169,55784.3,31208,60465.5,589051,15604.0,152139,596853,109228,3901,0,3225.6000000000004,3238
5,292,93,0,194,20,0,0,307,0,10.3,9.8,12.4,11.7,13.0,3607,1,0,0,0,1,1053244,37152.100000000006,42201.899999999994,0,35348.600000000006,699758,44726.8,335451,46891.0,72140,1107349,0,3607,0,3007.6000000000004,2994
6,83,63,0,24,0,0,0,87,0,16.1,15.3,19.3,18.5,4.0,1606,1,0,0,0,1,133298,25856.600000000002,29711.0,0,24571.800000000003,38544,30995.800000000003,101178,6424.0,0,139722,0,1606,0,1336.3000000000002,1333
7,79,24,0,23,30,0,0,77,0,20.3,20.9,24.5,25.1,6.0,1936,1,0,0,0,1,152944,39300.8,48593.600000000006,0,40462.399999999994,44528,47432.0,46464,11616.0,58080,149072,0,1936,0,1603.7,1607
8,97,0,108,7,0,5,120,0,0,11.9,9.7,11.9,9.7,7.0,1158,0,1,0,0,1,112326,13780.2,11232.599999999999,138960,11232.599999999999,8106,13780.2,0,8106.0,0,0,125064,0,1158,1154.3,1158
9,116,0,23,58,14,20,81,34,0,10.7,10.8,12.9,13.0,6.0,1498,1,0,0,0,1,173768,16028.599999999999,19474.0,121338,16178.400000000001,86884,19324.2,0,8988.0,20972,50932,34454,1498,0,1241.1999999999998,1243
10,52,39,7,0,0,0,0,46,0,64.8,73.3,78.1,88.3,7.0,4063,1,0,0,0,1,211276,263282.39999999997,358762.89999999997,0,297817.89999999997,0,317320.3,158457,28441.0,0,186898,28441,4063,0,3369.6,3372
11,465,209,129,24,83,15,460,0,0,21.9,22.2,21.9,22.2,9.0,10200,1,0,0,0,1,4743000,223380.0,226440.0,4692000,226440.0,244800,223380.0,2131800,91800.0,846600,0,1315800,10200,0,10183.5,10200
12,67,32,5,16,7,0,25,35,0,25.4,28.4,30.6,34.2,7.0,2053,1,0,0,0,1,137551,52146.2,70212.6,51325,58305.2,32848,62821.8,65696,14371.0,14371,71855,10265,2053,0,1701.8,1704
13,199,0,115,57,0,42,214,0,0,13.3,12.3,15.2,14.2,7.0,3034,0,1,0,0,1,603766,40352.200000000004,43082.799999999996,649276,37318.200000000004,172938,46116.799999999996,0,21238.0,0,0,348910,0,3034,2646.7000000000003,2640
14,176,13,54,54,40,7,168,0,0,19.0,19.9,19.0,19.9,26.0,3348,1,0,0,0,1,589248,63612.0,66625.2,562464,66625.2,180792,63612.0,43524,87048.0,133920,0,180792,3348,0,3344.0,3348
15,391,208,26,81,25,0,38,302,0,1.7,2.0,2.1,2.4,7.0,814,1,0,0,0,1,318274,1383.8,1953.6,30932,1628.0,65934,1709.4,169312,5698.0,20350,245828,21164,814,0,664.6999999999999,676
16,263,65,45,101,42,10,176,87,0,3.5,3.5,3.5,3.5,3.0,911,1,0,0,0,1,239593,3188.5,3188.5,160336,3188.5,92011,3188.5,59215,2733.0,38262,79257,40995,911,0,920.5,911
17,42,12,15,3,7,15,52,0,0,59.4,48.0,59.4,48.0,6.4,2496,1,0,0,0,1,104832,148262.4,119808.0,129792,119808.0,7488,148262.4,29952,15974.400000000001,17472,0,37440,2496,0,2494.7999999999997,2496
18,190,98,20,16,63,5,160,42,0,6.2,5.8,6.2,5.8,10.0,1171,1,0,0,0,1,222490,7260.2,6791.8,187360,6791.8,18736,7260.2,114758,11710.0,73773,49182,23420,1171,0,1178.0,1171
19,245,105,28,18,58,0,19,190,0,14.4,16.9,14.4,16.9,13.0,3532,1,0,0,0,1,865340,50860.8,59690.799999999996,67108,59690.799999999996,63576,50860.8,370860,45916.0,204856,671080,98896,3532,0,3528.0,3532
20,77,28,0,42,0,0,0,70,0,5.7,6.2,6.8,7.5,1.0,525,1,0,0,0,1,40425,2992.5,3937.5,0,3255.0,22050,3570.0,14700,525.0,0,36750,0,525,0,438.90000000000003,436
21,355,278,0,73,0,0,0,351,0,2.6,2.6,3.1,3.1,4.0,1095,1,0,0,0,1,388725,2847.0,3394.5,0,2847.0,79935,3394.5,304410,4380.0,0,384345,0,1095,0,923.0,909
22,3156,2075,525,97,0,0,28,12,2657,2.9,3.4,3.5,4.1,6.0,10957,1,0,0,0,1,34580292,31775.3,44923.7,306796,37253.799999999996,1062829,38349.5,22735775,65742.0,0,131484,5752425,10957,0,9152.4,9094
23,46,0,28,0,25,0,28,25,0,7.5,6.5,7.5,6.5,6.0,344,1,0,0,0,1,15824,2580.0,2236.0,9632,2236.0,0,2580.0,0,2064.0,8600,8600,9632,344,0,345.0,344
24,56,14,12,15,7,5,53,0,0,5.3,5.6,5.3,5.6,3.0,296,0,0,0,1,1,16576,1568.8,1657.6,15688,1657.6,4440,1568.8,4144,888.0,2072,0,3552,0,0,296.8,296
25,106,65,4,12,14,0,35,53,7,33.0,36.9,39.8,44.4,13.0,4220,1,0,0,0,1,447320,139260.0,187368.0,147700,155718.0,50640,167956.0,274300,54860.0,59080,223660,16880,4220,0,3498.0,3503
26,71,31,28,9,7,0,31,23,21,3.5,3.3,4.2,3.9,1.0,296,1,0,0,0,1,21016,1036.0,1154.3999999999999,9176,976.8,2664,1243.2,9176,296.0,2072,6808,8288,296,0,248.5,246
27,306,51,105,0,105,45,306,0,0,6.8,6.8,6.8,6.8,24.0,2082,0,1,0,0,1,637092,14157.6,14157.6,637092,14157.6,0,14157.6,106182,49968.0,218610,0,218610,0,2082,2080.7999999999997,2082
28,244,68,78,22,62,14,244,0,0,0.8,0.8,0.8,0.8,7.0,191,0,0,0,1,1,46604,152.8,152.8,46604,152.8,4202,152.8,12988,1337.0,11842,0,14898,0,0,195.20000000000002,191
29,98,21,46,3,44,0,114,0,0,30.3,26.1,36.6,31.4,15.0,3583,1,0,0,0,1,351134,108564.90000000001,112506.2,408462,93516.3,10749,131137.80000000002,75243,53745.0,157652,0,164818,3583,0,2969.4,2974
30,331,100,44,61,107,0,312,0,0,1.0,1.1,1.2,1.3,2.0,395,1,0,0,0,1,130745,395.0,513.5,123240,434.50000000000006,24095,474.0,39500,790.0,42265,0,17380,395,0,331.0,328
31,101,16,5,39,52,0,112,0,0,4.0,3.6,4.0,3.6,8.0,406,1,0,0,0,1,41006,1624.0,1461.6000000000001,45472,1461.6000000000001,15834,1624.0,6496,3248.0,21112,0,2030,406,0,404.0,406
32,192,9,102,0,10,77,198,0,0,9.3,9.0,11.2,10.9,8.0,2151,1,0,0,0,1,412992,20004.300000000003,23445.9,425898,19359.0,0,24091.199999999997,19359,17208.0,21510,0,219402,2151,0,1785.6000000000001,1785
33,60,39,4,0,14,10,39,22,6,7.9,7.0,7.9,7.0,8.0,471,0,1,0,0,1,28260,3720.9,3297.0,18369,3297.0,0,3720.9,18369,3768.0,6594,10362,1884,0,471,474.0,471
34,180,74,18,33,57,0,153,29,0,3.9,3.8,3.9,3.8,5.0,700,0,1,0,0,1,126000,2730.0,2660.0,107100,2660.0,23100,2730.0,51800,3500.0,39900,20300,12600,0,700,702.0,700
35,118,43,71,7,0,0,38,83,0,4.9,4.8,5.9,5.8,2.0,698,1,0,0,0,1,82364,3420.2000000000003,4048.4,26524,3350.4,4886,4118.2,30014,1396.0,0,57934,49558,698,0,578.2,579
36,73,43,10,4,15,0,6,66,0,16.6,16.8,20.0,20.3,3.0,1459,1,0,0,0,1,106507,24219.4,29617.7,8754,24511.2,5836,29180.0,62737,4377.0,21885,96294,14590,1459,0,1211.8000000000002,1211
37,143,63,0,27,45,0,14,121,0,8.0,8.4,9.6,10.2,4.0,1372,1,0,0,0,1,196196,10976.0,13994.4,19208,11524.800000000001,37044,13171.199999999999,86436,5488.0,61740,166012,0,1372,0,1144.0,1139
38,2190,706,648,236,235,0,1825,0,0,6.6,8.0,7.6,9.1,19.0,16690,0,1,0,0,1,36551100,110154.0,151879.0,30459250,133520.0,3938840,126844.0,11783140,317110.0,3922150,0,10815120,0,16690,14454.0,14520
39,9,0,10,0,0,0,5,5,0,26.6,23.9,26.6,23.9,2.0,239,1,0,0,0,1,2151,6357.400000000001,5712.099999999999,1195,5712.099999999999,0,6357.400000000001,0,478.0,0,1195,2390,239,0,239.4,239
40,203,21,167,3,10,0,201,0,0,6.2,6.3,7.5,7.6,5.0,1520,1,0,0,0,1,308560,9424.0,11552.0,305520,9576.0,4560,11400.0,31920,7600.0,15200,0,253840,1520,0,1258.6000000000001,1262
41,162,64,36,9,28,20,157,0,0,10.8,11.2,10.8,11.2,8.0,1754,1,0,0,0,1,284148,18943.2,19644.8,275378,19644.8,15786,18943.2,112256,14032.0,49112,0,63144,1754,0,1749.6000000000001,1754
42,183,60,21,29,71,0,181,0,0,8.3,8.4,10.0,10.1,6.0,1824,1,0,0,0,1,333792,15139.2,18422.399999999998,330144,15321.6,52896,18240.0,109440,10944.0,129504,0,38304,1824,0,1518.9,1514
43,59,36,21,0,0,0,6,51,0,11.3,11.7,13.6,14.1,8.0,804,1,0,0,0,1,47436,9085.2,11336.4,4824,9406.8,0,10934.4,28944,6432.0,0,41004,16884,804,0,666.7,667
44,412,198,14,99,91,10,412,0,0,14.2,14.2,14.2,14.2,20.0,5864,1,0,0,0,1,2415968,83268.8,83268.8,2415968,83268.8,580536,83268.8,1161072,117280.0,533624,0,82096,5864,0,5850.4,5864
45,348,198,14,33,77,0,10,312,0,2.8,3.0,3.4,3.6,3.0,1172,1,0,0,0,1,407856,3281.6,4219.2,11720,3516.0,38676,3984.7999999999997,232056,3516.0,90244,365664,16408,1172,0,974.4,973
46,2529,554,513,66,703,220,2056,0,0,2.1,2.6,2.1,2.6,13.0,5333,0,1,0,0,1,13487157,11199.300000000001,13865.800000000001,10964648,13865.800000000001,351978,11199.300000000001,2954482,69329.0,3749099,0,2735829,0,5333,5310.900000000001,5333
47,250,28,92,57,0,30,164,43,0,7.1,8.6,7.1,8.6,8.0,1775,0,1,0,0,1,443750,12602.5,15265.0,291100,15265.0,101175,12602.5,49700,14200.0,0,76325,163300,0,1775,1775.0,1775
48,206,0,199,0,0,5,100,104,0,1.0,1.0,1.2,1.2,5.0,246,1,0,0,0,1,50676,246.0,295.2,24600,246.0,0,295.2,0,1230.0,0,25584,48954,246,0,206.0,204
49,617,184,136,103,133,0,377,179,0,5.1,5.7,6.1,6.8,7.0,3793,1,0,0,0,1,2340281,19344.3,25792.399999999998,1429961,21620.100000000002,390679,23137.3,697912,26551.0,504469,678947,515848,3793,0,3146.7,3148
50,173,0,78,10,17,72,177,0,0,50.4,49.2,60.7,59.3,12.0,10501,1,0,0,0,1,1816673,529250.4,622709.2999999999,1858677,516649.2,105010,637410.7000000001,0,126012.0,178517,0,819078,10501,0,8719.199999999999,8716
51,286,45,156,27,37,0,265,0,0,5.1,5.5,5.1,5.5,6.0,1464,1,0,0,0,1,418704,7466.4,8052.0,387960,8052.0,39528,7466.4,65880,8784.0,54168,0,228384,1464,0,1458.6,1464
52,52,13,17,6,10,5,20,16,15,26.1,26.6,31.5,32.1,2.0,1636,1,0,0,0,1,85072,42699.600000000006,52515.600000000006,32720,43517.600000000006,9816,51534.0,21268,3272.0,16360,26176,27812,1636,0,1357.2,1358
53,45,6,28,0,0,25,59,0,0,6.2,4.8,6.2,4.8,7.0,281,0,1,0,0,1,12645,1742.2,1348.8,16579,1348.8,0,1742.2,1686,1967.0,0,0,7868,0,281,279.0,281
54,104,30,7,48,15,0,0,100,0,22.3,23.2,26.9,28.0,5.0,2796,1,0,0,0,1,290784,62350.8,78288.0,0,64867.2,134208,75212.4,83880,13980.0,41940,279600,19572,2796,0,2319.2000000000003,2321
55,465,234,44,104,118,0,431,15,54,8.7,8.1,10.5,9.8,13.0,4884,1,0,0,0,1,2271060,42490.799999999996,47863.200000000004,2105004,39560.4,507936,51282.0,1142856,63492.0,576312,73260,214896,4884,0,4045.4999999999995,4054
56,2145,862,63,491,518,300,2234,0,0,1.1,1.1,1.1,1.1,84.0,2400,0,0,0,1,1,5148000,2640.0,2640.0,5361600,2640.0,1178400,2640.0,2068800,201600.0,1243200,0,151200,0,0,2359.5,2400
57,283,20,125,39,91,17,292,0,0,20.0,19.3,20.0,19.3,13.0,5650,1,0,0,0,1,1598950,113000.0,109045.0,1649800,109045.0,220350,113000.0,113000,73450.0,514150,0,706250,5650,0,5660.0,5650
58,109,0,84,0,17,5,47,59,0,14.0,14.4,16.9,17.3,2.0,1837,1,0,0,0,1,200233,25718.0,31780.100000000002,86339,26452.8,0,31045.299999999996,0,3674.0,31229,108383,154308,1837,0,1526.0,1525
59,160,0,21,72,25,40,74,68,16,3.0,3.0,3.6,3.6,2.0,575,1,0,0,0,1,92000,1725.0,2070.0,42550,1725.0,41400,2070.0,0,1150.0,14375,39100,12075,575,0,480.0,477
60,65,0,64,0,0,0,54,10,0,7.7,7.9,9.3,9.5,2.0,606,1,0,0,0,1,39390,4666.2,5757.0,32724,4787.400000000001,0,5635.8,0,1212.0,0,6060,38784,606,0,500.5,503
61,366,160,27,96,72,0,260,84,11,23.1,23.9,27.9,28.7,10.0,10205,1,0,0,0,1,3735030,235735.5,292883.5,2653300,243899.5,979680,284719.5,1632800,102050.0,734760,857220,275535,10205,0,8454.6,8470
62,63,18,10,3,28,0,16,43,0,12.3,13.2,14.9,15.9,3.0,937,1,0,0,0,1,59031,11525.1,14898.300000000001,14992,12368.4,2811,13961.300000000001,16866,2811.0,26236,40291,9370,937,0,774.9000000000001,778
63,309,126,13,59,153,30,381,0,0,8.4,6.8,8.4,6.8,7.5,2597,0,0,0,1,1,802473,21814.8,17659.6,989457,17659.6,153223,21814.8,327222,19477.5,397341,0,33761,0,0,2595.6,2597
64,610,137,174,117,147,0,575,0,0,1.6,1.7,1.6,1.7,3.0,950,1,0,0,0,1,579500,1520.0,1615.0,546250,1615.0,111150,1520.0,130150,2850.0,139650,0,165300,950,0,976.0,950
65,562,165,125,93,119,0,502,0,0,10.2,11.4,10.2,11.4,13.0,5727,0,0,1,0,1,3218574,58415.399999999994,65287.8,2874954,65287.8,532611,58415.399999999994,944955,74451.0,681513,0,715875,0,0,5732.4,5727
66,156,21,38,39,7,41,146,0,0,13.1,14.0,15.8,16.8,4.0,2458,1,0,0,0,1,383448,32199.8,41294.4,358868,34412.0,95862,38836.4,51618,9832.0,17206,0,93404,2458,0,2043.6,2040
67,75,30,5,19,21,0,40,35,0,49.0,49.0,59.1,59.1,8.0,4430,1,0,0,0,1,332250,217070.0,261813.0,177200,217070.0,84170,261813.0,132900,35440.0,93030,155050,22150,4430,0,3675.0,3677
68,136,42,64,0,21,0,0,127,0,4.2,4.5,5.1,5.4,2.0,687,1,0,0,0,1,93432,2885.4,3709.8,0,3091.5,0,3503.7,28854,1374.0,14427,87249,43968,687,0,571.2,570
69,96,13,56,0,10,40,119,0,0,12.7,10.3,47.2,38.1,8.0,4530,0,1,0,0,1,434880,57531.0,172593.0,539070,46659.0,0,213816.0,58890,36240.0,45300,0,253680,0,4530,1219.1999999999998,1223
70,78,24,24,9,21,0,78,0,0,12.5,12.5,13.9,13.9,4.0,1084,1,0,0,0,1,84552,13550.0,15067.6,84552,13550.0,9756,15067.6,26016,4336.0,22764,0,26016,1084,0,975.0,976
71,51,42,0,14,0,0,20,36,0,7.6,6.9,9.1,8.3,12.0,466,1,0,0,0,1,23766,3541.6,3867.8,9320,3215.4,6524,4240.599999999999,19572,5592.0,0,16776,0,466,0,387.59999999999997,387
72,1092,356,84,170,669,21,1300,0,0,4.0,3.4,4.9,4.1,13.0,5320,1,0,0,0,1,5809440,21280.0,21811.999999999996,6916000,18088.0,904400,26068.000000000004,1893920,69160.0,3559080,0,446880,5320,0,4368.0,4416
73,134,42,11,32,35,14,134,0,0,2.1,2.1,2.6,2.6,8.0,345,1,0,0,0,1,46230,724.5,897.0,46230,724.5,11040,897.0,14490,2760.0,12075,0,3795,345,0,281.40000000000003,286
74,75,24,9,0,36,0,0,69,0,4.1,4.4,4.9,5.3,5.0,367,1,0,0,0,1,27525,1504.6999999999998,1945.1,0,1614.8000000000002,0,1798.3000000000002,8808,1835.0,13212,25323,3303,367,0,307.5,305
75,88,18,20,0,43,0,36,45,0,1.5,1.6,1.8,1.9,7.0,155,1,0,0,0,1,13640,232.5,294.5,5580,248.0,0,279.0,2790,1085.0,6665,6975,3100,155,0,132.0,129
76,3088,1061,1009,772,241,5,544,2544,0,1.4,1.4,1.4,1.4,8.0,4266,1,0,0,0,1,13173408,5972.4,5972.4,2320704,5972.4,3293352,5972.4,4526226,34128.0,1028106,10852704,4304394,4266,0,4323.2,4266
77,82,25,46,0,14,15,100,0,0,5.4,4.4,5.4,4.4,3.0,440,1,0,0,0,1,36080,2376.0,1936.0000000000002,44000,1936.0000000000002,0,2376.0,11000,1320.0,6160,0,20240,440,0,442.8,440
78,110,30,66,0,7,0,18,85,0,12.4,13.2,12.4,13.2,2.0,1362,1,0,0,0,1,149820,16888.8,17978.399999999998,24516,17978.399999999998,0,16888.8,40860,2724.0,9534,115770,89892,1362,0,1364.0,1362
79,308,153,83,0,112,10,236,122,0,8.2,7.1,8.2,7.1,6.0,2533,0,1,0,0,1,780164,20770.6,17984.3,597788,17984.3,0,20770.6,387549,15198.0,283696,309026,210239,0,2533,2525.6,2533
80,143,75,32,3,62,0,172,0,0,1.6,1.3,1.6,1.3,10.0,225,1,0,0,0,1,32175,360.0,292.5,38700,292.5,675,360.0,16875,2250.0,13950,0,7200,225,0,228.8,225
81,826,292,326,155,32,0,396,139,270,13.4,13.7,13.4,13.7,13.0,11045,1,0,0,0,1,9123170,148003.0,151316.5,4373820,151316.5,1711975,148003.0,3225140,143585.0,353440,1535255,3600670,11045,0,11068.4,11045
82,3460,484,1831,318,208,142,2756,227,0,9.5,11.0,9.5,11.0,24.0,32760,0,0,0,1,1,113349600,311220.0,360360.0,90286560,360360.0,10417680,311220.0,15855840,786240.0,6814080,7436520,59983560,0,0,32870.0,32760
83,73,15,32,0,28,5,80,0,0,28.1,25.7,33.9,30.9,8.0,2475,1,0,0,0,1,180675,69547.5,76477.5,198000,63607.5,0,83902.5,37125,19800.0,69300,0,79200,2475,0,2051.3,2054
84,64,4,56,0,7,0,11,56,0,3.9,3.8,3.9,3.8,7.0,252,1,0,0,0,1,16128,982.8,957.5999999999999,2772,957.5999999999999,0,982.8,1008,1764.0,1764,14112,14112,252,0,249.6,252
85,497,122,28,113,273,10,454,92,0,4.8,4.3,4.8,4.3,8.0,2362,0,1,0,0,1,1173914,11337.6,10156.6,1072348,10156.6,266906,11337.6,288164,18896.0,644826,217304,66136,0,2362,2385.6,2362
86,288,201,0,36,76,0,99,214,0,8.5,7.9,10.3,9.5,5.0,2963,1,0,0,0,1,853344,25185.5,28148.5,293337,23407.7,106668,30518.9,595563,14815.0,225188,634082,0,2963,0,2448.0,2459
87,494,134,62,140,91,67,494,0,0,17.6,17.6,17.6,17.6,21.0,8706,1,0,0,0,1,4300764,153225.6,153225.6,4300764,153225.6,1218840,153225.6,1166604,182826.0,792246,0,539772,8706,0,8694.400000000001,8706
88,130,60,65,0,0,0,14,111,0,5.9,6.2,5.9,6.2,6.0,770,1,0,0,0,1,100100,4543.0,4774.0,10780,4774.0,0,4543.0,46200,4620.0,0,85470,50050,770,0,767.0,770
89,204,47,43,6,29,104,229,0,0,39.8,35.4,39.8,35.4,36.0,8111,1,0,0,0,1,1654644,322817.8,287129.39999999997,1857419,287129.39999999997,48666,322817.8,381217,291996.0,235219,0,348773,8111,0,8119.2,8111
90,17,12,5,0,0,0,17,0,0,44.8,44.8,44.8,44.8,11.0,762,1,0,0,0,1,12954,34137.6,34137.6,12954,34137.6,0,34137.6,9144,8382.0,0,0,3810,762,0,761.5999999999999,762
91,60,10,25,0,31,5,71,0,0,2.3,1.9,2.7,2.3,1.0,164,1,0,0,0,1,9840,377.2,377.2,11644,311.59999999999997,0,442.8,1640,164.0,5084,0,4100,164,0,138.0,136
92,73,0,20,36,10,0,56,10,0,4.9,5.4,5.9,6.5,1.0,431,1,0,0,0,1,31463,2111.9,2801.5,24136,2327.4,15516,2542.9,0,431.0,4310,4310,8620,431,0,357.70000000000005,358
93,169,32,14,25,28,70,169,0,0,2.8,2.8,3.4,3.4,6.0,580,1,0,0,0,1,98020,1624.0,1972.0,98020,1624.0,14500,1972.0,18560,3480.0,16240,0,8120,580,0,473.2,481
94,1351,379,449,271,219,20,1173,29,136,2.4,2.4,2.8,2.9,8.0,3842,1,0,0,0,1,5190542,9220.8,11141.8,4506666,9220.8,1041182,10757.599999999999,1456118,30736.0,841398,111418,1725058,3842,0,3242.4,3189
95,2087,862,444,303,437,0,2046,0,0,10.8,11.0,10.8,11.0,9.0,22500,0,0,0,1,1,46957500,243000.00000000003,247500.0,46035000,247500.0,6817500,243000.00000000003,19395000,202500.0,9832500,0,9990000,0,0,22539.600000000002,22500
96,253,72,0,107,29,44,252,0,0,46.3,46.3,49.8,49.8,13.0,12601,1,0,0,0,1,3188053,583426.2999999999,627529.7999999999,3175452,583426.2999999999,1348307,627529.7999999999,907272,163813.0,365429,0,0,12601,0,11713.9,11719
97,102,37,26,10,29,0,102,0,0,1.8,1.8,2.4,2.4,5.0,244,1,0,0,0,1,24888,439.2,585.6,24888,439.2,2440,585.6,9028,1220.0,7076,0,6344,244,0,183.6,183
98,115,49,39,0,15,0,53,50,0,12.9,14.4,15.5,17.3,5.0,1786,1,0,0,0,1,205390,23039.4,30897.800000000003,94658,25718.4,0,27683.0,87514,8930.0,26790,89300,69654,1786,0,1483.5,1482
99,288,18,186,21,15,60,300,0,0,4.3,4.2,4.3,4.2,11.0,1251,0,1,0,0,1,360288,5379.3,5254.2,375300,5254.2,26271,5379.3,22518,13761.0,18765,0,232686,0,1251,1238.3999999999999,1251
100,199,104,7,77,0,0,0,188,0,4.7,5.0,5.7,6.0,8.0,1136,1,0,0,0,1,226064,5339.2,6816.0,0,5680.0,87472,6475.2,118144,9088.0,0,213568,7952,1136,0,935.3000000000001,943
101,163,49,14,33,49,10,155,0,0,16.5,17.3,19.8,20.9,11.0,3234,1,0,0,0,1,527142,53361.0,67590.59999999999,501270,55948.200000000004,106722,64033.200000000004,158466,35574.0,158466,0,45276,3234,0,2689.5,2684
102,97,21,41,0,49,15,16,100,10,7.5,5.8,7.5,5.8,9.0,729,0,1,0,0,1,70713,5467.5,4228.2,11664,4228.2,0,5467.5,15309,6561.0,35721,72900,29889,0,729,727.5,729
103,439,82,222,19,85,10,105,313,0,8.3,8.7,8.3,8.7,7.0,3630,1,0,0,0,1,1593570,30129.000000000004,31580.999999999996,381150,31580.999999999996,68970,30129.000000000004,297660,25410.0,308550,1136190,805860,3630,0,3643.7000000000003,3630
104,3113,2019,609,248,157,80,3113,0,0,10.9,10.9,13.5,13.5,24.0,42080,1,0,0,0,1,130995040,458672.0,568080.0,130995040,458672.0,10435840,568080.0,84959520,1009920.0,6606560,0,25626720,42080,0,33931.700000000004,34085
105,153,35,7,57,24,20,143,0,0,18.7,20.0,21.5,23.0,3.0,3283,0,1,0,0,1,502299,61392.1,75509.0,469469,65660.0,187131,70584.5,114905,9849.0,78792,0,22981,0,3283,2861.1,2856
106,670,346,97,122,79,0,146,498,0,8.6,8.9,10.4,10.8,6.0,6936,1,0,0,0,1,4647120,59649.6,74908.8,1012656,61730.4,846192,72134.40000000001,2399856,41616.0,547944,3454128,672792,6936,0,5762.0,5757
107,129,19,93,3,10,30,0,155,0,4.9,4.1,4.9,4.1,15.0,631,0,1,0,0,1,81399,3091.9,2587.1,0,2587.1,1893,3091.9,11989,9465.0,6310,97805,58683,0,631,632.1,631
108,329,324,68,14,0,0,206,73,127,6.6,5.4,6.6,5.4,8.0,2184,0,1,0,0,1,718536,14414.4,11793.6,449904,11793.6,30576,14414.4,707616,17472.0,0,159432,148512,0,2184,2171.4,2184
109,5684,2221,454,820,1137,311,4943,0,0,3.7,4.3,3.7,4.3,37.0,21014,1,0,0,0,1,119443576,77751.8,90360.2,103872202,90360.2,17231480,77751.8,46672094,777518.0,23892918,0,9540356,21014,0,21030.8,21014
110,61,27,4,24,17,0,72,0,0,6.8,5.8,8.2,7.0,4.0,502,1,0,0,0,1,30622,3413.6,3514.0,36144,2911.6,12048,4116.4,13554,2008.0,8534,0,2008,502,0,414.8,417
111,267,27,133,51,34,89,70,178,86,10.0,8.0,10.0,8.0,9.0,2683,0,1,0,0,1,716361,26830.0,21464.0,187810,21464.0,136833,26830.0,72441,24147.0,91222,477574,356839,0,2683,2670.0,2683
112,218,78,16,56,77,0,227,0,0,25.4,24.4,30.6,29.4,4.0,6665,1,0,0,0,1,1452970,169291.0,195951.0,1512955,162626.0,373240,203949.0,519870,26660.0,513205,0,106640,6665,0,5537.2,5532
113,919,458,236,56,58,76,884,0,0,5.2,5.4,6.3,6.6,6.0,5801,1,0,0,0,1,5331119,30165.2,38286.6,5128084,31325.4,324856,36546.299999999996,2656858,34806.0,336458,0,1369036,5801,0,4778.8,4815
114,66,27,12,6,14,0,28,31,0,3.7,4.2,4.5,5.0,2.0,296,1,0,0,0,1,19536,1095.2,1480.0,8288,1243.2,1776,1332.0,7992,592.0,4144,9176,3552,296,0,244.20000000000002,246
115,54,36,0,16,0,0,0,52,0,12.7,13.2,15.3,15.9,1.0,827,1,0,0,0,1,44658,10502.9,13149.300000000001,0,10916.4,13232,12653.1,29772,827.0,0,43004,0,827,0,685.8,686
116,245,88,105,27,79,0,299,0,0,1.9,1.6,3.6,2.9,13.0,870,1,0,0,0,1,213150,1653.0,2523.0,260130,1392.0,23490,3132.0,76560,11310.0,68730,0,91350,870,0,465.5,470
117,54,24,28,0,0,0,0,52,0,7.3,7.6,8.8,9.2,2.0,476,1,0,0,0,1,25704,3474.7999999999997,4379.2,0,3617.6,0,4188.8,11424,952.0,0,24752,13328,476,0,394.2,395
118,151,40,54,15,21,0,111,19,0,7.2,8.3,8.2,9.5,3.0,1241,0,1,0,0,1,187391,8935.2,11789.5,137751,10300.300000000001,18615,10176.199999999999,49640,3723.0,26061,23579,67014,0,1241,1087.2,1080
119,103,45,4,27,29,0,105,0,0,13.6,13.3,13.6,13.3,7.0,1396,0,1,0,0,1,143788,18985.6,18566.8,146580,18566.8,37692,18985.6,62820,9772.0,40484,0,5584,0,1396,1400.8,1396
120,300,95,82,27,76,0,138,142,0,9.8,10.5,9.8,10.5,10.0,2933,1,0,0,0,1,879900,28743.4,30796.5,404754,30796.5,79191,28743.4,278635,29330.0,222908,416486,240506,2933,0,2940.0,2933
121,249,126,4,98,21,0,58,191,0,18.3,18.3,18.3,18.3,9.0,4551,1,0,0,0,1,1133199,83283.3,83283.3,263958,83283.3,445998,83283.3,573426,40959.0,95571,869241,18204,4551,0,4556.7,4551
122,224,156,21,0,29,10,6,210,0,13.4,13.9,16.1,16.7,4.0,3613,1,0,0,0,1,809312,48414.200000000004,60337.1,21678,50220.700000000004,0,58169.3,563628,14452.0,104777,758730,75873,3613,0,3001.6,2999
123,1984,255,1008,192,158,0,1613,0,0,1.3,1.6,1.3,1.6,11.0,2540,0,1,0,0,1,5039360,3302.0,4064.0,4097020,4064.0,487680,3302.0,647700,27940.0,401320,0,2560320,0,2540,2579.2000000000003,2540
124,58,15,37,0,0,5,0,57,0,0.4,0.5,0.5,0.5,2.0,31,1,0,0,0,1,1798,12.4,15.5,0,15.5,0,15.5,465,62.0,0,1767,1147,31,0,23.200000000000003,26
125,56,50,0,3,0,0,0,53,0,8.0,8.5,9.6,10.2,2.0,540,1,0,0,0,1,30240,4320.0,5508.0,0,4590.0,1620,5184.0,27000,1080.0,0,28620,0,540,0,448.0,448
126,244,91,12,44,60,50,257,0,0,3.7,3.5,4.5,4.2,3.0,1092,1,0,0,0,1,266448,4040.4,4586.400000000001,280644,3822.0,48048,4914.0,99372,3276.0,65520,0,13104,1092,0,902.8000000000001,906
127,12,0,0,6,7,0,10,3,0,17.6,16.2,17.6,16.2,13.0,211,0,1,0,0,1,2532,3713.6000000000004,3418.2,2110,3418.2,1266,3713.6000000000004,0,2743.0,1477,633,0,0,211,211.20000000000002,211
128,1416,402,432,0,252,65,376,775,0,1.2,1.5,1.2,1.5,12.0,1724,0,1,0,0,1,2441184,2068.7999999999997,2586.0,648224,2586.0,0,2068.7999999999997,693048,20688.0,434448,1336100,744768,0,1724,1699.2,1724
129,67,3,26,0,7,35,71,0,0,23.6,22.3,27.2,25.6,5.0,1821,0,1,0,0,1,122007,42975.600000000006,46617.600000000006,129291,40608.3,0,49531.2,5463,9105.0,12747,0,47346,0,1821,1581.2,1584
130,95,36,0,32,24,0,0,92,0,1.6,1.6,1.9,1.9,7.0,178,1,0,0,0,1,16910,284.8,338.2,0,284.8,5696,338.2,6408,1246.0,4272,16376,0,178,0,152.0,148
131,2376,638,233,639,580,131,2221,0,0,10.7,11.5,12.9,13.8,24.0,30701,1,0,0,0,1,72945576,328500.69999999995,423673.80000000005,68186921,353061.5,19617939,396042.9,19587238,736824.0,17806580,0,7153333,30701,0,25423.199999999997,25482
132,442,225,102,57,91,0,82,393,0,1.5,1.4,1.5,1.4,5.0,683,1,0,0,0,1,301886,1024.5,956.1999999999999,56006,956.1999999999999,38931,1024.5,153675,3415.0,62153,268419,69666,683,0,663.0,683
133,68,21,12,19,15,0,11,56,0,37.1,37.6,44.7,45.3,4.0,3037,1,0,0,0,1,206516,112672.7,137576.1,33407,114191.2,57703,135753.9,63777,12148.0,45555,170072,36444,3037,0,2522.8,2521
134,268,76,96,45,41,10,248,20,0,10.9,10.9,10.9,10.9,9.0,2933,0,1,0,0,1,786044,31969.7,31969.7,727384,31969.7,131985,31969.7,222908,26397.0,120253,58660,281568,0,2933,2921.2000000000003,2933
135,90,96,0,0,0,0,96,0,0,5.5,5.1,6.6,6.2,2.0,595,1,0,0,0,1,53550,3272.5,3689.0,57120,3034.5,0,3927.0,57120,1190.0,0,0,0,595,0,495.0,494
136,72,23,25,7,17,0,55,17,0,6.8,6.8,6.8,6.8,7.0,486,1,0,0,0,1,34992,3304.7999999999997,3304.7999999999997,26730,3304.7999999999997,3402,3304.7999999999997,11178,3402.0,8262,8262,12150,486,0,489.59999999999997,486
137,505,111,127,18,216,0,472,0,0,9.8,10.5,9.8,10.5,30.0,4955,1,0,0,0,1,2502275,48559.0,52027.5,2338760,52027.5,89190,48559.0,550005,148650.0,1070280,0,629285,4955,0,4949.0,4955
138,450,112,145,59,105,0,356,58,7,13.6,14.6,13.6,14.6,7.0,6138,1,0,0,0,1,2762100,83476.8,89614.8,2185128,89614.8,362142,83476.8,687456,42966.0,644490,356004,890010,6138,0,6120.0,6138
139,230,129,38,46,57,0,230,40,0,6.3,5.4,7.6,6.5,10.0,1748,1,0,0,0,1,402040,11012.4,11362.0,402040,9439.2,80408,13284.8,225492,17480.0,99636,69920,66424,1748,0,1449.0,1451
140,242,97,78,4,43,0,0,222,0,1.3,1.4,1.5,1.7,2.0,375,1,0,0,0,1,90750,487.5,637.5,0,525.0,1500,562.5,36375,750.0,16125,83250,29250,375,0,314.6,311
141,106,21,76,6,0,0,7,96,0,23.1,23.7,27.8,28.6,2.0,2946,1,0,0,0,1,312276,68052.6,84255.6,20622,69820.2,17676,81898.8,61866,5892.0,0,282816,223896,2946,0,2448.6000000000004,2445
142,31,10,14,0,7,0,4,27,0,7.6,7.6,7.6,7.6,6.0,237,1,0,0,0,1,7347,1801.1999999999998,1801.1999999999998,948,1801.1999999999998,0,1801.1999999999998,2370,1422.0,1659,6399,3318,237,0,235.6,237
143,1186,422,306,109,168,230,1235,0,0,3.1,3.0,3.1,3.0,9.0,3711,0,0,1,0,1,4401246,11504.1,11133.0,4583085,11133.0,404499,11504.1,1566042,33399.0,623448,0,1135566,0,0,3676.6,3711
144,256,69,198,0,0,5,272,0,0,11.5,10.8,11.5,10.8,19.0,2941,0,1,0,0,1,752896,33821.5,31762.800000000003,799952,31762.800000000003,0,33821.5,202929,55879.0,0,0,582318,0,2941,2944.0,2941
145,191,44,60,15,49,25,159,34,0,12.7,12.6,12.7,12.6,11.0,2430,0,1,0,0,1,464130,30861.0,30618.0,386370,30618.0,36450,30861.0,106920,26730.0,119070,82620,145800,0,2430,2425.7,2430
146,213,102,63,6,28,0,186,13,0,11.9,12.7,14.3,15.3,10.0,3051,1,0,0,0,1,649863,36306.9,46680.3,567486,38747.7,18306,43629.3,311202,30510.0,85428,39663,192213,3051,0,2534.7000000000003,2532
147,4562,1098,1278,498,1059,0,3933,0,0,5.8,6.7,5.8,6.7,15.0,26408,1,0,0,0,1,120473296,153166.4,176933.6,103862664,176933.6,13151184,153166.4,28995984,396120.0,27966072,0,33749424,26408,0,26459.6,26408
148,141,44,33,44,17,0,5,133,0,8.8,9.0,10.6,10.9,2.0,1499,1,0,0,0,1,211359,13191.2,16339.1,7495,13491.0,65956,15889.4,65956,2998.0,25483,199367,49467,1499,0,1240.8000000000002,1244
149,187,23,65,17,91,5,201,0,0,3.0,2.8,3.6,3.4,6.0,677,1,0,0,0,1,126599,2031.0,2301.7999999999997,136077,1895.6,11509,2437.2000000000003,15571,4062.0,61607,0,44005,677,0,561.0,562
150,128,45,0,68,0,15,128,0,0,25.8,25.8,56.1,56.1,10.0,7180,1,0,0,0,1,919040,185244.0,402798.0,919040,185244.0,488240,402798.0,323100,71800.0,0,0,0,7180,0,3302.4,3303
151,194,70,16,0,45,47,46,132,0,2.6,2.8,3.6,3.9,12.0,703,1,0,0,0,1,136382,1827.8,2741.7,32338,1968.3999999999999,0,2530.8,49210,8436.0,31635,92796,11248,703,0,504.40000000000003,499
152,869,288,300,116,230,0,934,0,0,2.4,2.2,2.4,2.2,6.0,2078,0,0,1,0,1,1805782,4987.2,4571.6,1940852,4571.6,241048,4987.2,598464,12468.0,477940,0,623400,0,0,2085.6,2078
153,125,51,9,33,22,0,20,84,11,18.6,20.2,22.4,24.4,3.0,2802,1,0,0,0,1,350250,52117.200000000004,68368.8,56040,56600.4,92466,62764.799999999996,142902,8406.0,61644,235368,25218,2802,0,2325.0,2326
154,477,235,117,89,46,10,172,218,107,5.7,5.5,5.7,5.5,6.0,2741,1,0,0,0,1,1307457,15623.7,15075.5,471452,15075.5,243949,15623.7,644135,16446.0,126086,597538,320697,2741,0,2718.9,2741
155,717,716,13,10,24,0,51,712,0,4.9,4.6,6.0,5.6,5.0,4272,1,0,0,0,1,3063024,20932.800000000003,23923.199999999997,217872,19651.199999999997,42720,25632.0,3058752,21360.0,102528,3041664,55536,4272,0,3513.3,3546
156,25,0,28,0,0,0,0,28,0,5.6,5.0,5.6,5.0,3.0,140,1,0,0,0,1,3500,784.0,700.0,0,700.0,0,784.0,0,420.0,0,3920,3920,140,0,140.0,140
157,73,9,61,3,0,0,73,0,0,19.2,19.2,19.2,19.2,8.0,1404,1,0,0,0,1,102492,26956.8,26956.8,102492,26956.8,4212,26956.8,12636,11232.0,0,0,85644,1404,0,1401.6,1404
158,100,61,0,0,0,42,28,75,0,9.3,9.0,11.2,10.9,12.0,1119,1,0,0,0,1,111900,10406.7,12197.1,31332,10071.0,0,12532.8,68259,13428.0,0,83925,0,1119,0,930.0000000000001,929
159,273,103,183,15,17,0,318,0,0,1.9,1.7,1.9,1.7,5.0,528,0,0,1,0,1,144144,1003.1999999999999,897.6,167904,897.6,7920,1003.1999999999999,54384,2640.0,8976,0,96624,0,0,518.6999999999999,528
160,587,108,119,94,203,0,524,0,0,6.4,7.2,6.4,7.2,15.0,3748,0,0,1,0,1,2200076,23987.2,26985.600000000002,1963952,26985.600000000002,352312,23987.2,404784,56220.0,760844,0,446012,0,0,3756.8,3748
161,1437,920,154,41,203,0,1318,0,0,3.4,3.7,3.4,3.7,18.0,4900,0,0,0,1,1,7041300,16660.0,18130.0,6458200,18130.0,200900,16660.0,4508000,88200.0,994700,0,754600,0,0,4885.8,4900
162,97,3,101,3,0,7,108,6,0,19.1,16.3,19.1,16.3,12.0,1853,0,1,0,0,1,179741,35392.3,30203.9,200124,30203.9,5559,35392.3,5559,22236.0,0,11118,187153,0,1853,1852.7,1853
163,224,110,25,6,49,5,195,0,0,12.9,14.8,14.8,17.0,13.0,3322,0,1,0,0,1,744128,42853.8,56474.0,647790,49165.600000000006,19932,49165.600000000006,365420,43186.0,162778,0,83050,0,3322,2889.6,2890
164,321,168,46,9,77,15,315,0,0,3.4,3.4,3.4,3.4,11.0,1076,0,0,0,1,1,345396,3658.4,3658.4,338940,3658.4,9684,3658.4,180768,11836.0,82852,0,49496,0,0,1091.3999999999999,1076
165,99,6,4,19,59,10,98,0,0,24.1,24.4,29.1,29.3,4.0,2876,1,0,0,0,1,284724,69311.6,84266.8,281848,70174.4,54644,83691.6,17256,11504.0,169684,0,11504,2876,0,2385.9,2387
166,416,179,40,54,109,7,318,65,6,3.8,4.1,4.6,4.9,6.0,1911,1,0,0,0,1,794976,7261.799999999999,9363.900000000001,607698,7835.099999999999,103194,8790.599999999999,342069,11466.0,208299,124215,76440,1911,0,1580.8,1586
167,71,21,21,4,14,5,25,40,0,14.0,15.3,16.9,18.5,4.0,1201,1,0,0,0,1,85271,16814.0,22218.5,30025,18375.3,4804,20296.899999999998,25221,4804.0,16814,48040,25221,1201,0,994.0,997
168,120,60,48,12,0,0,12,108,0,1.8,1.8,1.8,1.8,5.0,212,1,0,0,0,1,25440,381.6,381.6,2544,381.6,2544,381.6,12720,1060.0,0,22896,10176,212,0,216.0,212
169,213,72,43,3,84,30,132,97,3,6.0,5.5,6.0,5.5,12.0,1278,0,1,0,0,1,272214,7668.0,7029.0,168696,7029.0,3834,7668.0,92016,15336.0,107352,123966,54954,0,1278,1278.0,1278
170,1634,625,387,223,399,0,1634,0,0,4.3,4.3,4.3,4.3,12.0,7060,0,1,0,0,1,11536040,30358.0,30358.0,11536040,30358.0,1574380,30358.0,4412500,84720.0,2816940,0,2732220,0,7060,7026.2,7060
171,275,184,11,48,7,0,7,243,0,2.6,2.8,2.6,2.8,9.0,702,1,0,0,0,1,193050,1825.2,1965.6,4914,1965.6,33696,1825.2,129168,6318.0,4914,170586,7722,702,0,715.0,702
172,458,202,66,75,115,0,458,0,0,2.0,2.0,2.0,2.0,16.0,903,1,0,0,0,1,413574,1806.0,1806.0,413574,1806.0,67725,1806.0,182406,14448.0,103845,0,59598,903,0,916.0,903
173,218,28,118,44,0,10,91,109,0,31.0,33.8,37.4,40.8,8.0,8151,1,0,0,0,1,1776918,252681.0,332560.8,741741,275503.8,358644,304847.39999999997,228228,65208.0,0,888459,961818,8151,0,6758.0,6765
174,498,107,132,7,77,122,445,0,0,16.5,18.5,16.5,18.5,19.0,8227,0,0,1,0,1,4097046,135745.5,152199.5,3661015,152199.5,57589,135745.5,880289,156313.0,633479,0,1085964,0,0,8217.0,8227
175,143,54,65,0,14,0,11,122,0,2.3,2.5,2.8,3.0,4.0,402,1,0,0,0,1,57486,924.5999999999999,1206.0,4422,1005.0,0,1125.6,21708,1608.0,5628,49044,26130,402,0,328.9,334
176,722,163,0,202,237,20,622,0,0,5.8,6.7,5.8,6.7,9.0,4164,1,0,0,0,1,3006408,24151.2,27898.8,2590008,27898.8,841128,24151.2,678732,37476.0,986868,0,0,4164,0,4187.599999999999,4164
177,236,27,192,12,37,0,268,0,0,29.0,25.5,29.0,25.5,15.0,6844,0,1,0,0,1,1615184,198476.0,174522.0,1834192,174522.0,82128,198476.0,184788,102660.0,253228,0,1314048,0,6844,6844.0,6844
178,239,39,70,18,62,55,244,0,0,6.9,6.8,6.9,6.8,10.0,1661,0,1,0,0,1,396979,11460.900000000001,11294.8,405284,11294.8,29898,11460.900000000001,64779,16610.0,102982,0,116270,0,1661,1649.1000000000001,1661
179,1882,711,589,218,442,0,1960,0,0,3.2,3.1,3.2,3.1,10.0,6068,0,1,0,0,1,11419976,19417.600000000002,18810.8,11893280,18810.8,1322824,19417.600000000002,4314348,60680.0,2682056,0,3574052,0,6068,6022.400000000001,6068
180,291,188,29,0,69,37,323,0,0,20.8,18.8,22.4,20.2,14.0,6519,0,1,0,0,1,1897029,135595.2,131683.8,2105637,122557.20000000001,0,146025.59999999998,1225572,91266.0,449811,0,189051,0,6519,6052.8,6063
181,328,124,71,61,66,0,322,0,0,2.0,2.1,2.0,2.1,13.0,665,1,0,0,0,1,218120,1330.0,1396.5,214130,1396.5,40565,1330.0,82460,8645.0,43890,0,47215,665,0,656.0,665
182,264,126,7,50,84,0,267,0,0,2.1,2.0,2.1,2.0,6.0,544,1,0,0,0,1,143616,1142.4,1088.0,145248,1088.0,27200,1142.4,68544,3264.0,45696,0,3808,544,0,554.4,544
183,270,54,42,53,91,30,270,0,0,3.3,3.3,3.3,3.3,6.0,893,1,0,0,0,1,241110,2946.8999999999996,2946.8999999999996,241110,2946.8999999999996,47329,2946.8999999999996,48222,5358.0,81263,0,37506,893,0,891.0,893
184,32,0,7,12,0,10,29,0,0,11.0,12.1,11.0,12.1,2.5,352,1,0,0,0,1,11264,3872.0,4259.2,10208,4259.2,4224,3872.0,0,880.0,0,0,2464,352,0,352.0,352
185,1382,353,245,7,581,253,1439,0,0,2.4,2.3,2.4,2.3,8.0,3344,0,0,0,1,1,4621408,8025.599999999999,7691.2,4812016,7691.2,23408,8025.599999999999,1180432,26752.0,1942864,0,819280,0,0,3316.7999999999997,3344
186,98,45,5,19,28,0,94,3,0,4.1,4.2,5.0,5.0,1.0,487,1,0,0,0,1,47726,1996.6999999999998,2435.0,45778,2045.4,9253,2435.0,21915,487.0,13636,1461,2435,487,0,401.79999999999995,404
187,289,3,100,0,66,145,314,0,0,19.8,18.3,19.8,18.3,8.0,5732,0,1,0,0,1,1656548,113493.6,104895.6,1799848,104895.6,0,113493.6,17196,45856.0,378312,0,573200,0,5732,5722.2,5732
188,1059,299,234,144,217,60,954,0,0,21.6,24.0,24.9,27.6,17.0,26345,0,1,0,0,1,27899355,569052.0,727122.0,25133130,632280.0,3793680,655990.5,7877155,447865.0,5716865,0,6164730,0,26345,22874.4,22920
189,724,331,12,189,164,0,530,142,24,13.0,13.5,15.7,16.3,9.0,11336,1,0,0,0,1,8207264,147368.0,184776.80000000002,6008080,153036.0,2142504,177975.19999999998,3752216,102024.0,1859104,1609712,136032,11336,0,9412.0,9409
190,40,10,22,0,17,0,49,0,0,7.1,5.8,7.1,5.8,4.0,285,0,0,0,1,1,11400,2023.5,1653.0,13965,1653.0,0,2023.5,2850,1140.0,4845,0,6270,0,0,284.0,285
191,128,72,18,24,7,0,4,117,0,10.1,10.7,12.2,12.9,3.0,1558,1,0,0,0,1,199424,15735.8,20098.2,6232,16670.6,37392,19007.6,112176,4674.0,10906,182286,28044,1558,0,1292.8,1293
192,1248,249,262,146,423,15,1095,0,0,12.2,13.8,12.2,13.8,12.0,15165,0,0,0,1,1,18925920,185013.0,209277.0,16605675,209277.0,2214090,185013.0,3776085,181980.0,6414795,0,3973230,0,0,15225.599999999999,15165
193,387,109,118,67,90,7,391,0,0,8.5,8.4,10.2,10.1,17.0,3960,1,0,0,0,1,1532520,33660.0,39996.0,1548360,33264.0,265320,40392.0,431640,67320.0,356400,0,467280,3960,0,3289.5,3287
194,73,0,65,0,0,5,19,44,7,10.5,10.9,12.6,13.1,3.0,920,1,0,0,0,1,67160,9660.0,12052.0,17480,10028.0,0,11592.0,0,2760.0,0,40480,59800,920,0,766.5,764
195,151,22,0,68,47,0,32,105,0,14.5,16.0,17.5,19.3,3.0,2643,1,0,0,0,1,399093,38323.5,51009.9,84576,42288.0,179724,46252.5,58146,7929.0,124221,277515,0,2643,0,2189.5,2194
196,465,48,162,0,196,37,443,0,0,4.3,4.5,5.2,5.5,4.0,2427,1,0,0,0,1,1128555,10436.1,13348.5,1075161,10921.5,0,12620.4,116496,9708.0,475692,0,393174,2427,0,1999.5,2014
197,63,29,0,9,24,0,62,0,0,13.1,13.3,15.8,16.1,4.0,996,1,0,0,0,1,62748,13047.6,16035.600000000002,61752,13246.800000000001,8964,15736.800000000001,28884,3984.0,23904,0,0,996,0,825.3,827
198,226,88,70,19,28,0,92,106,7,11.1,12.2,11.1,12.2,10.0,2508,1,0,0,0,1,566808,27838.8,30597.6,230736,30597.6,47652,27838.8,220704,25080.0,70224,265848,175560,2508,0,2508.6,2508
199,115,76,11,28,0,0,10,105,0,1.7,1.7,1.7,1.7,1.5,201,1,0,0,0,1,23115,341.7,341.7,2010,341.7,5628,341.7,15276,301.5,0,21105,2211,201,0,195.5,201
200,189,39,112,3,28,0,0,182,0,3.0,3.1,3.0,3.1,15.0,563,0,1,0,0,1,106407,1689.0,1745.3,0,1745.3,1689,1689.0,21957,8445.0,15764,102466,63056,0,563,567.0,563
201,55,52,0,6,0,0,58,0,0,9.7,9.2,11.7,11.1,11.0,643,1,0,0,0,1,35365,6237.099999999999,7137.3,37294,5915.599999999999,3858,7523.099999999999,33436,7073.0,0,0,0,643,0,533.5,534
202,85,12,44,0,24,0,12,68,0,12.2,13.0,14.7,15.7,4.0,1252,1,0,0,0,1,106420,15274.4,19656.399999999998,15024,16276.0,0,18404.399999999998,15024,5008.0,30048,85136,55088,1252,0,1037.0,1039
203,2143,219,657,3,485,437,1801,0,0,20.2,24.0,24.3,29.0,7.0,52172,1,0,0,0,1,111804596,1053874.4,1512988.0,93961772,1252128.0,156516,1267779.6,11425668,365204.0,25303420,0,34277004,52172,0,43288.6,43303
204,520,181,160,9,55,25,430,0,0,6.0,7.3,6.0,7.3,8.0,3133,0,1,0,0,1,1629160,18798.0,22870.899999999998,1347190,22870.899999999998,28197,18798.0,567073,25064.0,172315,0,501280,0,3133,3120.0,3133
205,113,25,34,16,27,0,38,64,0,15.9,17.7,18.3,20.3,3.0,2070,0,1,0,0,1,233910,32913.0,42021.0,78660,36639.0,33120,37881.0,51750,6210.0,55890,132480,70380,0,2070,1796.7,1801
206,264,85,17,26,133,0,157,98,6,10.0,10.1,12.0,12.2,6.0,3180,1,0,0,0,1,839520,31800.0,38796.0,499260,32118.0,82680,38160.0,270300,19080.0,422940,311640,54060,3180,0,2640.0,2639
207,349,162,24,18,112,30,342,4,0,6.8,6.8,6.8,6.8,4.0,2360,0,1,0,0,1,823640,16048.0,16048.0,807120,16048.0,42480,16048.0,382320,9440.0,264320,9440,56640,0,2360,2373.2,2360
208,229,88,5,0,17,131,241,0,0,11.0,10.5,12.7,12.0,5.0,2897,0,1,0,0,1,663413,31867.0,34764.0,698177,30418.5,0,36791.9,254936,14485.0,49249,0,14485,0,2897,2519.0,2520
209,172,88,40,4,30,7,169,0,0,10.4,10.6,10.4,10.6,5.0,1788,0,0,0,1,1,307536,18595.2,18952.8,302172,18952.8,7152,18595.2,157344,8940.0,53640,0,71520,0,0,1788.8,1788
210,323,108,57,53,74,31,323,0,0,3.8,3.8,3.8,3.8,13.0,1238,1,0,0,0,1,399874,4704.4,4704.4,399874,4704.4,65614,4704.4,133704,16094.0,91612,0,70566,1238,0,1227.3999999999999,1238
211,89,15,28,17,7,30,24,73,0,5.0,4.6,5.0,4.6,4.0,442,0,1,0,0,1,39338,2210.0,2033.1999999999998,10608,2033.1999999999998,7514,2210.0,6630,1768.0,3094,32266,12376,0,442,445.0,442
212,878,113,404,161,133,17,828,0,0,3.8,4.1,4.3,4.5,5.0,3742,1,0,0,0,1,3285476,14219.599999999999,16839.0,3098376,15342.199999999999,602462,16090.599999999999,422846,18710.0,497686,0,1511768,3742,0,3336.3999999999996,3368
213,220,81,50,51,42,0,224,0,0,1.3,1.3,1.3,1.3,3.0,281,0,0,1,0,1,61820,365.3,365.3,62944,365.3,14331,365.3,22761,843.0,11802,0,14050,0,0,286.0,281
214,150,125,4,20,0,0,6,143,0,4.6,4.6,5.5,5.6,3.0,828,1,0,0,0,1,124200,3808.7999999999997,4636.799999999999,4968,3808.7999999999997,16560,4554.0,103500,2484.0,0,118404,3312,828,0,690.0,687
215,161,60,38,30,41,0,169,0,0,1.4,1.3,1.4,1.3,2.0,220,1,0,0,0,1,35420,308.0,286.0,37180,286.0,6600,308.0,13200,440.0,9020,0,8360,220,0,225.39999999999998,220
216,804,345,334,0,236,42,957,0,0,14.2,11.9,17.1,14.3,12.0,13720,1,0,0,0,1,11030880,194824.0,196196.0,13130040,163268.0,0,234612.00000000003,4733400,164640.0,3237920,0,4582480,13720,0,11416.8,11388
217,272,63,20,61,71,30,245,0,0,35.7,39.7,41.1,45.6,14.0,11172,0,1,0,0,1,3038784,398840.4,509443.2,2737140,443528.4,681492,459169.2,703836,156408.0,793212,0,223440,0,11172,9710.400000000001,9720
218,33,8,7,0,10,15,32,8,0,4.4,3.6,4.4,3.6,2.0,145,0,1,0,0,1,4785,638.0,522.0,4640,522.0,0,638.0,1160,290.0,1450,1160,1015,0,145,145.20000000000002,145
219,64,20,28,10,7,0,65,0,0,2.2,2.2,2.2,2.2,3.0,140,0,1,0,0,1,8960,308.0,308.0,9100,308.0,1400,308.0,2800,420.0,980,0,3920,0,140,140.8,140
220,277,48,110,47,49,0,84,170,0,4.6,5.0,4.6,5.0,19.0,1265,0,1,0,0,1,350405,5819.0,6325.0,106260,6325.0,59455,5819.0,60720,24035.0,61985,215050,139150,0,1265,1274.1999999999998,1265
221,322,78,100,67,54,0,179,106,14,16.3,17.5,19.6,21.1,13.0,6316,1,0,0,0,1,2033752,102950.8,133267.6,1130564,110530.0,423172,123793.6,492648,82108.0,341064,669496,631600,6316,0,5248.6,5242
222,164,52,56,18,7,20,110,43,0,17.0,18.2,17.0,18.2,11.0,2791,0,1,0,0,1,457724,47447.0,50796.2,307010,50796.2,50238,47447.0,145132,30701.0,19537,120013,156296,0,2791,2788.0,2791
223,145,48,10,72,14,0,144,0,0,5.1,5.2,6.2,6.2,3.0,894,1,0,0,0,1,129630,4559.4,5542.8,128736,4648.8,64368,5542.8,42912,2682.0,12516,0,8940,894,0,739.5,742
224,73,36,24,12,0,0,0,72,0,8.0,8.1,9.6,9.8,5.0,704,1,0,0,0,1,51392,5632.0,6899.200000000001,0,5702.4,8448,6758.4,25344,3520.0,0,50688,16896,704,0,584.0,584
225,245,42,179,24,42,15,302,0,0,3.6,3.0,3.6,3.0,7.0,893,0,1,0,0,1,218785,3214.8,2679.0,269686,2679.0,21432,3214.8,37506,6251.0,37506,0,159847,0,893,882.0,893
226,406,209,36,125,20,0,102,288,0,13.9,14.5,16.7,17.4,7.0,6794,1,0,0,0,1,2758364,94436.6,118215.59999999999,692988,98513.0,849250,113459.79999999999,1419946,47558.0,135880,1956672,244584,6794,0,5643.400000000001,5639
227,98,35,0,41,20,0,28,68,0,56.5,57.6,68.0,69.4,5.0,6666,1,0,0,0,1,653268,376629.0,462620.4,186648,383961.60000000003,273306,453288.0,233310,33330.0,133320,453288,0,6666,0,5537.0,5533
228,83,44,10,3,25,0,15,63,4,4.9,5.0,6.0,6.0,3.0,494,1,0,0,0,1,41002,2420.6000000000004,2964.0,7410,2470.0,1482,2964.0,21736,1482.0,12350,31122,4940,494,0,406.70000000000005,410
229,182,30,59,39,29,0,0,157,0,5.5,6.4,6.6,7.7,5.0,1206,1,0,0,0,1,219492,6633.0,9286.2,0,7718.400000000001,47034,7959.599999999999,36180,6030.0,34974,189342,71154,1206,0,1001.0,1001
230,820,460,98,199,175,0,685,212,35,3.1,2.7,3.1,2.7,11.0,2552,0,0,0,1,1,2092640,7911.2,6890.400000000001,1748120,6890.400000000001,507848,7911.2,1173920,28072.0,446600,541024,250096,0,0,2542.0,2552
231,545,116,226,131,72,0,79,466,0,16.0,16.0,16.0,16.0,11.0,8740,1,0,0,0,1,4763300,139840.0,139840.0,690460,139840.0,1144940,139840.0,1013840,96140.0,629280,4072840,1975240,8740,0,8720.0,8740
232,105,96,9,0,0,0,21,84,0,1.9,1.9,1.9,1.9,8.0,198,1,0,0,0,1,20790,376.2,376.2,4158,376.2,0,376.2,19008,1584.0,0,16632,1782,198,0,199.5,198
233,55,12,10,14,15,0,9,42,0,42.7,46.0,51.4,55.5,1.0,2828,1,0,0,0,1,155540,120755.6,156954.0,25452,130088.0,39592,145359.19999999998,33936,2828.0,42420,118776,28280,2828,0,2348.5,2347
234,62,27,4,0,31,7,69,0,0,13.2,11.8,15.9,14.3,8.0,984,1,0,0,0,1,61008,12988.8,14071.2,67896,11611.2,0,15645.6,26568,7872.0,30504,0,3936,984,0,818.4,817
235,109,0,105,0,0,0,0,105,0,2.3,2.4,2.8,2.9,1.0,300,1,0,0,0,1,32700,690.0,870.0,0,720.0,0,840.0,0,300.0,0,31500,31500,300,0,250.7,249
236,436,27,334,15,0,60,436,0,0,17.8,17.8,17.8,17.8,15.0,7762,0,1,0,0,1,3384232,138163.6,138163.6,3384232,138163.6,116430,138163.6,209574,116430.0,0,0,2592508,0,7762,7760.8,7762
237,179,60,44,6,38,40,188,0,0,4.3,4.1,5.2,5.0,4.0,935,1,0,0,0,1,167365,4020.5,4675.0,175780,3833.4999999999995,5610,4862.0,56100,3740.0,35530,0,41140,935,0,769.6999999999999,776
238,1710,932,521,233,214,0,1900,0,0,7.7,6.9,7.7,6.9,21.0,13130,0,1,0,0,1,22452300,101101.0,90597.0,24947000,90597.0,3059290,101101.0,12237160,275730.0,2809820,0,6840730,0,13130,13167.0,13130
239,128,49,15,25,31,0,120,0,0,12.8,13.7,14.8,15.8,2.0,1890,0,1,0,0,1,241920,24192.0,29862.0,226800,25893.0,47250,27972.0,92610,3780.0,58590,0,28350,0,1890,1638.4,1644
240,174,21,7,30,50,32,140,0,0,77.7,96.6,77.7,96.6,8.0,13528,0,0,0,1,1,2353872,1051125.6,1306804.7999999998,1893920,1306804.7999999998,405840,1051125.6,284088,108224.0,676400,0,94696,0,0,13519.800000000001,13528
241,70,28,4,15,21,0,39,29,0,8.8,9.1,10.6,10.9,5.0,743,1,0,0,0,1,52010,6538.400000000001,8098.7,28977,6761.3,11145,7875.8,20804,3715.0,15603,21547,2972,743,0,616.0,617
242,379,159,29,57,119,15,379,0,0,6.3,6.3,6.3,6.3,7.0,2391,1,0,0,0,1,906189,15063.3,15063.3,906189,15063.3,136287,15063.3,380169,16737.0,284529,0,69339,2391,0,2387.7,2391
243,258,12,16,230,0,0,26,232,0,2.3,2.3,2.3,2.3,5.0,605,0,1,0,0,1,156090,1391.5,1391.5,15730,1391.5,139150,1391.5,7260,3025.0,0,140360,9680,0,605,593.4,605
244,129,33,0,39,24,25,121,0,0,16.0,17.1,18.4,19.6,4.0,2372,0,1,0,0,1,305988,37952.0,46491.200000000004,287012,40561.200000000004,92508,43644.799999999996,78276,9488.0,56928,0,0,0,2372,2064.0,2064
245,856,349,194,74,84,155,856,0,0,3.0,3.0,3.0,3.0,12.0,2551,0,1,0,0,1,2183656,7653.0,7653.0,2183656,7653.0,188774,7653.0,890299,30612.0,214284,0,494894,0,2551,2568.0,2551
246,127,56,14,10,39,0,25,94,0,13.1,14.0,15.8,16.9,7.0,2010,1,0,0,0,1,255270,26331.0,33969.0,50250,28140.0,20100,31758.0,112560,14070.0,78390,188940,28140,2010,0,1663.7,1668
247,381,119,107,9,28,65,137,191,0,4.8,5.5,4.8,5.5,19.0,1817,0,1,0,0,1,692277,8721.6,9993.5,248929,9993.5,16353,8721.6,216223,34523.0,50876,347047,194419,0,1817,1828.8,1817
248,234,117,19,93,0,5,231,3,0,21.8,21.8,21.8,21.8,10.0,5103,1,0,0,0,1,1194102,111245.40000000001,111245.40000000001,1178793,111245.40000000001,474579,111245.40000000001,597051,51030.0,0,15309,96957,5103,0,5101.2,5103
249,215,58,62,46,51,0,82,135,0,13.2,13.1,15.9,15.7,8.0,3417,1,0,0,0,1,734655,45104.399999999994,53646.899999999994,280194,44762.7,157182,54330.3,198186,27336.0,174267,461295,211854,3417,0,2838.0,2836
250,1406,541,70,290,335,90,1326,0,0,10.6,11.3,10.5,11.1,1.0,14698,0,0,0,1,1,20665388,155798.8,163147.8,19489548,166087.40000000002,4262420,154329.0,7951618,14698.0,4923830,0,1028860,0,0,14903.6,14938
251,85,21,67,3,0,15,22,59,25,12.3,9.9,12.3,9.9,13.0,1049,0,1,0,0,1,89165,12902.7,10385.1,23078,10385.1,3147,12902.7,22029,13637.0,0,61891,70283,0,1049,1045.5,1049
252,59,10,32,3,21,5,71,0,0,18.0,14.9,21.7,18.0,10.0,1278,1,0,0,0,1,75402,23004.0,23004.0,90738,19042.2,3834,27732.6,12780,12780.0,26838,0,40896,1278,0,1062.0,1061
253,358,139,0,89,70,40,338,0,0,38.9,41.2,46.8,49.6,9.0,16770,1,0,0,0,1,6003660,652353.0,831792.0,5668260,690924.0,1492530,784836.0,2331030,150930.0,1173900,0,0,16770,0,13926.199999999999,13919
254,73,40,0,12,10,0,0,62,0,50.3,59.3,60.7,71.4,7.0,4428,1,0,0,0,1,323244,222728.4,316159.2,0,262580.39999999997,53136,268779.60000000003,177120,30996.0,44280,274536,0,4428,0,3671.8999999999996,3675
255,597,189,96,78,239,7,609,0,0,4.3,4.2,4.3,4.2,6.0,2542,1,0,0,0,1,1517574,10930.6,10676.4,1548078,10676.4,198276,10930.6,480438,15252.0,607538,0,244032,2542,0,2567.1,2542
256,276,90,120,34,14,0,101,139,18,8.1,8.7,8.1,8.7,2.0,2244,1,0,0,0,1,619344,18176.399999999998,19522.8,226644,19522.8,76296,18176.399999999998,201960,4488.0,31416,311916,269280,2244,0,2235.6,2244
257,728,181,165,15,84,167,330,27,255,11.1,13.1,13.3,15.8,4.0,9694,1,0,0,0,1,7057232,107603.4,153165.2,3199020,126991.4,145410,128930.20000000001,1754614,38776.0,814296,261738,1599510,9694,0,8080.8,8046
258,59,0,55,0,0,0,11,11,33,83.8,89.9,101.0,108.3,6.0,5958,1,0,0,0,1,351522,499280.39999999997,645251.4,65538,535624.2000000001,0,601758.0,0,35748.0,0,65538,327690,5958,0,4944.2,4945
259,98,36,32,9,17,0,45,42,7,13.4,14.0,16.1,16.8,11.0,1582,1,0,0,0,1,155036,21198.8,26577.600000000002,71190,22148.0,14238,25470.2,56952,17402.0,26894,66444,50624,1582,0,1313.2,1313
260,756,452,66,127,84,5,302,320,112,4.3,4.4,4.3,4.4,7.0,3214,1,0,0,0,1,2429784,13820.199999999999,14141.6,970628,14141.6,408178,13820.199999999999,1452728,22498.0,269976,1028480,212124,3214,0,3250.7999999999997,3214
261,155,120,34,0,0,0,47,107,0,3.1,3.1,3.8,3.8,10.0,582,1,0,0,0,1,90210,1804.2,2211.6,27354,1804.2,0,2211.6,69840,5820.0,0,62274,19788,582,0,480.5,483
262,544,125,104,107,133,0,107,362,0,4.2,4.9,5.1,5.9,4.0,2778,1,0,0,0,1,1511232,11667.6,16390.2,297246,13612.2,297246,14167.8,347250,11112.0,369474,1005636,288912,2778,0,2284.8,2306
263,813,27,677,34,0,100,18,820,0,2.0,1.9,2.0,1.9,9.0,1634,0,1,0,0,1,1328442,3268.0,3104.6,29412,3104.6,55556,3268.0,44118,14706.0,0,1339880,1106218,0,1634,1626.0,1634
264,75,23,0,30,27,14,94,0,0,9.6,7.7,9.6,7.7,6.0,720,1,0,0,0,1,54000,6912.0,5544.0,67680,5544.0,21600,6912.0,16560,4320.0,19440,0,0,720,0,720.0,720
265,112,85,4,16,14,0,119,0,0,9.6,9.0,9.6,9.0,13.0,1073,0,0,0,1,1,120176,10300.8,9657.0,127687,9657.0,17168,10300.8,91205,13949.0,15022,0,4292,0,0,1075.2,1073
266,211,73,32,79,22,5,111,100,0,16.9,16.9,16.9,16.9,13.0,3566,1,0,0,0,1,752426,60265.399999999994,60265.399999999994,395826,60265.399999999994,281714,60265.399999999994,260318,46358.0,78452,356600,114112,3566,0,3565.8999999999996,3566
267,895,222,271,222,63,0,778,0,0,0.9,1.0,0.9,1.0,7.0,780,1,0,0,0,1,698100,702.0,780.0,606840,780.0,173160,702.0,173160,5460.0,49140,0,211380,780,0,805.5,780
268,74,18,7,37,7,5,74,0,0,54.0,54.0,54.0,54.0,14.0,3995,1,0,0,0,1,295630,215730.0,215730.0,295630,215730.0,147815,215730.0,71910,55930.0,27965,0,27965,3995,0,3996.0,3995
269,3331,1049,519,399,595,360,2922,0,0,14.7,16.8,14.7,16.8,42.0,49034,0,0,0,1,1,163332254,720799.7999999999,823771.2000000001,143277348,823771.2000000001,19564566,720799.7999999999,51436666,2059428.0,29175230,0,25448646,0,0,48965.7,49034
270,64,15,18,9,15,5,12,39,11,6.1,6.3,7.4,7.6,6.0,472,1,0,0,0,1,30208,2879.2,3587.2,5664,2973.6,4248,3492.8,7080,2832.0,7080,18408,8496,472,0,390.4,392
271,1402,328,804,187,49,63,1431,0,0,12.6,12.3,12.3,12.0,23.0,17219,1,0,0,0,1,24141038,216959.4,206628.0,24640389,211793.7,3219953,211793.7,5647832,396037.0,843731,0,13844076,17219,0,17665.2,17607
272,337,128,21,86,77,25,337,0,0,1.8,1.8,1.9,1.9,8.0,657,1,0,0,0,1,221409,1182.6000000000001,1248.3,221409,1182.6000000000001,56502,1248.3,84096,5256.0,50589,0,13797,657,0,606.6,591
273,73,0,0,67,0,10,39,38,0,11.1,10.5,13.4,12.7,6.0,978,1,0,0,0,1,71394,10855.8,12420.599999999999,38142,10269.0,65526,13105.2,0,5868.0,0,37164,0,978,0,810.3,812
274,64,12,28,17,7,0,47,17,0,8.8,8.8,10.6,10.6,12.0,680,1,0,0,0,1,43520,5984.000000000001,7208.0,31960,5984.000000000001,11560,7208.0,8160,8160.0,4760,11560,19040,680,0,563.2,564
275,1703,186,463,0,516,316,1481,0,0,5.0,5.8,5.0,5.8,8.0,8549,0,0,1,0,1,14558947,42745.0,49584.2,12661069,49584.2,0,42745.0,1590114,68392.0,4411284,0,3958187,0,0,8515.0,8549
276,151,41,21,29,41,19,151,0,0,2.6,2.6,2.9,2.9,3.0,434,1,0,0,0,1,65534,1128.4,1258.6,65534,1128.4,12586,1258.6,17794,1302.0,17794,0,9114,434,0,392.6,391
277,66,27,14,6,17,0,42,22,0,27.5,28.4,33.2,34.2,2.0,2189,1,0,0,0,1,144474,60197.5,74863.8,91938,62167.6,13134,72674.8,59103,4378.0,37213,48158,30646,2189,0,1815.0,1817
278,70,24,0,3,42,5,74,0,0,7.7,7.3,9.4,8.9,3.0,659,0,1,0,0,1,46130,5074.3,5865.1,48766,4810.7,1977,6194.6,15816,1977.0,27678,0,0,0,659,539.0,540
279,754,301,130,204,90,0,213,512,0,9.9,10.3,11.9,12.4,8.0,8967,1,0,0,0,1,6761118,88773.3,111190.8,1909971,92360.1,1829268,106707.3,2699067,71736.0,807030,4591104,1165710,8967,0,7464.6,7443
280,325,106,49,31,80,12,136,142,0,26.7,31.2,32.1,37.5,6.0,10437,1,0,0,0,1,3392025,278667.89999999997,391387.5,1419432,325634.39999999997,323547,335027.7,1106322,62622.0,834960,1482054,511413,10437,0,8677.5,8663
281,168,84,7,45,40,22,198,0,0,27.5,23.3,27.5,23.3,12.0,4622,0,1,0,0,1,776496,127105.0,107692.6,915156,107692.6,207990,127105.0,388248,55464.0,184880,0,32354,0,4622,4620.0,4622
282,226,99,50,43,63,5,260,0,0,4.0,3.5,4.0,3.5,7.0,915,0,0,0,1,1,206790,3660.0,3202.5,237900,3202.5,39345,3660.0,90585,6405.0,57645,0,45750,0,0,904.0,915
283,335,83,71,71,111,17,353,0,0,75.8,72.0,75.8,72.0,12.0,25401,0,0,0,1,1,8509335,1925395.7999999998,1828872.0,8966553,1828872.0,1803471,1925395.7999999998,2108283,304812.0,2819511,0,1803471,0,0,25393.0,25401
284,76,21,51,3,0,0,63,12,0,7.5,7.6,9.0,9.1,5.0,686,1,0,0,0,1,52136,5145.0,6242.599999999999,43218,5213.599999999999,2058,6174.0,14406,3430.0,0,8232,34986,686,0,570.0,569
285,221,31,133,0,45,5,53,161,0,6.8,7.1,8.2,8.5,4.0,1822,1,0,0,0,1,402662,12389.6,15487.0,96566,12936.199999999999,0,14940.399999999998,56482,7288.0,81990,293342,242326,1822,0,1502.8,1512
286,1010,213,224,111,212,75,758,77,0,5.0,6.1,5.0,6.1,11.0,5053,0,1,0,0,1,5103530,25265.0,30823.3,3830174,30823.3,560883,25265.0,1076289,55583.0,1071236,389081,1131872,0,5053,5050.0,5053
287,116,46,12,22,35,15,130,0,0,16.7,14.9,16.7,14.9,10.0,1939,1,0,0,0,1,224924,32381.3,28891.100000000002,252070,28891.100000000002,42658,32381.3,89194,19390.0,67865,0,23268,1939,0,1937.1999999999998,1939
288,39,25,0,3,14,0,11,31,0,2.9,2.7,2.9,2.7,1.0,114,0,1,0,0,1,4446,330.59999999999997,307.8,1254,307.8,342,330.59999999999997,2850,114.0,1596,3534,0,0,114,113.1,114
289,170,75,12,23,39,0,108,41,0,9.0,10.3,9.0,10.3,8.0,1532,0,0,0,1,1,260440,13788.0,15779.6,165456,15779.6,35236,13788.0,114900,12256.0,59748,62812,18384,0,0,1530.0,1532
290,179,85,0,49,59,0,193,0,0,26.4,24.5,31.8,29.5,4.0,5690,1,0,0,0,1,1018510,150216.0,167855.0,1098170,139405.0,278810,180942.0,483650,22760.0,335710,0,0,5690,0,4725.599999999999,4723
291,166,126,0,38,0,0,0,164,0,17.9,18.1,21.6,21.8,13.0,3580,1,0,0,0,1,594280,64081.99999999999,78044.0,0,64798.00000000001,136040,77328.0,451080,46540.0,0,587120,0,3580,0,2971.3999999999996,2971
292,354,48,34,174,73,25,354,0,0,16.5,16.5,16.5,16.5,10.0,5841,1,0,0,0,1,2067714,96376.5,96376.5,2067714,96376.5,1016334,96376.5,280368,58410.0,426393,0,198594,5841,0,5841.0,5841
293,615,546,0,74,7,0,627,0,0,1.5,1.5,1.5,1.5,8.0,941,0,1,0,0,1,578715,1411.5,1411.5,590007,1411.5,69634,1411.5,513786,7528.0,6587,0,0,0,941,922.5,941
294,126,46,7,18,49,15,135,0,0,8.2,7.7,8.2,7.7,8.0,1035,0,1,0,0,1,130410,8487.0,7969.5,139725,7969.5,18630,8487.0,47610,8280.0,50715,0,7245,0,1035,1033.1999999999998,1035
295,1390,379,377,133,182,170,1241,0,0,4.0,4.5,4.0,4.5,13.0,5597,0,0,1,0,1,7779830,22388.0,25186.5,6945877,25186.5,744401,22388.0,2121263,72761.0,1018654,0,2110069,0,0,5560.0,5597
296,129,30,59,10,39,0,94,44,0,23.2,21.7,27.9,26.1,8.0,3600,1,0,0,0,1,464400,83520.0,93960.0,338400,78120.0,36000,100440.0,108000,28800.0,140400,158400,212400,3600,0,2992.7999999999997,2988
297,203,35,48,6,14,100,203,0,0,15.9,15.9,15.9,15.9,5.0,3219,1,0,0,0,1,653457,51182.1,51182.1,653457,51182.1,19314,51182.1,112665,16095.0,45066,0,154512,3219,0,3227.7000000000003,3219
298,758,116,312,132,30,58,648,0,0,6.1,7.1,6.1,7.1,15.0,4630,1,0,0,0,1,3509540,28243.0,32873.0,3000240,32873.0,611160,28243.0,537080,69450.0,138900,0,1444560,4630,0,4623.8,4630
299,558,92,116,57,196,0,461,0,0,7.4,8.9,7.4,8.9,6.0,4112,1,0,0,0,1,2294496,30428.800000000003,36596.8,1895632,36596.8,234384,30428.800000000003,378304,24672.0,805952,0,476992,4112,0,4129.2,4112
300,25,14,0,4,7,0,22,0,3,23.2,23.2,23.2,23.2,6.0,580,1,0,0,0,1,14500,13456.0,13456.0,12760,13456.0,2320,13456.0,8120,3480.0,4060,0,0,580,0,580.0,580
301,850,94,348,205,45,74,320,446,0,12.9,14.3,15.5,17.2,5.0,13183,1,0,0,0,1,11205550,170060.7,226747.59999999998,4218560,188516.90000000002,2702515,204336.5,1239202,65915.0,593235,5879618,4587684,13183,0,10965.0,10942
302,235,78,10,123,68,0,13,82,184,4.0,3.4,4.8,4.0,9.0,1129,1,0,0,0,1,265315,4516.0,4516.0,14677,3838.6,138867,5419.2,88062,10161.0,76772,92578,11290,1129,0,940.0,937
303,58,15,0,19,22,0,26,30,0,43.4,44.9,52.2,54.1,8.0,3030,1,0,0,0,1,175740,131502.0,163923.0,78780,136047.0,57570,158166.0,45450,24240.0,66660,90900,0,3030,0,2517.2,2515
304,316,14,118,14,155,0,139,151,11,8.2,8.6,8.2,8.6,8.0,2600,0,1,0,0,1,821600,21319.999999999996,22360.0,361400,22360.0,36400,21319.999999999996,36400,20800.0,403000,392600,306800,0,2600,2591.2,2600
305,7633,1240,2455,135,1732,1572,1376,5193,565,3.3,3.5,3.3,3.5,19.0,25217,0,1,0,0,1,192481361,83216.09999999999,88259.5,34698592,88259.5,3404295,83216.09999999999,31269080,479123.0,43675844,130951881,61907735,0,25217,25188.899999999998,25217
306,119,0,118,0,0,0,95,19,4,1.5,1.5,1.8,1.8,2.0,212,1,0,0,0,1,25228,318.0,381.6,20140,318.0,0,381.6,0,424.0,0,4028,25016,212,0,178.5,176
307,55,12,17,6,14,10,59,0,0,6.2,5.8,7.5,7.0,3.0,411,1,0,0,0,1,22605,2548.2000000000003,2877.0,24249,2383.7999999999997,2466,3082.5,4932,1233.0,5754,0,6987,411,0,341.0,341
308,1644,240,858,177,91,115,1481,0,0,9.9,11.0,9.9,11.0,38.0,16357,1,0,0,0,1,26890908,161934.30000000002,179927.0,24224717,179927.0,2895189,161934.30000000002,3925680,621566.0,1488487,0,14034306,16357,0,16275.6,16357
309,1193,196,667,149,115,54,516,485,180,2.5,2.5,3.0,3.1,12.0,3622,1,0,0,0,1,4321046,9055.0,11228.2,1868952,9055.0,539678,10866.0,709912,43464.0,416530,1756670,2415874,3622,0,2982.5,3006
310,605,155,231,91,105,0,582,0,0,2.8,2.9,3.4,3.5,8.0,2041,1,0,0,0,1,1234805,5714.799999999999,7143.5,1187862,5918.9,185731,6939.4,316355,16328.0,214305,0,471471,2041,0,1694.0,1694
311,389,120,94,77,63,10,198,166,0,2.9,3.1,2.9,3.1,6.0,1134,0,1,0,0,1,441126,3288.6,3515.4,224532,3515.4,87318,3288.6,136080,6804.0,71442,188244,106596,0,1134,1128.1,1134
312,132,56,0,27,38,7,128,0,0,9.0,9.3,10.8,11.2,8.0,1429,1,0,0,0,1,188628,12861.0,16004.8,182912,13289.7,38583,15433.2,80024,11432.0,54302,0,0,1429,0,1188.0,1186
313,132,30,50,22,24,0,39,27,60,10.5,11.0,12.6,13.2,9.0,1666,1,0,0,0,1,219912,17493.0,21991.199999999997,64974,18326.0,36652,20991.6,49980,14994.0,39984,44982,83300,1666,0,1386.0,1383
314,286,94,36,44,38,55,267,0,0,6.0,6.5,6.0,6.5,6.0,1727,1,0,0,0,1,493922,10362.0,11225.5,461109,11225.5,75988,10362.0,162338,10362.0,65626,0,62172,1727,0,1716.0,1727
315,305,73,87,39,63,10,272,0,0,14.8,16.6,14.8,16.6,7.0,4504,0,0,1,0,1,1373720,66659.2,74766.40000000001,1225088,74766.40000000001,175656,66659.2,328792,31528.0,283752,0,391848,0,0,4514.0,4504
316,268,73,105,0,70,0,248,0,0,17.9,19.4,20.6,22.2,8.0,5517,0,1,0,0,1,1478556,98754.29999999999,122477.4,1368216,107029.79999999999,0,113650.20000000001,402741,44136.0,386190,0,579285,0,5517,4797.2,4800
317,110,36,15,0,49,10,110,0,0,23.2,23.2,23.2,23.2,24.0,2553,0,1,0,0,1,280830,59229.6,59229.6,280830,59229.6,0,59229.6,91908,61272.0,125097,0,38295,0,2553,2552.0,2553
318,3963,1184,616,952,1091,42,3885,0,0,4.3,4.4,4.3,4.4,11.0,16921,0,1,0,0,1,67057923,72760.3,74452.40000000001,65738085,74452.40000000001,16108792,72760.3,20034464,186131.0,18460811,0,10423336,0,16921,17040.899999999998,16921
319,397,83,252,16,58,0,409,0,0,18.8,18.2,22.6,22.0,7.0,8987,1,0,0,0,1,3567839,168955.6,197714.0,3675683,163563.4,143792,203106.2,745921,62909.0,521246,0,2264724,8987,0,7463.6,7459
320,254,90,39,3,117,0,119,100,30,15.3,15.6,15.3,15.6,11.0,3877,0,1,0,0,1,984758,59318.100000000006,60481.2,461363,60481.2,11631,59318.100000000006,348930,42647.0,453609,387700,151203,0,3877,3886.2000000000003,3877
321,134,73,0,22,14,0,33,76,0,15.6,19.2,18.8,23.1,8.0,2516,1,0,0,0,1,337144,39249.6,58119.600000000006,83028,48307.2,55352,47300.8,183668,20128.0,35224,191216,0,2516,0,2090.4,2088
322,266,101,70,26,56,5,258,0,0,17.7,18.2,21.3,21.9,8.0,5657,1,0,0,0,1,1504762,100128.9,123888.29999999999,1459506,102957.4,147082,120494.1,571357,45256.0,316792,0,395990,5657,0,4708.2,4695
323,237,114,11,44,42,0,181,30,0,13.5,15.2,16.3,18.3,9.0,3857,1,0,0,0,1,914109,52069.5,70583.1,698117,58626.399999999994,169708,62869.100000000006,439698,34713.0,161994,115710,42427,3857,0,3199.5,3201
324,1243,555,15,245,394,10,1219,0,0,9.2,9.4,11.1,11.4,9.0,13843,1,0,0,0,1,17206849,127355.59999999999,157810.2,16874617,130124.20000000001,3391535,153657.3,7682865,124587.0,5454142,0,207645,13843,0,11435.599999999999,11490
325,666,138,233,124,105,5,605,0,0,1.1,1.2,1.1,1.2,13.0,752,1,0,0,0,1,500832,827.2,902.4,454960,902.4,93248,827.2,103776,9776.0,78960,0,175216,752,0,732.6,752
326,1810,349,423,377,457,10,1616,0,0,16.2,18.2,16.2,18.2,35.0,29399,0,0,1,0,1,53212190,476263.8,535061.7999999999,47508784,535061.7999999999,11083423,476263.8,10260251,1028965.0,13435343,0,12435777,0,0,29322.0,29399
327,88,56,7,15,7,0,9,76,0,26.1,27.0,31.5,32.6,6.0,2770,1,0,0,0,1,243760,72297.0,90302.0,24930,74790.0,41550,87255.0,155120,16620.0,19390,210520,19390,2770,0,2296.8,2299
328,62,19,8,9,15,0,51,0,0,14.2,17.3,15.3,18.6,5.0,949,1,0,0,0,1,58838,13475.8,17651.4,48399,16417.7,8541,14519.7,18031,4745.0,14235,0,7592,949,0,880.4,883
329,305,59,102,19,60,21,138,123,0,28.5,33.3,34.4,40.2,10.0,10484,1,0,0,0,1,3197620,298794.0,421456.80000000005,1446792,349117.19999999995,199196,360649.6,618556,104840.0,629040,1289532,1069368,10484,0,8692.5,8702
330,349,107,93,97,52,0,286,63,0,10.6,10.6,10.6,10.6,8.0,3703,1,0,0,0,1,1292347,39251.799999999996,39251.799999999996,1059058,39251.799999999996,359191,39251.799999999996,396221,29624.0,192556,233289,344379,3703,0,3699.4,3703
331,156,0,133,0,10,0,143,0,0,4.5,4.9,5.4,5.9,4.0,849,1,0,0,0,1,132444,3820.5,5009.1,121407,4160.1,0,4584.6,0,3396.0,8490,0,112917,849,0,702.0,705
332,100,24,76,3,7,0,40,70,0,14.3,13.0,14.3,13.0,15.0,1434,1,0,0,0,1,143400,20506.2,18642.0,57360,18642.0,4302,20506.2,34416,21510.0,10038,100380,108984,1434,0,1430.0,1434
333,222,20,5,93,73,0,47,144,0,11.0,12.8,13.3,15.5,4.0,2952,1,0,0,0,1,655344,32472.0,45756.0,138744,37785.6,274536,39261.6,59040,11808.0,215496,425088,14760,2952,0,2442.0,2450
334,506,54,161,43,173,80,511,0,0,6.9,6.8,6.9,6.8,9.0,3500,1,0,0,0,1,1771000,24150.0,23800.0,1788500,23800.0,150500,24150.0,189000,31500.0,605500,0,563500,3500,0,3491.4,3500
335,123,28,0,47,15,25,115,0,0,15.4,16.5,17.7,18.9,3.0,2179,0,1,0,0,1,268017,33556.6,41183.1,250585,35953.5,102413,38568.299999999996,61012,6537.0,32685,0,0,0,2179,1894.2,1896
336,252,0,109,143,0,0,109,143,0,27.1,27.1,27.1,27.1,11.0,6821,0,1,0,0,1,1718892,184849.1,184849.1,743489,184849.1,975403,184849.1,0,75031.0,0,975403,743489,0,6821,6829.200000000001,6821
337,258,186,40,19,10,0,0,255,0,5.4,5.5,6.5,6.6,4.0,1678,1,0,0,0,1,432924,9061.2,11074.8,0,9229.0,31882,10907.0,312108,6712.0,16780,427890,67120,1678,0,1393.2,1393
338,166,67,88,6,0,0,37,120,4,15.7,16.2,18.9,19.5,7.0,3137,1,0,0,0,1,520742,49250.899999999994,61171.5,116069,50819.399999999994,18822,59289.299999999996,210179,21959.0,0,376440,276056,3137,0,2606.2,2604
339,181,45,39,38,42,5,169,0,0,20.1,21.5,22.6,24.2,10.0,4088,0,1,0,0,1,739928,82168.8,98929.59999999999,690872,87892.0,155344,92388.8,183960,40880.0,171696,0,159432,0,4088,3638.1000000000004,3638
340,284,99,112,26,28,0,220,27,18,11.4,12.2,11.4,12.2,4.0,3234,1,0,0,0,1,918456,36867.6,39454.799999999996,711480,39454.799999999996,84084,36867.6,320166,12936.0,90552,87318,362208,3234,0,3237.6,3234
341,52,0,60,0,0,0,0,55,5,4.8,4.2,5.8,5.1,3.0,304,1,0,0,0,1,15808,1459.2,1550.3999999999999,0,1276.8,0,1763.2,0,912.0,0,16720,18240,304,0,249.6,252
342,102,72,0,18,0,7,0,97,0,10.1,10.6,12.1,12.8,3.0,1239,1,0,0,0,1,126378,12513.9,15859.2,0,13133.4,22302,14991.9,89208,3717.0,0,120183,0,1239,0,1030.2,1028
343,58,26,29,3,0,0,22,36,0,11.9,11.9,14.4,14.4,5.0,833,1,0,0,0,1,48314,9912.7,11995.2,18326,9912.7,2499,11995.2,21658,4165.0,0,29988,24157,833,0,690.2,691
344,1196,626,108,56,413,5,1208,0,0,6.5,6.5,6.5,6.5,15.0,7824,0,0,0,1,1,9357504,50856.0,50856.0,9451392,50856.0,438144,50856.0,4897824,117360.0,3231312,0,844992,0,0,7774.0,7824
345,38,30,0,8,0,0,32,0,6,6.5,6.5,6.5,6.5,4.0,247,1,0,0,0,1,9386,1605.5,1605.5,7904,1605.5,1976,1605.5,7410,988.0,0,0,0,247,0,247.0,247
346,84,33,0,21,27,0,61,20,0,32.6,33.8,39.3,40.7,10.0,3299,1,0,0,0,1,277116,107547.40000000001,134269.30000000002,201239,111506.2,69279,129650.7,108867,32990.0,89073,65980,0,3299,0,2738.4,2738
347,73,18,14,8,44,0,40,44,0,15.4,13.3,18.5,16.1,6.0,1351,1,0,0,0,1,98623,20805.4,21751.100000000002,54040,17968.3,10808,24993.5,24318,8106.0,59444,59444,18914,1351,0,1124.2,1121
348,449,352,12,12,52,0,0,428,0,35.7,37.5,43.0,45.2,8.0,19328,1,0,0,0,1,8678272,690009.6000000001,873625.6000000001,0,724800.0,231936,831104.0,6803456,154624.0,1005056,8272384,231936,19328,0,16029.300000000001,16042
349,551,188,116,52,114,5,223,231,21,4.4,5.1,5.3,6.2,13.0,2934,1,0,0,0,1,1616634,12909.6,18190.8,654282,14963.4,152568,15550.199999999999,551592,38142.0,334476,677754,340344,2934,0,2424.4,2435
350,194,48,47,28,27,35,185,0,0,7.4,7.8,7.4,7.8,8.0,1440,0,1,0,0,1,279360,10656.0,11232.0,266400,11232.0,40320,10656.0,69120,11520.0,38880,0,67680,0,1440,1435.6000000000001,1440
351,185,36,14,50,32,10,142,0,0,34.7,45.2,34.7,45.2,16.0,6416,1,0,0,0,1,1186960,222635.2,290003.2,911072,290003.2,320800,222635.2,230976,102656.0,205312,0,89824,6416,0,6419.500000000001,6416
352,134,43,0,77,36,0,156,0,0,9.1,7.8,10.9,9.4,5.0,1461,1,0,0,0,1,195774,13295.1,13733.4,227916,11395.8,112497,15924.9,62823,7305.0,52596,0,0,1461,0,1219.3999999999999,1213
353,1241,575,45,319,301,0,1240,0,0,8.2,8.2,8.2,8.2,15.0,10222,1,0,0,0,1,12685502,83820.4,83820.4,12675280,83820.4,3260818,83820.4,5877650,153330.0,3076822,0,459990,10222,0,10176.199999999999,10222
354,99,81,0,3,15,0,6,93,0,2.4,2.4,2.4,2.4,3.0,241,1,0,0,0,1,23859,578.4,578.4,1446,578.4,723,578.4,19521,723.0,3615,22413,0,241,0,237.6,241
355,1285,685,67,133,620,7,1512,0,0,0.9,0.8,0.9,0.8,16.5,1200,1,0,0,0,1,1542000,1080.0,960.0,1814400,960.0,159600,1080.0,822000,19800.0,744000,0,80400,1200,0,1156.5,1200
356,466,164,212,12,66,7,461,0,0,3.7,3.7,4.4,4.5,10.0,2058,1,0,0,0,1,959028,7614.6,9261.0,948738,7614.6,24696,9055.2,337512,20580.0,135828,0,436296,2058,0,1724.2,1708
357,77,30,0,20,22,0,7,65,0,27.4,29.3,33.0,35.3,4.0,2540,1,0,0,0,1,195580,69596.0,89662.0,17780,74422.0,50800,83820.0,76200,10160.0,55880,165100,0,2540,0,2109.7999999999997,2108
358,81,11,22,0,20,21,64,10,0,5.6,6.1,6.8,7.4,1.0,547,1,0,0,0,1,44307,3063.2,4047.8,35008,3336.7,0,3719.6,6017,547.0,10940,5470,12034,547,0,453.59999999999997,454
359,694,61,164,168,145,60,598,0,0,5.9,6.8,5.9,6.8,8.0,4086,0,0,0,1,1,2835684,24107.4,27784.8,2443428,27784.8,686448,24107.4,249246,32688.0,592470,0,670104,0,0,4094.6000000000004,4086
360,62,18,7,6,10,17,7,51,0,32.7,34.9,39.4,42.1,5.0,2442,1,0,0,0,1,151404,79853.40000000001,102808.2,17094,85225.8,14652,96214.8,43956,12210.0,24420,124542,17094,2442,0,2027.4,2027
361,56,0,42,0,0,15,57,0,0,5.2,5.1,5.2,5.1,3.0,293,1,0,0,0,1,16408,1523.6000000000001,1494.3,16701,1494.3,0,1523.6000000000001,0,879.0,0,0,12306,293,0,291.2,293
362,753,289,13,0,363,7,672,0,0,5.7,6.4,5.7,6.4,12.0,4301,1,0,0,0,1,3238653,24515.7,27526.4,2890272,27526.4,0,24515.7,1242989,51612.0,1561263,0,55913,4301,0,4292.1,4301
363,421,177,22,217,0,5,421,0,0,39.9,39.9,39.9,39.9,15.5,16788,1,0,0,0,1,7067748,669841.2,669841.2,7067748,669841.2,3642996,669841.2,2971476,260214.0,0,0,369336,16788,0,16797.899999999998,16788
364,59,30,11,3,21,0,65,0,0,9.6,8.7,11.6,10.5,3.0,682,1,0,0,0,1,40238,6547.2,7161.0,44330,5933.4,2046,7911.2,20460,2046.0,14322,0,7502,682,0,566.4,566
365,409,42,201,39,67,60,409,0,0,6.5,6.5,6.5,6.5,11.0,2672,0,1,0,0,1,1092848,17368.0,17368.0,1092848,17368.0,104208,17368.0,112224,29392.0,179024,0,537072,0,2672,2658.5,2672
366,115,21,90,4,0,0,94,21,0,16.3,16.3,16.3,16.3,12.0,1869,0,1,0,0,1,214935,30464.7,30464.7,175686,30464.7,7476,30464.7,39249,22428.0,0,39249,168210,0,1869,1874.5,1869
367,93,58,20,4,10,0,22,70,0,8.6,8.7,10.4,10.5,3.0,967,1,0,0,0,1,89931,8316.199999999999,10153.5,21274,8412.9,3868,10056.800000000001,56086,2901.0,9670,67690,19340,967,0,799.8,803
368,71,30,15,12,7,5,0,69,0,56.6,58.2,68.2,70.2,7.0,4842,1,0,0,0,1,343782,274057.2,339908.4,0,281804.4,58104,330224.4,145260,33894.0,33894,334098,72630,4842,0,4018.6,4019
369,971,345,42,249,150,10,796,0,0,5.0,6.1,6.0,7.4,14.0,5864,1,0,0,0,1,5693944,29320.0,43393.6,4667744,35770.4,1460136,35184.0,2023080,82096.0,879600,0,246288,5864,0,4855.0,4867
370,74,15,7,42,0,10,74,0,0,42.3,42.3,42.3,42.3,17.0,3132,1,0,0,0,1,231768,132483.59999999998,132483.59999999998,231768,132483.59999999998,131544,132483.59999999998,46980,53244.0,0,0,21924,3132,0,3130.2,3132
371,81,18,4,25,21,10,25,30,23,1.1,1.1,1.3,1.4,1.0,107,1,0,0,0,1,8667,117.7,149.79999999999998,2675,117.7,2675,139.1,1926,107.0,2247,3210,428,107,0,89.10000000000001,89
372,106,6,33,19,0,55,113,0,0,10.6,10.0,12.8,12.0,7.0,1357,1,0,0,0,1,143842,14384.199999999999,16284.0,153341,13570.0,25783,17369.600000000002,8142,9499.0,0,0,44781,1357,0,1123.6,1126
373,1168,516,240,176,314,10,1256,0,0,1.3,1.2,1.3,1.2,8.0,1538,0,0,1,0,1,1796384,1999.4,1845.6,1931728,1845.6,270688,1999.4,793608,12304.0,482932,0,369120,0,0,1518.4,1538
374,1093,392,119,235,166,47,959,0,0,6.6,7.6,6.6,7.6,11.0,7263,1,0,0,0,1,7938459,47935.799999999996,55198.799999999996,6965217,55198.799999999996,1706805,47935.799999999996,2847096,79893.0,1205658,0,864297,7263,0,7213.799999999999,7263
375,67,10,18,31,0,0,0,59,0,57.5,65.3,69.3,78.7,2.0,4642,1,0,0,0,1,311014,266915.0,365325.4,0,303122.6,143902,321690.6,46420,9284.0,0,273878,83556,4642,0,3852.5,3853
376,1256,270,121,450,90,50,981,0,0,23.0,29.4,41.0,52.5,28.0,51527,1,0,0,0,1,64717912,1185121.0,2705167.5,50547987,1514893.7999999998,23187150,2112607.0,13912290,1442756.0,4637430,0,6234767,51527,0,28888.0,28855
377,72,67,5,0,0,0,6,66,0,17.3,17.3,20.9,20.9,15.0,1504,1,0,0,0,1,108288,26019.2,31433.6,9024,26019.2,0,31433.6,100768,22560.0,0,99264,7520,1504,0,1245.6000000000001,1248
378,777,287,159,38,147,45,676,0,0,19.4,22.2,22.2,25.6,13.0,17286,0,1,0,0,1,13431222,335348.39999999997,442521.60000000003,11685336,383749.2,656868,383749.2,4961082,224718.0,2541042,0,2748474,0,17286,15073.8,15039
379,131,30,33,18,35,12,128,0,0,37.8,38.6,45.5,46.6,13.0,5960,1,0,0,0,1,780760,225287.99999999997,277736.0,762880,230056.0,107280,271180.0,178800,77480.0,208600,0,196680,5960,0,4951.799999999999,4947
380,134,78,0,0,63,0,141,0,0,15.1,14.3,18.2,17.3,8.0,2433,1,0,0,0,1,326022,36738.299999999996,42090.9,343053,34791.9,0,44280.6,189774,19464.0,153279,0,0,2433,0,2023.3999999999999,2019
381,826,255,295,72,157,0,779,0,0,6.5,6.9,6.5,6.9,42.0,5400,1,0,0,0,1,4460400,35100.0,37260.0,4206600,37260.0,388800,35100.0,1377000,226800.0,847800,0,1593000,5400,0,5369.0,5400
382,3180,916,538,295,969,0,2718,0,0,10.4,12.2,10.4,12.2,36.0,33028,0,0,0,1,1,105029040,343491.2,402941.6,89770104,402941.6,9743260,343491.2,30253648,1189008.0,32004132,0,17769064,0,0,33072.0,33028
383,324,175,108,29,17,5,334,0,0,15.7,15.2,15.7,15.2,13.0,5078,1,0,0,0,1,1645272,79724.59999999999,77185.59999999999,1696052,77185.59999999999,147262,79724.59999999999,888650,66014.0,86326,0,548424,5078,0,5086.8,5078
384,220,132,45,30,7,0,49,165,0,3.2,3.3,3.2,3.3,3.0,701,1,0,0,0,1,154220,2243.2000000000003,2313.2999999999997,34349,2313.2999999999997,21030,2243.2000000000003,92532,2103.0,4907,115665,31545,701,0,704.0,701
385,258,34,89,6,63,49,241,0,0,2.9,3.1,2.9,3.1,12.0,736,1,0,0,0,1,189888,2134.4,2281.6,177376,2281.6,4416,2134.4,25024,8832.0,46368,0,65504,736,0,748.1999999999999,736
386,139,25,19,6,29,60,139,0,0,7.0,7.0,7.0,7.0,7.0,976,0,1,0,0,1,135664,6832.0,6832.0,135664,6832.0,5856,6832.0,24400,6832.0,28304,0,18544,0,976,973.0,976
387,274,70,123,57,28,30,308,0,0,4.3,3.8,4.3,3.8,4.0,1167,0,1,0,0,1,319758,5018.099999999999,4434.599999999999,359436,4434.599999999999,66519,5018.099999999999,81690,4668.0,32676,0,143541,0,1167,1178.2,1167
388,231,0,86,0,50,130,266,0,0,16.3,14.1,16.3,14.1,12.0,3762,0,0,0,1,1,869022,61320.600000000006,53044.2,1000692,53044.2,0,61320.600000000006,0,45144.0,188100,0,323532,0,0,3765.3,3762
389,126,58,15,6,21,40,22,118,0,4.9,4.4,4.9,4.4,5.0,619,0,1,0,0,1,77994,3033.1000000000004,2723.6000000000004,13618,2723.6000000000004,3714,3033.1000000000004,35902,3095.0,12999,73042,9285,0,619,617.4000000000001,619
390,93,0,70,0,15,10,0,95,0,11.8,11.6,14.3,14.0,8.0,1327,1,0,0,0,1,123411,15658.6,18578.0,0,15393.199999999999,0,18976.100000000002,0,10616.0,19905,126065,92890,1327,0,1097.4,1101
391,1825,594,569,192,259,60,1674,0,0,0.7,0.7,0.7,0.7,15.0,1210,1,0,0,0,1,2208250,847.0,847.0,2025540,847.0,232320,847.0,718740,18150.0,313390,0,688490,1210,0,1277.5,1210
392,500,229,31,130,60,0,170,227,53,11.8,13.1,14.2,15.7,8.0,7080,1,0,0,0,1,3540000,83544.0,111156.0,1203600,92748.0,920400,100536.0,1621320,56640.0,424800,1607160,219480,7080,0,5900.0,5876
393,373,129,96,21,105,50,389,12,0,6.4,6.0,6.4,6.0,10.0,2395,0,1,0,0,1,893335,15328.0,14370.0,931655,14370.0,50295,15328.0,308955,23950.0,251475,28740,229920,0,2395,2387.2000000000003,2395
394,330,179,26,64,110,0,379,0,0,3.2,2.8,3.2,2.8,10.0,1050,1,0,0,0,1,346500,3360.0,2940.0,397950,2940.0,67200,3360.0,187950,10500.0,115500,0,27300,1050,0,1056.0,1050
395,57,27,28,0,0,0,0,55,0,30.5,31.7,36.8,38.1,4.0,2098,1,0,0,0,1,119586,63989.0,79933.8,0,66506.59999999999,0,77206.4,56646,8392.0,0,115390,58744,2098,0,1738.5,1741
396,127,61,0,20,44,0,13,98,14,12.4,12.6,15.0,15.2,4.0,1902,1,0,0,0,1,241554,23584.8,28910.399999999998,24726,23965.2,38040,28530.0,116022,7608.0,83688,186396,0,1902,0,1574.8,1579
397,1362,579,291,171,378,0,1419,0,0,2.3,2.3,2.3,2.3,11.0,3193,0,0,1,0,1,4348866,7343.9,7343.9,4530867,7343.9,546003,7343.9,1848747,35123.0,1206954,0,929163,0,0,3132.6,3193
398,1463,780,119,223,371,0,1493,0,0,24.6,24.1,24.6,24.1,23.0,36046,0,0,0,1,1,52735298,886731.6000000001,868708.6000000001,53816678,868708.6000000001,8038258,886731.6000000001,28115880,829058.0,13373066,0,4289474,0,0,35989.8,36046
399,148,12,49,36,28,15,140,0,0,23.2,24.6,28.0,29.6,3.0,4141,1,0,0,0,1,612868,96071.2,122573.6,579740,101868.6,149076,115948.0,49692,12423.0,115948,0,202909,4141,0,3433.6,3437
400,474,71,24,343,21,15,41,433,0,3.9,3.9,3.9,3.9,6.0,1829,1,0,0,0,1,866946,7133.099999999999,7133.099999999999,74989,7133.099999999999,627347,7133.099999999999,129859,10974.0,38409,791957,43896,1829,0,1848.6,1829
401,77,24,18,21,14,0,18,59,0,5.3,5.3,6.4,6.4,10.0,492,1,0,0,0,1,37884,2607.6,3148.8,8856,2607.6,10332,3148.8,11808,4920.0,6888,29028,8856,492,0,408.09999999999997,408
402,213,105,67,41,0,0,52,161,0,3.8,3.8,3.8,3.8,2.5,801,1,0,0,0,1,170613,3043.7999999999997,3043.7999999999997,41652,3043.7999999999997,32841,3043.7999999999997,84105,2002.5,0,128961,53667,801,0,809.4,801
403,175,22,53,0,100,0,59,116,0,3.4,3.4,3.4,3.4,7.0,597,0,1,0,0,1,104475,2029.8,2029.8,35223,2029.8,0,2029.8,13134,4179.0,59700,69252,31641,0,597,595.0,597
404,360,122,98,54,62,0,336,0,0,2.1,2.3,2.1,2.3,18.0,763,1,0,0,0,1,274680,1602.3,1754.8999999999999,256368,1754.8999999999999,41202,1602.3,93086,13734.0,47306,0,74774,763,0,756.0,763
405,331,84,0,12,0,284,156,96,128,3.7,3.3,3.7,3.3,5.0,1238,0,1,0,0,1,409778,4580.6,4085.3999999999996,193128,4085.3999999999996,14856,4580.6,103992,6190.0,0,118848,0,0,1238,1224.7,1238
406,285,48,187,15,35,25,310,0,0,4.4,4.0,4.4,4.0,7.0,1249,0,1,0,0,1,355965,5495.6,4996.0,387190,4996.0,18735,5495.6,59952,8743.0,43715,0,233563,0,1249,1254.0,1249
407,187,72,32,10,44,5,4,159,0,73.5,84.4,84.5,97.0,3.0,15807,0,1,0,0,1,2955909,1161814.5,1533279.0,63228,1334110.8,158070,1335691.5,1138104,47421.0,695508,2513313,505824,0,15807,13744.5,13752
408,502,120,32,89,83,120,444,0,0,18.5,20.9,18.5,20.9,14.0,9296,1,0,0,0,1,4666592,171976.0,194286.4,4127424,194286.4,827344,171976.0,1115520,130144.0,771568,0,297472,9296,0,9287.0,9296
409,303,0,266,0,0,25,0,291,0,1.1,1.1,1.3,1.4,1.0,396,1,0,0,0,1,119988,435.6,554.4,0,435.6,0,514.8000000000001,0,396.0,0,115236,105336,396,0,333.3,329
410,174,105,83,0,0,5,98,35,60,17.7,16.0,17.7,16.0,17.0,3088,0,1,0,0,1,537312,54657.6,49408.0,302624,49408.0,0,54657.6,324240,52496.0,0,108080,256304,0,3088,3079.7999999999997,3088
411,44,14,0,16,17,5,49,3,0,8.6,7.3,8.6,7.3,2.0,380,0,0,0,1,1,16720,3268.0,2774.0,18620,2774.0,6080,3268.0,5320,760.0,6460,1140,0,0,0,378.4,380
412,387,88,221,37,34,0,18,362,0,6.0,6.1,7.3,7.4,7.0,2811,1,0,0,0,1,1087857,16866.0,20801.4,50598,17147.1,104007,20520.3,247368,19677.0,95574,1017582,621231,2811,0,2322.0,2333
413,406,18,374,27,0,0,21,398,0,5.2,5.0,5.2,5.0,19.0,2109,0,1,0,0,1,856254,10966.800000000001,10545.0,44289,10545.0,56943,10966.800000000001,37962,40071.0,0,839382,788766,0,2109,2111.2000000000003,2109
414,496,198,109,67,90,60,524,0,0,20.3,19.2,23.4,22.1,14.0,11586,0,1,0,0,1,5746656,235195.80000000002,256050.6,6071064,222451.19999999998,776262,271112.39999999997,2294028,162204.0,1042740,0,1262874,0,11586,10068.800000000001,10080
415,116,34,38,4,30,0,33,73,0,4.8,5.2,4.8,5.2,2.0,553,1,0,0,0,1,64148,2654.4,2875.6,18249,2875.6,2212,2654.4,18802,1106.0,16590,40369,21014,553,0,556.8,553
416,53,17,17,0,24,5,63,0,0,6.7,5.6,6.7,5.6,16.0,354,0,1,0,0,1,18762,2371.8,1982.3999999999999,22302,1982.3999999999999,0,2371.8,6018,5664.0,8496,0,6018,0,354,355.1,354
417,209,42,145,10,43,0,225,15,0,0.9,0.8,0.9,0.8,2.5,190,1,0,0,0,1,39710,171.0,152.0,42750,152.0,1900,171.0,7980,475.0,8170,2850,27550,190,0,188.1,190
418,903,336,134,158,148,100,387,303,186,6.1,6.3,7.3,7.5,11.0,6605,1,0,0,0,1,5964315,40290.5,49537.5,2556135,41611.5,1043590,48216.5,2219280,72655.0,977540,2001315,885070,6605,0,5508.299999999999,5482
419,469,71,170,15,67,96,419,0,0,6.8,7.6,8.2,9.2,11.0,3845,1,0,0,0,1,1803305,26146.0,35374.0,1611055,29222.0,57675,31528.999999999996,272995,42295.0,257615,0,653650,3845,0,3189.2,3191
420,1894,187,1241,143,156,10,966,696,75,2.1,2.3,2.1,2.3,12.0,3986,0,1,0,0,1,7549484,8370.6,9167.8,3850476,9167.8,569998,8370.6,745382,47832.0,621816,2774256,4946626,0,3986,3977.4,3986
421,215,108,0,94,7,0,76,133,0,2.6,2.7,2.6,2.7,7.0,560,1,0,0,0,1,120400,1456.0,1512.0,42560,1512.0,52640,1456.0,60480,3920.0,3920,74480,0,560,0,559.0,560
422,82,38,9,20,14,0,29,52,0,1.0,1.0,1.2,1.2,2.0,96,1,0,0,0,1,7872,96.0,115.19999999999999,2784,96.0,1920,115.19999999999999,3648,192.0,1344,4992,864,96,0,82.0,80
423,1694,391,469,385,210,85,1540,0,0,4.6,5.1,4.6,5.1,16.0,7816,1,0,0,0,1,13240304,35953.6,39861.6,12036640,39861.6,3009160,35953.6,3056056,125056.0,1641360,0,3665704,7816,0,7792.4,7816
424,81,24,22,20,10,0,64,4,8,24.7,26.3,29.8,31.7,5.0,2412,1,0,0,0,1,195372,59576.4,76460.4,154368,63435.6,48240,71877.6,57888,12060.0,24120,9648,53064,2412,0,2000.7,2002
425,297,150,7,132,0,0,13,264,12,5.2,5.4,5.2,5.4,6.0,1557,1,0,0,0,1,462429,8096.400000000001,8407.800000000001,20241,8407.800000000001,205524,8096.400000000001,233550,9342.0,0,411048,10899,1557,0,1544.4,1557
426,280,161,91,0,10,0,262,0,0,5.1,5.4,5.1,5.4,7.0,1417,0,0,0,1,1,396760,7226.7,7651.8,371254,7651.8,0,7226.7,228137,9919.0,14170,0,128947,0,0,1428.0,1417
427,56,19,5,16,10,0,29,21,0,22.3,24.9,26.8,30.0,5.0,1501,1,0,0,0,1,84056,33472.3,45030.0,43529,37374.9,24016,40226.8,28519,7505.0,15010,31521,7505,1501,0,1248.8,1246
428,492,114,97,157,49,75,248,244,0,8.5,8.5,8.5,8.5,11.0,4158,1,0,0,0,1,2045736,35343.0,35343.0,1031184,35343.0,652806,35343.0,474012,45738.0,203742,1014552,403326,4158,0,4182.0,4158
429,426,127,122,54,87,20,31,352,27,1.5,1.6,1.8,1.9,2.0,778,1,0,0,0,1,331428,1167.0,1478.1999999999998,24118,1244.8000000000002,42012,1400.4,98806,1556.0,67686,273856,94916,778,0,639.0,646
430,499,262,42,60,90,0,155,299,0,4.6,5.1,4.6,5.1,10.0,2310,1,0,0,0,1,1152690,10626.0,11781.0,358050,11781.0,138600,10626.0,605220,23100.0,207900,690690,97020,2310,0,2295.3999999999996,2310
431,60,9,32,12,7,0,60,0,0,16.5,16.5,18.4,18.4,5.0,1102,1,0,0,0,1,66120,18183.0,20276.8,66120,18183.0,13224,20276.8,9918,5510.0,7714,0,35264,1102,0,990.0,992
432,362,152,68,41,72,15,348,0,0,19.6,20.4,23.6,24.5,6.0,8543,1,0,0,0,1,3092566,167442.80000000002,209303.5,2972964,174277.19999999998,350263,201614.80000000002,1298536,51258.0,615096,0,580924,8543,0,7095.200000000001,7091
433,363,169,23,115,42,0,82,267,0,9.5,9.8,11.4,11.8,5.0,4134,1,0,0,0,1,1500642,39273.0,48781.200000000004,338988,40513.200000000004,475410,47127.6,698646,20670.0,173628,1103778,95082,4134,0,3448.5,3431
434,53,24,0,24,0,0,0,48,0,19.0,21.0,22.9,25.3,3.0,1213,1,0,0,0,1,64289,23047.0,30688.9,0,25473.0,29112,27777.699999999997,29112,3639.0,0,58224,0,1213,0,1007.0,1007
435,17518,9404,1221,0,2955,0,13580,0,0,3.1,4.0,3.1,4.0,14.0,54620,1,0,0,0,1,956833160,169322.0,218480.0,741739600,218480.0,0,169322.0,513646480,764680.0,161402100,0,66691020,54620,0,54305.8,54620
436,199,82,92,13,10,0,20,100,77,4.4,4.4,5.3,5.3,2.0,1049,1,0,0,0,1,208751,4615.6,5559.7,20980,4615.6,13637,5559.7,86018,2098.0,10490,104900,96508,1049,0,875.6,871
437,2171,534,319,323,87,0,209,984,70,9.1,15.6,9.1,15.6,8.0,19699,1,0,0,0,1,42766529,179260.9,307304.39999999997,4117091,307304.39999999997,6362777,179260.9,10519266,157592.0,1713813,19383816,6283981,19699,0,19756.1,19699
438,220,90,19,64,39,0,12,200,0,8.8,9.1,10.6,11.0,4.0,2325,1,0,0,0,1,511500,20460.0,25575.0,27900,21157.5,148800,24645.0,209250,9300.0,90675,465000,44175,2325,0,1936.0000000000002,1930
439,1355,535,428,58,224,10,1255,0,0,5.5,6.0,5.5,6.0,26.0,7505,1,0,0,0,1,10169275,41277.5,45030.0,9418775,45030.0,435290,41277.5,4015175,195130.0,1681120,0,3212140,7505,0,7452.5,7505
440,374,170,4,88,126,10,398,0,0,0.8,0.8,1.0,0.9,2.0,363,1,0,0,0,1,135762,290.40000000000003,326.7,144474,290.40000000000003,31944,363.0,61710,726.0,45738,0,1452,363,0,299.2,300
441,62,51,0,0,10,5,66,0,0,5.6,5.3,6.8,6.4,3.0,420,1,0,0,0,1,26040,2352.0,2688.0,27720,2226.0,0,2856.0,21420,1260.0,4200,0,0,420,0,347.2,349
442,311,11,217,3,36,57,324,0,0,6.6,6.3,7.9,7.6,6.0,2455,1,0,0,0,1,763505,16203.0,18658.0,795420,15466.5,7365,19394.5,27005,14730.0,88380,0,532735,2455,0,2052.6,2038
443,132,32,15,13,31,45,136,0,0,4.6,4.4,5.5,5.3,6.0,724,1,0,0,0,1,95568,3330.3999999999996,3837.2,98464,3185.6000000000004,9412,3982.0,23168,4344.0,22444,0,10860,724,0,607.1999999999999,601
444,135,60,17,0,70,0,0,147,0,4.9,4.5,4.9,4.5,15.0,667,0,1,0,0,1,90045,3268.3,3001.5,0,3001.5,0,3268.3,40020,10005.0,46690,98049,11339,0,667,661.5,667
445,79,16,34,0,28,10,81,7,0,45.4,40.7,54.7,49.1,5.0,4319,1,0,0,0,1,341201,196082.6,212062.9,349839,175783.30000000002,0,236249.30000000002,69104,21595.0,120932,30233,146846,4319,0,3586.6,3585
446,155,75,28,10,29,0,14,128,0,12.4,13.5,14.9,16.3,4.0,2308,1,0,0,0,1,357740,28619.2,37620.4,32312,31158.0,23080,34389.200000000004,173100,9232.0,66932,295424,64624,2308,0,1922.0,1916
447,965,433,234,148,245,0,1060,0,0,3.8,3.4,4.1,3.7,30.0,3930,1,0,0,0,1,3792450,14934.0,14541.0,4165800,13362.0,581640,16112.999999999998,1701690,117900.0,962850,0,919620,3930,0,3667.0,3655
448,296,27,166,48,21,50,312,0,0,18.4,17.4,18.4,17.4,10.0,5432,0,1,0,0,1,1607872,99948.79999999999,94516.79999999999,1694784,94516.79999999999,260736,99948.79999999999,146664,54320.0,114072,0,901712,0,5432,5446.4,5432
449,56,3,19,10,24,0,56,0,0,3.0,3.0,3.0,3.0,3.0,170,0,1,0,0,1,9520,510.0,510.0,9520,510.0,1700,510.0,510,510.0,4080,0,3230,0,170,168.0,170
450,206,88,23,31,35,0,73,104,0,8.8,10.3,10.7,12.4,8.0,2196,1,0,0,0,1,452376,19324.800000000003,27230.4,160308,22618.800000000003,68076,23497.199999999997,193248,17568.0,76860,228384,50508,2196,0,1812.8000000000002,1823
451,651,104,385,16,49,27,581,0,0,5.5,6.2,6.7,7.5,4.0,4352,1,0,0,0,1,2833152,23936.0,32640.0,2528512,26982.4,69632,29158.4,452608,17408.0,213248,0,1675520,4352,0,3580.5,3612
452,2323,804,332,0,947,240,636,1552,135,1.7,1.7,1.7,1.7,6.0,3981,0,1,0,0,1,9247863,6767.7,6767.7,2531916,6767.7,0,6767.7,3200724,23886.0,3770007,6178512,1321692,0,3981,3949.1,3981
453,146,46,0,50,41,0,44,93,0,13.6,14.5,16.4,17.4,6.0,2390,1,0,0,0,1,348940,32504.0,41586.0,105160,34655.0,119500,39196.0,109940,14340.0,97990,222270,0,2390,0,1985.6,1984
454,284,49,83,75,51,5,80,183,0,12.8,13.9,15.5,16.7,5.0,4393,1,0,0,0,1,1247612,56230.4,73363.09999999999,351440,61062.700000000004,329475,68091.5,215257,21965.0,224043,803919,364619,4393,0,3635.2000000000003,3646
455,249,47,26,80,84,0,237,0,0,15.3,16.0,15.3,16.0,9.0,3800,0,1,0,0,1,946200,58140.0,60800.0,900600,60800.0,304000,58140.0,178600,34200.0,319200,0,98800,0,3800,3809.7000000000003,3800
456,32,4,7,0,0,30,41,0,0,15.6,12.1,15.6,12.1,3.0,498,1,0,0,0,1,15936,7768.8,6025.8,20418,6025.8,0,7768.8,1992,1494.0,0,0,3486,498,0,499.2,498
457,1908,401,1216,155,107,10,1889,0,0,14.2,14.3,14.2,14.3,48.0,27000,0,0,1,0,1,51516000,383400.0,386100.0,51003000,386100.0,4185000,383400.0,10827000,1296000.0,2889000,0,32832000,0,0,27093.6,27000
458,253,56,149,0,24,24,76,177,0,6.7,6.7,6.7,6.7,7.0,1694,1,0,0,0,1,428582,11349.800000000001,11349.800000000001,128744,11349.800000000001,0,11349.800000000001,94864,11858.0,40656,299838,252406,1694,0,1695.1000000000001,1694
459,184,53,21,43,38,15,170,0,0,16.0,17.4,18.4,20.0,4.0,3393,0,1,0,0,1,624312,54288.0,67860.0,576810,59038.2,145899,62431.2,179829,13572.0,128934,0,71253,0,3393,2944.0,2952
460,76,60,12,0,0,0,0,72,0,4.9,5.2,5.9,6.3,1.0,451,1,0,0,0,1,34276,2209.9,2841.2999999999997,0,2345.2000000000003,0,2660.9,27060,451.0,0,32472,5412,451,0,372.40000000000003,374
461,276,108,5,75,56,0,177,53,14,1.1,1.2,1.1,1.2,4.0,300,1,0,0,0,1,82800,330.0,360.0,53100,360.0,22500,330.0,32400,1200.0,16800,15900,1500,300,0,303.6,300
462,3471,1327,257,534,995,42,3155,0,0,2.2,2.4,2.2,2.4,17.0,7575,0,0,0,1,1,26292825,16665.0,18180.0,23899125,18180.0,4045050,16665.0,10052025,128775.0,7537125,0,1946775,0,0,7636.200000000001,7575
463,380,67,103,77,98,20,365,0,0,8.7,9.1,10.5,11.0,9.0,4002,1,0,0,0,1,1520760,34817.399999999994,44022.0,1460730,36418.2,308154,42021.0,268134,36018.0,392196,0,412206,4002,0,3305.9999999999995,3322
464,155,18,0,69,14,47,148,0,0,33.5,35.1,33.5,35.1,8.0,5196,1,0,0,0,1,805380,174066.0,182379.6,769008,182379.6,358524,174066.0,93528,41568.0,72744,0,0,5196,0,5192.5,5196
465,327,64,142,21,0,100,327,0,0,7.8,7.8,7.8,7.8,16.0,2566,0,1,0,0,1,839082,20014.8,20014.8,839082,20014.8,53886,20014.8,164224,41056.0,0,0,364372,0,2566,2550.6,2566
466,193,82,80,50,14,0,41,182,3,8.7,7.5,10.5,9.0,5.0,2031,1,0,0,0,1,391983,17669.699999999997,18279.0,83271,15232.5,101550,21325.5,166542,10155.0,28434,369642,162480,2031,0,1679.1,1686
467,1108,279,20,314,273,30,916,0,0,22.6,27.4,24.3,29.4,6.0,26940,1,0,0,0,1,29849520,608844.0,792036.0,24677040,738156.0,8459160,654642.0,7516260,161640.0,7354620,0,538800,26940,0,25040.800000000003,25054
468,363,168,10,92,77,5,0,352,0,0.3,0.3,0.4,0.4,10.0,141,1,0,0,0,1,51183,42.3,56.400000000000006,0,42.3,12972,56.400000000000006,23688,1410.0,10857,49632,1410,141,0,108.89999999999999,117
469,249,144,104,6,14,0,268,0,0,2.0,1.9,2.0,1.9,3.0,500,1,0,0,0,1,124500,1000.0,950.0,134000,950.0,3000,1000.0,72000,1500.0,7000,0,52000,500,0,498.0,500
470,769,265,195,235,52,0,178,557,12,16.3,16.8,16.3,16.8,8.0,12551,1,0,0,0,1,9651719,204581.30000000002,210856.80000000002,2234078,210856.80000000002,2949485,204581.30000000002,3326015,100408.0,652652,6990907,2447445,12551,0,12534.7,12551
471,137,54,42,30,7,0,97,36,0,2.9,3.0,2.9,3.0,3.0,399,1,0,0,0,1,54663,1157.1,1197.0,38703,1197.0,11970,1157.1,21546,1197.0,2793,14364,16758,399,0,397.3,399
472,579,215,81,109,112,0,517,0,0,1.4,1.5,1.4,1.5,7.0,784,1,0,0,0,1,453936,1097.6,1176.0,405328,1176.0,85456,1097.6,168560,5488.0,87808,0,63504,784,0,810.5999999999999,784
473,133,39,0,41,24,20,124,0,0,15.9,17.0,18.3,19.6,6.0,2428,0,1,0,0,1,322924,38605.200000000004,47588.8,301072,41276.0,99548,44432.4,94692,14568.0,58272,0,0,0,2428,2114.7000000000003,2112
474,78,7,34,6,21,0,22,46,0,7.7,8.8,8.8,10.1,3.0,690,0,1,0,0,1,53820,5313.0,6969.0,15180,6072.000000000001,4140,6072.000000000001,4830,2070.0,14490,31740,23460,0,690,600.6,600
475,101,12,31,3,50,0,65,28,3,4.5,4.7,4.5,4.7,1.5,450,1,0,0,0,1,45450,2025.0,2115.0,29250,2115.0,1350,2025.0,5400,675.0,22500,12600,13950,450,0,454.5,450
476,1222,503,333,173,150,5,1164,0,0,4.7,5.0,4.7,5.0,20.0,5800,1,0,0,0,1,7087600,27260.0,29000.0,6751200,29000.0,1003400,27260.0,2917400,116000.0,870000,0,1931400,5800,0,5743.400000000001,5800
477,1093,486,277,126,147,5,788,253,0,2.3,2.5,2.3,2.5,7.0,2565,0,1,0,0,1,2803545,5899.499999999999,6412.5,2021220,6412.5,323190,5899.499999999999,1246590,17955.0,377055,648945,710505,0,2565,2513.8999999999996,2565
478,222,41,57,0,99,25,222,0,0,10.7,10.6,10.7,10.6,4.0,2385,0,1,0,0,1,529470,25519.5,25281.0,529470,25281.0,0,25519.5,97785,9540.0,236115,0,135945,0,2385,2375.3999999999996,2385
479,2067,1056,658,45,303,5,1510,557,0,5.0,5.0,5.0,5.0,21.0,10398,0,1,0,0,1,21492666,51990.0,51990.0,15700980,51990.0,467910,51990.0,10980288,218358.0,3150594,5791686,6841884,0,10398,10335.0,10398
480,175,65,31,22,38,0,141,15,0,19.6,22.0,23.6,26.5,10.0,4137,1,0,0,0,1,723975,81085.20000000001,109630.5,583317,91014.0,91014,97633.20000000001,268905,41370.0,157206,62055,128247,4137,0,3430.0000000000005,3434
481,230,180,12,41,14,0,247,0,0,1.7,1.6,6.0,5.6,3.0,1379,1,0,0,0,1,317170,2344.2999999999997,7722.4,340613,2206.4,56539,8274.0,248220,4137.0,19306,0,16548,1379,0,391.0,400
482,104,32,5,40,28,10,115,0,0,3.3,2.9,4.9,4.5,2.0,512,0,0,0,1,1,53248,1689.6,2304.0,58880,1484.8,20480,2508.8,16384,1024.0,14336,0,2560,0,0,343.2,338
483,177,24,79,6,42,60,211,0,0,16.0,13.4,16.0,13.4,17.0,2835,0,1,0,0,1,501795,45360.0,37989.0,598185,37989.0,17010,45360.0,68040,48195.0,119070,0,223965,0,2835,2832.0,2835
484,62,33,0,12,10,0,22,33,0,9.6,10.8,11.5,13.0,2.0,716,1,0,0,0,1,44392,6873.599999999999,9308.0,15752,7732.8,8592,8234.0,23628,1432.0,7160,23628,0,716,0,595.1999999999999,594
485,487,146,238,53,24,12,45,428,0,2.1,2.2,2.1,2.2,6.0,1017,1,0,0,0,1,495279,2135.7000000000003,2237.4,45765,2237.4,53901,2135.7000000000003,148482,6102.0,24408,435276,242046,1017,0,1022.7,1017
486,177,40,12,27,38,60,177,0,0,4.5,4.5,5.4,5.4,8.0,951,1,0,0,0,1,168327,4279.5,5135.400000000001,168327,4279.5,25677,5135.400000000001,38040,7608.0,36138,0,11412,951,0,796.5,789
487,105,34,66,10,37,15,162,0,0,7.4,4.8,7.4,4.8,3.0,774,1,0,0,0,1,81270,5727.6,3715.2,125388,3715.2,7740,5727.6,26316,2322.0,28638,0,51084,774,0,777.0,774
488,140,43,68,3,57,0,171,0,0,4.6,3.7,4.6,3.7,1.5,640,0,0,0,1,1,89600,2944.0,2368.0,109440,2368.0,1920,2944.0,27520,960.0,36480,0,43520,0,0,644.0,640
489,230,81,49,37,58,0,225,0,0,2.2,2.2,2.2,2.2,4.0,500,1,0,0,0,1,115000,1100.0,1100.0,112500,1100.0,18500,1100.0,40500,2000.0,29000,0,24500,500,0,506.00000000000006,500
490,236,102,84,52,0,0,238,0,0,2.5,2.5,2.8,2.8,10.0,668,1,0,0,0,1,157648,1670.0,1870.3999999999999,158984,1670.0,34736,1870.3999999999999,68136,6680.0,0,0,56112,668,0,590.0,601
491,846,322,56,112,234,5,729,0,0,19.1,22.2,19.1,22.2,13.0,16179,1,0,0,0,1,13687434,309018.9,359173.8,11794491,359173.8,1812048,309018.9,5209638,210327.0,3785886,0,906024,16179,0,16158.6,16179
492,139,18,21,30,70,0,139,0,0,17.6,17.6,17.6,17.6,6.0,2446,0,1,0,0,1,339994,43049.600000000006,43049.600000000006,339994,43049.600000000006,73380,43049.600000000006,44028,14676.0,171220,0,51366,0,2446,2446.4,2446
493,51,12,27,0,0,7,7,39,0,6.6,7.3,6.6,7.3,3.0,338,1,0,0,0,1,17238,2230.7999999999997,2467.4,2366,2467.4,0,2230.7999999999997,4056,1014.0,0,13182,9126,338,0,336.59999999999997,338
494,195,57,32,12,140,0,241,0,0,9.2,7.4,11.0,8.9,9.0,2152,1,0,0,0,1,419640,19798.399999999998,19152.8,518632,15924.800000000001,25824,23672.0,122664,19368.0,301280,0,68864,2152,0,1793.9999999999998,1786
495,51,32,0,16,7,0,0,55,0,17.6,16.3,21.2,19.7,3.0,1083,1,0,0,0,1,55233,19060.800000000003,21335.1,0,17652.9,17328,22959.6,34656,3249.0,7581,59565,0,1083,0,897.6,899
496,1106,410,267,108,152,25,962,0,0,15.0,17.2,17.2,19.8,20.0,19034,0,1,0,0,1,21051604,285510.0,376873.2,18310708,327384.8,2055672,327384.8,7803940,380680.0,2893168,0,5082078,0,19034,16590.0,16560
497,99,13,32,3,42,5,95,0,0,5.3,5.5,6.4,6.7,4.0,634,1,0,0,0,1,62766,3360.2,4247.8,60230,3487.0,1902,4057.6000000000004,8242,2536.0,26628,0,20288,634,0,524.6999999999999,526
498,56,24,0,9,14,0,47,0,0,7.9,9.4,7.9,9.4,6.0,440,0,1,0,0,1,24640,3476.0,4136.0,20680,4136.0,3960,3476.0,10560,2640.0,6160,0,0,0,440,442.40000000000003,440
499,213,123,91,28,0,0,36,206,0,10.3,9.0,10.3,9.0,7.0,2185,1,0,0,0,1,465405,22505.5,19665.0,78660,19665.0,61180,22505.5,268755,15295.0,0,450110,198835,2185,0,2193.9,2185
