AFP,Added,N_effort,MI_N_effort_PDR_AFP,MI_N_effort_NPDU_UFP,MI_AFP_PDR_AFP,Effort
0.0901250785310411,0.1106038291605301,0.1366392496656835,0.0072001520781917,0.005825213609473,0.0047491059345698,0.1367183206945818
0.0143354846079159,0.0037555228276877,0.0754547619483778,0.0141873025459824,0.0113287038328426,0.0026954144711889,0.075539436568121
0.0081672282825975,0.0120029455081001,0.0116690175676418,0.0005729697248782,0.0004001424003732,0.0004010255803431,0.0117595340147268
0.0138785767319664,0.005081001472754,0.070893403432926,0.0106127849450488,0.0111037860798558,0.0020776312473003,0.0588343041359856
0.0161631161117139,0.0,0.0655077030170913,0.0078452338942624,0.0068603989257936,0.0019357025283489,0.0543649485291424
0.0042263978525329,0.0,0.0288519665134001,0.0054594140228948,0.0048398572186519,0.0007997255816768,0.0239403597464922
0.0039979439145582,0.0,0.0348971404495411,0.0083585965148601,0.0079885020306178,0.0009575913567804,0.0289592262886031
0.0050259866354446,0.0088365243004418,0.0206451849273663,0.0028680735946999,0.0017794274311817,0.0006982208978581,0.0207348792907645
0.0061111428408247,0.0059646539027982,0.0268735459524812,0.003347124286297,0.0031381527247568,0.0007611483298751,0.0222918269406894
0.0024558798332286,0.0,0.0738610342743043,0.0570543318645823,0.0601703884403276,0.0018970568771646,0.0612887863135143
0.0260437489291221,0.0338733431516936,0.1862829507776291,0.0481881645125363,0.0376364071079917,0.0067370655912459,0.1863574751804227
0.0033125821006339,0.001840942562592,0.0370404293905365,0.0111343087149995,0.0116030260741439,0.0009957582122863,0.030735978312635
0.0108515620538009,0.0157584683357879,0.0550110828188829,0.0085645997203051,0.007035708460617,0.0016894647508911,0.0478807194929845
0.009537951910446,0.0123711340206185,0.0607631574126655,0.0136080364505011,0.010981293508313,0.0021360443200639,0.0608491775653002
0.0218173510765891,0.0027982326951399,0.0143435490666617,0.0002404906430338,0.0002658674525794,0.0003657998982901,0.0119060702641315
0.0145068250613969,0.012960235640648,0.0161204638297092,0.0006177902305996,0.0004631458560898,0.0005559501819936,0.0162105725903945
0.0018847449882917,0.0038291605301914,0.0451556174320833,0.0319604429968398,0.019920365058083,0.0013339931593777,0.0452430670037
0.0103375406933577,0.0117820324005891,0.0208833281430324,0.0014755884556154,0.001045134123933,0.0007304370070755,0.0209730006960471
0.0134787823405105,0.0013991163475699,0.0641337998497866,0.0108297793758322,0.0098073002550646,0.0022760578563017,0.0642195113016082
0.0038837169455708,0.0,0.009049442195314,0.0005852333874813,0.0005954683928334,0.0002511625330069,0.0075099827819906
0.0197612656348163,0.0,0.0194911062668303,0.0005368807714216,0.0004877292578354,0.000544322286947,0.0161739385280433
0.1797361357016391,0.002061855670103,0.2001502134129586,0.0062322222140561,0.0068633530086,0.0055965742853204,0.1660988387002234
0.0021131989262664,0.002061855670103,0.0057337558848852,0.0004944076930679,0.0003241511668007,0.0001822159553187,0.0058248159138366
0.0026843337712033,0.0039027982326951,0.0048544578578101,0.00029068609927,0.00023394977628,0.0001607385491738,0.0049455984174085
0.0055400079958878,0.0025773195876288,0.0767370715711956,0.0300515238368634,0.0312922256638795,0.0021695600175512,0.0636883173975162
0.0035410360386087,0.0022827687776141,0.0048544578578101,0.0001860391035328,0.000157466195573,0.0001357043751323,0.0040297468586291
0.0169627048946256,0.0225331369661266,0.037571671948561,0.0029247409301275,0.0022285329051973,0.0013204500816175,0.037659816097007
0.0134216688560169,0.0179675994108983,0.0029309934235835,1.755085882385327e-05,1.086559193172747e-05,8.036927458692743e-05,0.0030223101439718
0.0050831001199383,0.0083946980854197,0.0650680540035538,0.0233777439533726,0.0186942509185372,0.0018262635161454,0.0539986079056306
0.0183905420069678,0.0229749631811487,0.0066680100386524,5.589948535397201e-05,5.561824870052963e-05,0.0001541722084416,0.0055317434150272
0.0052544405734193,0.0082474226804123,0.0068695158365238,0.0003043977077262,0.0002037298487198,0.0002328314984628,0.006960471846723
0.010451767662345,0.014580265095729,0.0388356628624814,0.004185879829489,0.0037791886937539,0.0011265378318695,0.0322196578378576
0.0029127877091781,0.0028718703976435,0.0080602319148546,0.000733625898837,0.0004930262339021,0.0002651160070629,0.0081510788731362
0.0097664058484208,0.0112665684830633,0.0122552162523585,0.0005283686048921,0.0003861699282485,0.0004210665994528,0.0123456790123456
0.006225369809812,0.0027982326951399,0.0122185788345637,0.0006731193130418,0.0006114951409327,0.0003429545044926,0.0101293182400996
0.003655263007596,0.000441826215022,0.0261591163054827,0.0051065101290942,0.0048245265475357,0.0007135423595666,0.0217056819430706
0.0076532069221543,0.0010309278350515,0.0245653886314092,0.0022653112869682,0.0022311474382558,0.0007057448299471,0.0203868556984283
0.1245645096807356,0.1343888070692194,0.3051713715217351,0.0230249058752925,0.0246060327362288,0.0093982803711213,0.2654870498589589
0.0,0.0003681885125184,0.0038102914506585,0.001200127726375,0.0008298595837856,0.0,0.0039015276404
0.0110800159917756,0.01480117820324,0.027276557548224,0.0019273256231679,0.0018201224684635,0.0007828993335506,0.0226398505330256
0.0087383631275344,0.011561119293078,0.0315631354302148,0.0039690170301467,0.0031592387640993,0.0010988360819055,0.0316518298714144
0.0099377463019018,0.0133284241531664,0.0328454450530326,0.0031468689871168,0.0029527415849343,0.0009521194061702,0.0272557423892735
0.0028556742246844,0.000441826215022,0.0141603619776878,0.0018654369072403,0.0017979328924404,0.0003761966044494,0.0117412169835513
0.0230167342509566,0.0303387334315169,0.1068530289985161,0.0177875102165194,0.0136660963872059,0.0038315282166263,0.1069348280030772
0.0193614712433605,0.0007363770250368,0.0209016468519298,0.000625797809938,0.000619882019705,0.0005796847677652,0.0173462285232809
0.1439259809240961,0.1513991163475699,0.0971257945739984,0.0020937297033915,0.0019803220395069,0.0031025959959685,0.0972084844488405
0.013764349762979,0.0120765832106038,0.0319478283170602,0.002601739312048,0.0024279165171445,0.001120929082494,0.0320364875261017
0.0112513564452567,0.0073637702503681,0.0039385224129403,3.3017553162373646e-05,2.9201278316517365e-05,9.43227486428702e-05,0.0032604315492544
0.0347249985721628,0.027761413843888,0.0689149828720071,0.0039615798537201,0.0040876356847158,0.0019961675825913,0.0571857713301828
0.0093666114569649,0.0130338733431516,0.1917968821557456,0.1150781292934473,0.104697278581774,0.0056199668741789,0.1591750009158515
0.0158204352047518,0.0195139911634757,0.0262507098499697,0.0015090228416749,0.0012407657111663,0.0009094381914108,0.0263398908304941
0.0024558798332286,0.0014727540500736,0.029401527780322,0.0090845439129617,0.0086378909234124,0.0007588227508658,0.0243982855258819
0.0020560854417728,0.0043446244477172,0.0045796772243492,0.0003235939595647,0.0001867523613265,0.0001452802887001,0.0046708429497747
0.0054257810269004,0.0,0.0506512301013024,0.0133452342781874,0.0129561997293414,0.0014295470969078,0.0420375865479723
0.0260437489291221,0.0317378497790868,0.0889006942790672,0.0089433033765768,0.0077448241540614,0.0026199699521512,0.0737810015752646
0.1219944028785196,0.1645066273932253,0.0433970213779332,0.000415779845537,0.0002815376734434,0.0011688086503331,0.0434846320108436
0.0156490947512707,0.0215022091310751,0.1029328252944732,0.0242847503988158,0.0180299388143238,0.0036920618754494,0.1030149833315016
0.0057113484493688,0.003460972017673,0.0330835882686988,0.0054280857398942,0.005181766837266,0.0009370715419922,0.027457229732205
0.008624136158547,0.0054491899852724,0.0099653776401839,0.0003222337680059,0.0002955441005429,0.0002788642829709,0.0082609810601897
0.0031983551316465,0.0039764359351988,0.0105332576160032,0.0009334863036936,0.0008883470278556,0.0002834470416069,0.008737223870755
0.0203895139642469,0.0191458026509572,0.1863745443221161,0.0508902947370568,0.0488822947573298,0.0055674361483213,0.1546690112466571
0.0030841281626592,0.0011782032400589,0.0165967502610416,0.0023851617141616,0.0023841485546445,0.000443227999424,0.0137744074440414
0.0171340453481066,0.0280559646539028,0.0470058070307204,0.0045598447538782,0.0027881108896812,0.0016621049978402,0.0470930871524343
0.034325204180707,0.042341678939617,0.0168348934767077,0.0002621001379607,0.000202830041888,0.000534404376466,0.0169249368062424
0.03158375692501,0.0369661266568483,0.1043433658795728,0.0123712493677577,0.0106374145011612,0.0037446610006898,0.1044253947320218
0.0083956822205722,0.0107511045655375,0.0444595064939823,0.0068153494984787,0.00675751535219,0.0012870027835128,0.0368905007876323
0.0037694899765834,0.0029455081001472,0.080584000439649,0.0469992912743821,0.0438394886543781,0.0021984929564025,0.0668754808220683
0.0072534125306984,0.0,0.0120170730366923,0.0005612764651868,0.000556861586501,0.0003387821421523,0.0099644649595193
0.0049688731509509,0.0087628865979381,0.0824158713293887,0.0122390036465199,0.0287959068500273,0.0007378925397819,0.0219254863171777
0.0039408304300645,0.0057437407952871,0.0192896004689589,0.0028183607870814,0.002413434720398,0.0005757860029555,0.0174011796168077
0.0023987663487349,0.0014727540500736,0.0079686383703676,0.0006966594024393,0.0005834313542715,0.0002097125071349,0.0066124482543869
0.0618539037066651,0.0957290132547864,0.0968876513583322,0.0042932252697704,0.0033223754404618,0.0027408316612534,0.0804117668608272
0.0071391855617111,0.0098674521354933,0.0057520745937826,0.0001239968175905,0.000117280482913,0.0001538986109111,0.0047624281056526
0.0037694899765834,0.0,0.0061550861895253,0.0002801117068286,0.0002795173524436,0.0001715456516289,0.0051104516979887
0.0045119652750014,0.0026509572901325,0.0022715199032772,3.264459741236686e-05,3.1578126551582725e-05,6.484261473055886e-05,0.0018866542110854
0.1758524187560683,0.0400589101620029,0.0775797321804759,0.0010220084478865,0.0007189965911072,0.0023166186901996,0.0776642121844891
0.0041692843680392,0.0073637702503681,0.0074923519390353,0.0004576167052584,0.0002777516937547,0.0002546509015209,0.007583250906693
0.0057684619338625,0.0013254786450662,0.0243822015424352,0.0035332292055504,0.0028924205722258,0.0008359088550866,0.0244715536505843
0.017076931863613,0.0173784977908689,0.045833409661287,0.0043363345667564,0.0028460041216925,0.0016156618170364,0.0459207971571967
0.0076532069221543,0.0126656848306332,0.003553829526095,5.53290824421976e-05,2.9642692988744143e-05,0.0001191517245365,0.0036450892039418
0.0466617168313438,0.029160530191458,0.2017622597959295,0.0316537198003194,0.0248696761379597,0.0073205807244383,0.2018353665237938
0.1970986349877206,0.2029455081001472,0.5995530235029035,0.0660585367212779,0.0588995555989877,0.0217162567890662,0.5995896985016669
0.003655263007596,0.0058910162002945,0.044770924545238,0.0149057688905103,0.0126553586527317,0.0012169618157026,0.0371469392240905
0.0031412416471528,0.0008100147275405,0.0040484346663247,0.0001745432910032,0.0001275688402734,0.0001354307776017,0.0041396490456826
0.0278713804329202,0.0334315169366715,0.0427009104398322,0.0023012466704101,0.0015434064014397,0.0015020504424927,0.0427885848261713
0.0159346621737392,0.0072901325478645,0.0537104544871677,0.0052745596023326,0.0045297973663876,0.0015648410757444,0.0445653368502033
0.0277000399794391,0.0363770250368188,0.1589147996849182,0.0329248626892105,0.0253321089395791,0.0057390501993328,0.1589918306040957
0.0069107316237363,0.0010309278350515,0.0135375258751763,0.0009079059269579,0.0007276890646526,0.0004634742166817,0.0136278711946367
0.0111371294762693,0.0168630338733431,0.148015167890967,0.0700191512777628,0.048012334348321,0.0052684624468579,0.1480931970546214
0.0004569078759495,0.0012518409425625,0.0133909762039971,0.0071365082763816,0.0055102812183268,0.0002435018021527,0.013481334945232
0.0029127877091781,0.0052282768777614,0.0024363882833537,5.8356605589310105e-05,4.290211064292888e-05,6.976737027971487e-05,0.0020148734293145
0.003655263007596,0.0041237113402061,0.0073274835589587,0.0004036697529486,0.0004142506923971,0.0002013677824543,0.0060812543502949
0.0091381575189902,0.0124447717231222,0.0100569711846709,0.0003011069216967,0.000279619217368,0.0002735975305086,0.0083342491848921
0.0766462961905305,0.0863770250368188,0.0698125996079796,0.0017557659781647,0.0016175301113989,0.0019276314011989,0.0579367696083818
0.1186818207778856,0.1506627393225331,0.4116030702156112,0.0517584699073522,0.0404355194095039,0.0149240612954227,0.4116569586401436
0.0139356902164601,0.0185567010309278,0.2302661708402791,0.1268532198641058,0.1054230661678386,0.0076771467060738,0.2141810455361395
0.005311554057913,0.0075110456553755,0.0039018849951455,7.009374242776337e-05,7.232409629556033e-05,9.541713876490408e-05,0.0028757738945671
0.006054029356331,0.0039027982326951,0.0321493341149315,0.0048512767646483,0.005035437873423,0.0009135421543685,0.0266695973916547
0.0159346621737392,0.0220913107511045,0.0223488248548242,0.001070602388255,0.0007870763155545,0.0007633371101192,0.0224383631900941
0.0108515620538009,0.0,0.0202421733316235,0.0010666534450196,0.0010505669198989,0.0005718188387631,0.0167967175880133
0.0087954766120281,0.0114138438880706,0.0586748245983623,0.0113836186645924,0.0111476728847676,0.0017064277977826,0.0486866688647104
0.0050259866354446,0.0011782032400589,0.012786458810383,0.0011025449513144,0.0006399154548291,0.0004333784883257,0.0128768729164377
0.0245587983322862,0.0077319587628865,0.0659290333217314,0.0063165540907048,0.0050714641016716,0.0023529387623747,0.0660145803568157
0.1772802558684105,0.2292341678939617,0.7702833904266427,0.0977844783056576,0.0935191141296479,0.0225050384695227,0.6238597648093197
0.0082243417670912,0.0105301914580265,0.0595724413343347,0.0131273403658893,0.0124776383146984,0.0018123100420895,0.0518371982269113
0.0377520132503284,0.0107511045655375,0.1264906849365256,0.0125733255685408,0.012191873246894,0.0037525953290745,0.1049749056672894
0.0068536181392426,0.0,0.0109912253384381,0.0006055046294229,0.0003769002201317,0.0003775645921019,0.0110818038612301
0.0182763150379804,0.0151693667157584,0.0394401802560955,0.0029757261750107,0.0018276265178913,0.0013789315537637,0.0395281532769168
0.3241190245016848,0.3639911634756995,0.3843814687940794,0.0156514610047888,0.0138933061009908,0.0131976608779129,0.3844378503132212
0.0029699011936718,0.005301914580265,0.0086281118906739,0.0006716494286153,0.0005277621731088,0.0002311899132798,0.0071619591896545
0.0147352789993717,0.0051546391752577,0.0485812159958966,0.0056435664091041,0.0034218465390992,0.0017117629496276,0.0486683518335348
0.0119367182591809,0.0167157584683357,0.1215263148253311,0.0365306646959977,0.0326623088965208,0.0035881632132388,0.1008535736527823
0.0519732708892569,0.0650957290132547,0.1056989503379801,0.006202692894085,0.0060735263400878,0.0030499284713456,0.0877202622998864
0.0032554686161402,0.002061855670103,0.0048544578578101,0.0001976665475036,0.0002069555713246,0.0001325580035314,0.0040297468586291
0.002570106802216,0.0,0.0145816922823279,0.002165424961687,0.0020946823945883,0.0003816685550596,0.0120892405758874
0.0134787823405105,0.0220176730486008,0.015369396764916,0.0002945034110642,0.0003561027980749,0.0002582760688002,0.0081327618419606
0.002570106802216,0.0,0.0081518254593416,0.0006833865654537,0.0006648384063225,0.0002154580552755,0.0067589845037916
0.0081101147981038,0.0081737849779086,0.0221656377658502,0.0018316515040043,0.0018693911368789,0.000670177150981,0.0193061508590687
0.0053686675424067,0.0077319587628865,0.0250050376449467,0.0039828383314705,0.0029894808676534,0.0008551290816048,0.0250943327105542
0.0166200239876634,0.0101620029455081,0.0531608932202458,0.0060482453364351,0.0049761355099581,0.0018909009327281,0.0532476096274315
0.0137072362784853,0.0042709867452135,0.082800564216234,0.0178492234238588,0.0137361455001908,0.0029548533294938,0.0828845660695314
0.0122793991661431,0.000441826215022,0.0656176152704757,0.0102945001202782,0.0099125776543906,0.0019264686116943,0.0544565336850203
0.1127991318750357,0.1187776141384388,0.0459616406235688,0.000550438809863,0.0005111581904382,0.0013508878068866,0.0460490163754258
0.0027985607401907,0.0,0.0,0.0,0.0,3.3515697487312048e-06,0.0
0.0026843337712033,0.0,0.009324222828775,0.0008598385123541,0.0008468710261537,0.0002475373657277,0.0077297871560977
0.0134216688560169,0.0189248895434462,0.0194361501401381,0.0007914121015146,0.000684498336724,0.0005465110671911,0.0161189874345166
0.000171340453481,0.0007363770250368,0.0032973676015314,0.0006831671797184,0.0004828397414661,3.549927958348861e-05,0.0033886507674836
0.0803586726826203,0.0276877761413843,0.0310135741632929,0.0003342780448738,0.0003161717477258,0.0008661413822078,0.0311023189361468
0.0033125821006339,0.0052282768777614,0.0327904889263404,0.0091499208620806,0.0076582050133807,0.0009243492568235,0.0285379345715646
0.0049117596664572,0.0,0.0026928502079173,4.192461401547892e-05,3.743535970227916e-05,7.647050977717795e-05,0.0022346778034216
0.1351876177965617,0.1635493372606774,0.5618348018831633,0.0699770292165855,0.0697737381393363,0.0168377392225657,0.4662783456057442
0.0247301387857673,0.0060382916053019,0.0119437982011027,0.0001716473992972,0.0001106932178044,0.0003554031921307,0.0120342894823606
0.0033696955851276,0.0008100147275405,0.0550660389455751,0.0242686255472714,0.0229144128698454,0.0014850873956011,0.0457009927830897
0.0147923924838654,0.0182621502209131,0.0531608932202458,0.0067485684806539,0.0051732101836198,0.0018778366506463,0.0532476096274315
0.0046261922439888,0.0070692194403534,0.0103317518181318,0.0006434144844824,0.0005553675676104,0.0002880981996256,0.0085723705901747
0.0035981495231024,0.0040500736377025,0.0083350125483155,0.0006488333121443,0.0004943844328935,0.0002800954718582,0.00842583434077
0.0283282883088697,0.0347569955817378,0.0902013226107824,0.0102624259257776,0.0084433119403976,0.0032229789093923,0.0902846466644686
0.0251870466617168,0.0262150220913107,0.1118723552364029,0.0178191895166965,0.0147227752025664,0.0040118289892315,0.1119536945451881
0.0126220800731052,0.0169366715758468,0.0314532231768305,0.0022601118450417,0.0017781710971146,0.0009069758136363,0.0261017694252115
0.0133074418870295,0.0,0.0063016358607045,7.546869294256875e-05,7.592332362294554e-05,0.0001593705615213,0.0052203538850423
0.0055400079958878,0.0005154639175257,0.053399036435912,0.0145808147393867,0.0139560039619343,0.0015127207461825,0.0443088984137451
0.0012564966588611,0.0002945508100147,0.0037736540328637,0.0003299122687413,0.0002518100930177,0.0001098494084992,0.0038648935780488
0.0672225712490719,0.0909425625920471,0.0674128487424206,0.0022605506165123,0.0016244059937932,0.002254170053861,0.0674982598820383
0.0141070306699411,0.0200294550810014,0.053307442891425,0.0071502198848378,0.0051380667847156,0.001892200520998,0.0533941458768362
0.0103946541778513,0.0117083946980854,0.0439465826448551,0.0065261990993557,0.0049689370553033,0.00154363726713,0.0440341429461112
0.0116511508367125,0.0136966126656848,0.0553225008701386,0.0076855210789653,0.007639529777248,0.0016186029904894,0.0459024801260211
0.2600376948997658,0.2896170839469809,0.4831925845866383,0.0318270564697785,0.028212356653344,0.0171282314005833,0.4832399164743378
0.0075389799531669,0.0003681885125184,0.0268918646613786,0.0027374952050505,0.0026169099068069,0.0007674410730768,0.022310143971865
0.0101662002398766,0.01480117820324,0.0118338859477184,0.000382652599507,0.0003290237056826,0.0003287274329061,0.0098179287101146
0.0067965046547489,0.0094256259204712,0.1309604499074905,0.0399939098519881,0.0676042359578055,0.0020755792658215,0.0600249111623987
0.0105659946313324,0.0033873343151693,0.0123101723790507,0.0003390825924768,0.0003993105034909,0.0002910393730786,0.0086639557460526
0.0491175966645725,0.0687776141384388,0.0374983971129714,0.0009430734603262,0.0006255525004944,0.0012352928502467,0.0375865479723046
0.0066251642012679,0.0014727540500736,0.0507611423546868,0.0111248970669553,0.0112907082160563,0.0014519820944096,0.0421291717038502
0.0267291107430464,0.0126656848306332,0.0496437011119456,0.0032104908503533,0.0023464585326313,0.0017285891977538,0.0497307396417188
0.0404363470215317,0.0037555228276877,0.0776896444338603,0.0042799085556378,0.0037440792498245,0.0022276310934017,0.0644759497380664
0.000913815751899,0.0,0.0019967392698162,0.0001267391392817,8.512512179012517e-05,5.800267646784065e-05,0.0020881415540169
0.003655263007596,0.0053755522827687,0.0251515873161259,0.0056929940152668,0.0043822969559144,0.0008273589322582,0.0252408689599589
0.0051973270889256,0.002061855670103,0.0199307552803678,0.0021482251200396,0.0019395081598133,0.0005601909437165,0.0165402791515551
0.0150779599063338,0.0234167893961708,0.0091043983220062,0.0001744555367091,0.0001096915460482,0.0002889189922171,0.0091951496501447
0.0330115940373522,0.0385861561119293,0.0680906409716243,0.00497428634643,0.004291161803587,0.0024116254326688,0.068175990035535
0.0815580558569878,0.0970544918998527,0.0891937936214255,0.0033113863500169,0.0027278917418971,0.0030279038701396,0.0892772099498113
0.0050259866354446,0.0079528718703976,0.0333766876110571,0.0075147512226092,0.0049183441428712,0.0011315993861839,0.0334652159577975
0.0122793991661431,0.0143593519882179,0.0602868709813332,0.0090971805313149,0.0092749032278974,0.00185293927537,0.0524599772868813
0.0178194071620309,0.0231958762886597,0.0191430507977797,0.0007107000894984,0.0005322442297807,0.00066155882877,0.0192328827343664
0.005140213604432,0.0072164948453608,0.0521167268130942,0.0148548275227741,0.0139589750222281,0.001465114775874,0.043246510605561
0.0232451881889314,0.0234167893961708,0.0344391727271061,0.0014435581382619,0.0014362954334752,0.000974349205524,0.0285745686339158
0.0035410360386087,0.001840942562592,0.0214328894099543,0.0035165339510942,0.0035953225052842,0.0005809843560351,0.017785837271495
0.0063395967787994,0.0008836524300441,0.0033156863104288,5.956322713345141e-05,4.3020953054683165e-05,0.0001138849720742,0.0034069677986591
0.0116511508367125,0.009720176730486,0.0228434299950539,0.0015593718679258,0.0010797172657532,0.0007953480211887,0.022932923031835
0.0928094123022445,0.1203240058910162,0.1287622048398028,0.0061682493336432,0.0046540555966193,0.0044459598707661,0.1288419972890793
0.0151921868753212,0.0005154639175257,0.0122918536701533,0.0003385780052856,0.000273405456982,0.000418467422913,0.0123823130746968
0.0256439545376663,0.0337260677466863,0.0159739141585301,0.000325217414006,0.0002368699041116,0.0005220924875932,0.0160640363409898
0.0119367182591809,0.006701030927835,0.1487479162468629,0.0546893536380681,0.0556943078440524,0.0043887095875072,0.1234384730922812
0.0279284939174139,0.0327687776141384,0.1501401381230651,0.0291289848813611,0.0251856950882991,0.0054184622929593,0.1502179726709895
0.0076532069221543,0.0008100147275405,0.0067962410009342,0.0001627842155912,0.000163764843396,0.0001833103454408,0.0056416456020808
0.0407219144440002,0.0458026509572901,0.0757112238729414,0.0049869668419302,0.0044205811899863,0.0026822817897245,0.0757958750045792
0.0129647609800673,0.0197349042709867,0.1248053637179651,0.0428971729186299,0.0290325730242903,0.0044561513787776,0.1248855185551525
0.0131361014335484,0.0179675994108983,0.0298594955027569,0.0023601517403376,0.0017710914848715,0.0010383026282804,0.0299483459720848
0.1069735564566794,0.1443298969072164,0.1105900456135851,0.0038408518835855,0.0027673134676244,0.0037152492661601,0.110671502362897
0.0161060026272202,0.0237849779086892,0.1188517833263111,0.0291791803375973,0.0218096877651618,0.0039541683096768,0.110579917207019
0.0182192015534867,0.0237113402061855,0.0116140614409496,0.0002364539455043,0.0001829833591252,0.0003709298519871,0.0117045829212001
0.0145639385458906,0.019661266568483,0.0093974976643646,0.0002025807879743,0.0001393512165244,0.0003139531662587,0.009488222148954
0.0149066194528528,0.0198821796759941,0.0157907270695561,0.000567331511481,0.0004244032298583,0.0005355671659707,0.0158808660292339
0.0013136101433548,0.0021354933726067,0.0058803055560644,0.0007535241850286,0.000637623494031,0.0001683308806454,0.0059713521632413
0.0784168142098349,0.1059646539027982,0.0606898825770759,0.0015263323761899,0.0010686818989475,0.0019721593992892,0.0607759094405978
0.0050831001199383,0.006921944035346,0.0083533312572129,0.0003801516021246,0.0003561197755623,0.000231326712045,0.0069238377843719
0.0159917756582329,0.0231222385861561,0.1044349594240598,0.0243890025002295,0.0173251693576521,0.0037346062914436,0.1045169798878997
0.0599691587183734,0.0702503681885125,0.4820385059261023,0.1229631158829458,0.1215148040888784,0.0152975219245671,0.4193501117338902
0.0408361414129876,0.0390279823269514,0.207093004085072,0.0314979778668313,0.0305169487020634,0.0062110059394603,0.1718687035205334
0.0017705180193043,0.0036082474226804,0.0046529520599388,0.0003789230420069,0.0002328632170868,0.000144185898578,0.004744111074477
0.0067965046547489,0.0002945508100147,0.027972668486325,0.0032830197744429,0.0032405779062007,0.000797673600198,0.0232076784994688
0.0707636072876806,0.0806332842415316,0.2772353404532048,0.0395101862442291,0.0344295974242163,0.0100848733739329,0.2773015349672125
0.0215888971386144,0.0287923416789396,0.0719742072578724,0.0070681257426892,0.0064703411529319,0.0021201072639118,0.0597318386635894
0.003655263007596,0.0013991163475699,0.0162853322097858,0.0019893459705367,0.0019168092591684,0.0004465111697901,0.0135179690075832
0.0081101147981038,0.0023564064801178,0.0478484676400007,0.0081371046765031,0.0083812422464876,0.0013792051512942,0.0397113235886727
0.0260437489291221,0.032621502209131,0.043891626518163,0.0021025928870976,0.0020745810495146,0.0012476047391196,0.036414257977067
0.0030841281626592,0.0045655375552282,0.017677554085988,0.0027098526024029,0.0025721742275255,0.000472776532719,0.0146719419716452
0.0123936261351305,0.0067746686303387,0.0453754419388521,0.0058689194364024,0.0049622818802451,0.0016030079312504,0.045462871377807
0.006054029356331,0.0007363770250368,0.0031141805125574,5.2213805000962194e-05,3.752024713924567e-05,0.0001015046838187,0.0032054804557277
0.010280427208864,0.0,0.0097455531334151,0.0003151256701822,0.0002438646289177,0.000332420999568,0.0098362457412902
0.0026272202867096,0.0042709867452135,0.0112110498452069,0.0012620822580232,0.0011117537844644,0.0002957589304798,0.0093050518371982
0.0043406248215203,0.0008836524300441,0.0223671435637216,0.0031876527953088,0.003171615352409,0.0006186040164801,0.0185551525808696
0.1218801759095322,0.132621502209131,0.9551558006191724,0.2276359333212158,0.253173826670142,0.0290468922227507,0.7927061581858812
0.029184990576275,0.0316642120765832,0.0568246349997252,0.003879046940101,0.0036338274466923,0.0019922688177816,0.056911015862549
0.0059398023873436,0.0027982326951399,0.0373518474417923,0.0069783092226582,0.0068888022622026,0.0011097115837432,0.032512730336667
0.0145639385458906,0.011561119293078,0.0576856143179028,0.006701203100403,0.0063085287205862,0.001691858729283,0.0478624024618089
0.0194185847278542,0.0251840942562592,0.0426642730220374,0.0033211709538112,0.0025305963608993,0.0015116263560605,0.0427519507638202
0.0125649665886115,0.0177466863033873,0.0525014196999395,0.0067277268358006,0.005644267548835,0.0016101214670436,0.0456826757519141
0.0093094979724713,0.0124447717231222,0.0321859715327263,0.0038931534428806,0.0030426034257072,0.0011260590361911,0.0322746089313844
0.0179336341310183,0.0237849779086892,0.022110681639158,0.0009267950387671,0.0006967221276472,0.0007517092150726,0.0222002417848115
0.0045690787594951,0.0017673048600883,0.0075289893568301,0.0004237874248754,0.0002930653873835,0.0002571816786781,0.0076198849690442
0.0496316180250157,0.0609720176730486,0.0679807287182399,0.0028494916229202,0.0025831416843816,0.0020803672226054,0.0612155181888119
0.0120509452281683,0.0164948453608247,0.0045796772243492,5.484643382454124e-05,3.819934663497934e-05,0.0001443226973433,0.0046708429497747
0.0080530013136101,0.000441826215022,0.0146000109912253,0.0007518568534403,0.0007036149875289,0.0004147054568685,0.012107557607063
0.0086812496430407,0.0124447717231222,0.003462235981608,4.561029436848835e-05,2.887870605604442e-05,0.0001143637677526,0.0035535040480638
0.0454052201724827,0.0704712812960235,0.2507648060964663,0.0417440814939027,0.032304270664883,0.0075584737772156,0.2081181082170201
0.0150208464218401,0.018041237113402,0.2040887358258989,0.0865238472842733,0.0854940765461596,0.0063681193213549,0.1775653002161409
0.0013707236278485,0.0023564064801178,0.0020883328143032,0.0001025408926783,6.193387401084549e-05,6.730499250513589e-05,0.0021797267098948
0.0031412416471528,0.0047864506627393,0.0019967392698162,4.543478578024872e-05,3.3309830265701137e-05,7.147735484539282e-05,0.0020881415540169
0.0153064138443086,0.0061855670103092,0.0226052867793877,0.0011641045886391,0.0009637100943946,0.0007882344853955,0.0226948016265523
0.0178765206465246,0.013181148748159,0.1151330854201395,0.0220614295415836,0.0220876262112779,0.0034254410819687,0.0955416346118621
0.0088525900965217,0.008100147275405,0.0505596365568154,0.010111927311363,0.0083407000065923,0.0017705180193043,0.0506465912004982
0.0077674338911416,0.0106038291605301,0.0158090457784535,0.0009087834698991,0.0008497911539854,0.0004465111697901,0.0131149943217203
0.003655263007596,0.0,0.0123284910879481,0.0011368788188886,0.0010740298074764,0.0003370721575866,0.0102209033959775
0.0134787823405105,0.0222385861561119,0.0157907270695561,0.0006240646626291,0.0003804994474591,0.0005326943919004,0.0158808660292339
0.0226740533439945,0.0075110456553755,0.1238894282730953,0.0201783978983724,0.0195191870309788,0.0036930194668062,0.1028134959885701
0.0050831001199383,0.002061855670103,0.1215446335342285,0.0818060886781274,0.0777254839097476,0.0034212003202458,0.1008718906839579
0.0042263978525329,0.0011045655375552,0.0084815622194947,0.000467247739038,0.0004401922931341,0.0002328314984628,0.0070337399714254
0.0098806328174081,0.0,0.0215244829544413,0.0013404468426717,0.0014562439811623,0.000615320846114,0.0178591053961973
0.0463190359243817,0.050441826215022,0.0461814651303376,0.0015486000283226,0.0009844056515271,0.0015532131806978,0.0462688207495329
0.0306128276886172,0.0058173784977908,0.1595376357874297,0.0299968967887741,0.0230656822825199,0.0057559448468417,0.1596146096640656
0.0054828945113941,0.0015463917525773,0.0030592243858652,5.861986847166824e-05,4.252860592027589e-05,0.0001050614517153,0.0031505293622009
0.0026272202867096,0.0006627393225331,0.0512374287860191,0.0260175686290683,0.0261648037637595,0.0013340615587603,0.0425138293585375
0.0030270146781655,0.005081001472754,0.0174577295792192,0.002697062414035,0.0022489568225314,0.0004676465790219,0.0144887716598893
0.0057113484493688,0.0,0.0049277326933997,0.0001180295255904,0.0001141736027201,0.0001367987652543,0.0040846979521559
0.0243874578788051,0.0321060382916053,0.1416219384857755,0.0296812445928271,0.0228380141765754,0.0051111438668154,0.1417005531743415
0.0097092923639271,0.0138438880706921,0.0165601128432468,0.0007932988188381,0.0007059918357639,0.0004651158018647,0.0137377733816902
0.0971500371237649,0.1399116347569955,0.2399567678470021,0.021265629725363,0.014455226978735,0.0086097038888126,0.2400263765248928
0.0067965046547489,0.0088365243004418,0.0340544798402608,0.0050979760239911,0.0048604169558852,0.0010174408165791,0.0296369564420998
0.0094237249414586,0.0103092783505154,0.2472476139881661,0.229185213445318,0.2204376317484854,0.0087352851553161,0.2473165549327765
0.003483922554115,0.0028718703976435,0.0130429207349466,0.0013277224700245,0.0012692369575249,0.0003546507989218,0.0108253654247719
0.0211319892626649,0.0279086892488954,0.0432321529978567,0.003106502011822,0.0023639453446464,0.0015184662943232,0.0433197787302634
0.0142212576389285,0.0019145802650957,0.0105149389071058,0.0002518548241222,0.0001851564775115,0.0003406289254833,0.0106055610506649
0.0068536181392426,0.0089101620029455,0.0428840975288061,0.0080632374994282,0.0076309052136522,0.0012886443686959,0.0373301095358464
0.0483751213661545,0.0630338733431516,0.0461631464214402,0.0014927005429687,0.0011123649740106,0.0015642254813008,0.0462505037183573
0.0067393911702552,0.001840942562592,0.0362527249079484,0.0055573039379849,0.0055437438459791,0.0010331042752007,0.0300765651903139
0.0212462162316522,0.0100883652430044,0.0327172140907508,0.0017632031545913,0.0015464114167083,0.0011450056651788,0.0328058028354764
0.01285053401108,0.0170103092783505,0.0929124915275971,0.0239235756627944,0.0184275006366133,0.0033088201345894,0.0929955672784555
0.0117653778056999,0.0060382916053019,0.0620271483265859,0.0095826372863827,0.0087953231640107,0.0018176451939344,0.0514708576033996
0.0797875378376834,0.0976435935198821,0.2686805033981205,0.0331426249700675,0.0266439424129739,0.0098420555656064,0.2731435688903542
0.0043406248215203,0.001620029455081,0.01864844565755,0.0026800161424023,0.0016418928058083,0.0006238023695598,0.0187383228926255
0.0028556742246844,0.0052282768777614,0.0228434299950539,0.0048422600109275,0.0037260831131876,0.0006053345362504,0.0189581272667326
0.0199326060882974,0.0248895434462444,0.3066368682335269,0.141750695973822,0.1398195914466128,0.0092143544312368,0.254478514122431
0.003655263007596,0.0,0.0805473630218542,0.0482319539053019,0.0530015085685973,0.0021887802440694,0.0668388467597171
0.0335827288822891,0.0448453608247422,0.0459982780413636,0.0022035103253347,0.0016199578920962,0.001608753479391,0.046085650437777
0.0152493003598149,0.0074374079528718,0.0405393027899393,0.0037869049312757,0.0031184079069184,0.0014244855425934,0.0406271751474521
0.0410645953509623,0.024300441826215,0.1770136840755463,0.0228951830900107,0.0252642329449806,0.0053113488597651,0.1469025900282082
0.0028556742246844,0.0008100147275405,0.1085749876348715,0.1085749876348715,0.1085749876348715,0.0028556742246844,0.0901014763527127
0.0050831001199383,0.0033136966126656,0.0284123174998626,0.0044575013083616,0.0043184616033155,0.0007974684020502,0.0235740191229805
0.0426637729167856,0.0222385861561119,0.0583084504204143,0.0027932191818162,0.002161573694918,0.0020437735528999,0.0583946953877715
0.0083385687360785,0.003460972017673,0.0100936086024656,0.000338468312418,0.0003180562488265,0.0002796166761798,0.0083708832472432
0.0305557142041235,0.0078792341678939,0.0503214933411493,0.0023503451979698,0.0025650436828203,0.0014271531185159,0.0417628310803385
0.0459192415329259,0.0013254786450662,0.0293648903625272,0.000597848067261,0.0004082236843724,0.0009348827617481,0.0294537861303439
0.0037694899765834,0.006921944035346,0.0126215904303064,0.00140575797607,0.000853916683422,0.0004198354105655,0.0127120196358574
0.0058826889028499,0.0087628865979381,0.0190880946710875,0.0021259794064804,0.0015213866002905,0.0006551976861856,0.0191779316408396
0.0115369238677251,0.0081737849779086,0.064756635952298,0.0128737743330316,0.0099025439593412,0.0022935680982543,0.0648422903615782
0.0506025472614084,0.0572901325478645,0.0137207129641502,9.859194944299449e-05,7.62968283455978e-05,0.000363611118046,0.0138110415063926
0.0037123764920897,0.0054491899852724,0.0726153620692813,0.0466999394385677,0.0360721353745456,0.0023874804506014,0.072700296735905
0.1897309954880347,0.2151693667157584,0.8976716920991409,0.1548080522901511,0.1364394416165515,0.0327200758685951,0.8976810638531707
0.0031412416471528,0.0008836524300441,0.008078550623752,0.0005611448337456,0.0005390691797128,0.0002181940305806,0.0067040334102648
0.0795590838997087,0.1053755522827687,0.3148619685284581,0.04638086482515,0.0338498501847091,0.011719481819957,0.3220317250979961
0.0187332229139299,0.0248159057437407,0.0114675117697704,0.0002060032054449,0.0001594186066233,0.0003365249625256,0.0103491226142066
0.003655263007596,0.0028718703976435,0.0173478173258348,0.0022437895463355,0.0019775547090617,0.000472776532719,0.0143971865040114
0.0031412416471528,0.003460972017673,0.0118888420744105,0.0012102414087723,0.0011238757104632,0.000319767113782,0.0098545627724658
0.0967502427323091,0.1090574374079528,0.1560387623880268,0.0087830201583679,0.0078091688312821,0.0054458220460102,0.1561160567095285
0.0081101147981038,0.0111192930780559,0.0073824396856509,0.0002033486380478,0.0001710481854877,0.0002233923836603,0.0066857163790892
0.0032554686161402,0.0030927835051546,0.0395317738005825,0.0128774161362376,0.0123834472146403,0.0010604640282516,0.0328058028354764
0.003483922554115,0.0054491899852724,0.0115041491875652,0.0010195293890776,0.0009062582770556,0.000308754813179,0.0094149540242517
0.0425495459477982,0.0156848306332842,0.1636959827071388,0.0188201369339944,0.0182052992816094,0.0048919238454953,0.1358574202293292
0.0180478611000057,0.0100147275405007,0.1906244847863122,0.0602692981839358,0.0655437292453399,0.0057061500962892,0.1582041982635454
0.0090810440344965,0.014580265095729,0.0841011925479492,0.0273958375725056,0.0178490946186101,0.0029581364998599,0.0841850752829981
0.0123936261351305,0.0191458026509572,0.0161937386652988,0.0007175668630132,0.0004652510645266,0.0005491786431135,0.0162838407150968
0.0186189959449426,0.0259941089837997,0.4647456447269596,0.4202191158908437,0.3083947003007443,0.0168351400460259,0.4647946660805216
0.0038266034610771,0.0046391752577319,0.0119987543277949,0.0010346231276661,0.0009674621191085,0.0003299586217934,0.0099461479283437
0.012108058712662,0.0039027982326951,0.0328088076352378,0.0025539790374736,0.0024629410736369,0.0009425434926024,0.0272191083269223
0.0571705979781826,0.0558173784977908,0.0919965560827272,0.0051782492645367,0.0048598736762886,0.0032179857544605,0.0920797157196761
0.0061111428408247,0.0095729013254786,0.0349520965762333,0.0068648429203619,0.004696991662237,0.0012002723663416,0.035040480638898
0.0017134045348106,0.0008100147275405,0.0015204528384839,4.734344167734299e-05,3.2410023433855086e-05,5.3351518449192334e-05,0.0016118987434516
0.0091952710034839,0.0079528718703976,0.0274963820549927,0.0028648925015381,0.0025228376491605,0.0009580701524588,0.0275854489504341
0.0097092923639271,0.0142120765832106,0.1036655736503691,0.0324032511649656,0.0279579999372172,0.0030348806071676,0.0860350954317324
0.0089668170655091,0.0,0.0650130978768616,0.0137033595524881,0.0128941639904062,0.001890011740754,0.0539436568121039
0.0197041521503226,0.0260677466863033,0.106431698693876,0.020649024177734,0.0158809114825894,0.0038228414950326,0.1065135362860387
0.0346107716031755,0.0461708394698085,0.0166700250966311,0.0002395692229455,0.0001699446488071,0.0004974003104647,0.0167600835256621
0.0066822776857616,0.009941089837997,0.0183919837329865,0.0017400798980909,0.0012443140060315,0.0006322154936229,0.0184818844561673
0.0788737220857844,0.0913843888070692,0.1019619337229112,0.0045180737098774,0.0038743644880809,0.0034950032541006,0.1020441806791955
0.0068536181392426,0.006921944035346,0.0653794720548095,0.0179304180844926,0.015572311694241,0.0018796150345946,0.0542550463420888
0.0110800159917756,0.0149484536082474,0.0584000439649013,0.0109106668964366,0.0083892556205372,0.0020700389158287,0.0584862805436494
0.042777999885773,0.0477172312223858,0.0842477422191284,0.0058519389804903,0.0052313241229671,0.0029714059800896,0.0843316115324028
0.0313553029870352,0.0339469808541973,0.0747586510102768,0.0063567236188379,0.0058892357144332,0.0026661395354245,0.0748433893834487
0.000913815751899,0.001620029455081,0.0100569711846709,0.002758139402742,0.0021251060519971,0.0002506153379459,0.0101476352712752
0.0480324404591924,0.0235640648011782,0.2409276594185641,0.0363555510020827,0.0375123695850961,0.0072480089794709,0.1999487123127083
0.0129076474955737,0.0009572901325478,0.0201139423693418,0.0008912764882223,0.0006710861216833,0.0005719556375284,0.0166868154009598
0.0027985607401907,0.0019145802650957,0.0549378079832933,0.0283571200488615,0.0273416152799152,0.0014445265617032,0.0455910905960361
0.0175338397395625,0.0102356406480117,0.0470607631574126,0.0044524554364498,0.0035764435393029,0.0016588902268568,0.047148038245961
0.4354332057798846,0.1013254786450662,0.4613750022898386,0.0165763473876588,0.0132554449221361,0.0156443067944868,0.4614243323442136
0.0062824832943057,0.0069955817378497,0.0033156863104288,4.765058170676106e-05,4.3020953054683165e-05,9.028718506786609e-05,0.002747554676338
0.0026272202867096,0.0043446244477172,0.0069611093810108,0.0004918628185384,0.0004257953838245,0.0001856359244501,0.0057698648203099
0.0933805471471814,0.1090574374079528,0.2990712414589019,0.0343842385389875,0.0293804926734416,0.0107359670971609,0.2991354361285123
0.0676223656405277,0.0379970544918998,0.0657824836505523,0.0017331911860025,0.0016460862451945,0.0017816671186725,0.0545847529032494
0.0340396367582386,0.0428571428571428,0.0368206048837677,0.0011024133198732,0.001057867239478,0.0010191508011448,0.0305528080008792
0.0217031241076018,0.014580265095729,0.0202055359138287,0.000629154411688,0.0005056065520605,0.0006757859003564,0.0202952705425504
0.0070249585927237,0.0094256259204712,0.0256095550385608,0.0026683009441374,0.0025633289565936,0.0007319417934933,0.0212477561636809
0.0070249585927237,0.0028718703976435,0.0299510890472439,0.0036586959075675,0.0035530485616749,0.0008581386544404,0.0248562113052716
0.0158204352047518,0.019661266568483,0.0310685302899851,0.0021208457802744,0.0017564229357637,0.0010799578523004,0.0311572700296735
0.0169055914101319,0.0200294550810014,0.0819395848980563,0.0142290297128361,0.0123023287798749,0.0029357015023582,0.0820236656042788
0.0147923924838654,0.0182621502209131,0.1004964370111194,0.021182482531685,0.0203041920930713,0.003117917457677,0.0874455068322526
0.0057684619338625,0.008100147275405,0.046199783839235,0.0126703598792632,0.0097623268909597,0.0015820093207838,0.0462871377807085
0.2258267176880461,0.2860824742268041,0.3094029932770338,0.0148217002767441,0.0114699904829298,0.0108180463563135,0.3094662417115434
0.0221600319835513,0.0301178203240058,0.1640623568850867,0.036349144938612,0.0328428814524362,0.0049097076849784,0.1361504927281386
0.0139928037009537,0.0087628865979381,0.0704537544193885,0.0126563630693512,0.0099249033102382,0.0025136773115485,0.0705388870571857
0.0071391855617111,0.0024300441826215,0.0455219916100313,0.0083411553489039,0.0095769157511372,0.0013081381927446,0.0377697182840605
0.014678165514878,0.0189985272459499,0.103061056256755,0.0214761961541022,0.0205357989760911,0.0030586835923218,0.0855222185588159
0.013021874464561,0.0133284241531664,0.0700873802414405,0.0110796816669103,0.0116271001512677,0.0020585478195473,0.0581565739824889
0.0704780398652121,0.0897643593519882,0.2530180072908461,0.0269683864058506,0.0257942361464254,0.0075120305964118,0.20998644539693
0.0375235593123536,0.0445508100147275,0.0132077891150231,0.0001265416921199,9.792614728469349e-05,0.0003595071550884,0.0132981646334762
0.1028613855731338,0.1189985272459499,0.5379838428987525,0.1024424323603612,0.0887498832585523,0.0195867788097344,0.5380261567205188
0.0045119652750014,0.0006627393225331,0.0501749436699701,0.0155031562477272,0.0149734308264414,0.001394116216707,0.0416346118621093
0.0030270146781655,0.0037555228276877,0.0168165747678103,0.0027994058595516,0.002836530683727,0.0005038982518143,0.0156976957174781
0.0169055914101319,0.0101620029455081,0.1914854641044899,0.0646693423682229,0.0706313389375227,0.0057094332666553,0.1589185624793933
0.0194185847278542,0.021060382916053,0.0672662990712414,0.0082975195261531,0.0063588160382452,0.0023953463796035,0.0673517236326336
0.0083956822205722,0.0105301914580265,0.0149847038780706,0.0007537216321903,0.0007638171578256,0.0004222977883401,0.0124372641682236
0.0051973270889256,0.0029455081001472,0.0257011485830478,0.0043091746127265,0.003001246266417,0.0008714081346701,0.0257903798952265
0.0121651721971557,0.003460972017673,0.0535089486892963,0.0068568353410235,0.0074882773420609,0.0015588903294558,0.044400483569623
0.0283854017933634,0.0376288659793814,0.0635476011650698,0.0050229241639456,0.0037692738411162,0.0022436365489365,0.0636333663039894
0.0065109372322805,0.0084683357879234,0.0393485867116085,0.0071157324472489,0.0067465139403591,0.0011774269725441,0.0342528482983478
0.0138785767319664,0.0080265095729013,0.124384033413325,0.0399220610236779,0.0307789962199794,0.0044544413942119,0.124464226838114
0.0142212576389285,0.0,0.0301709135540127,0.001842774360784,0.0017336391476819,0.0008686037599824,0.0250393816170275
0.0089668170655091,0.0027245949926362,0.0568979098353148,0.010493746245076,0.01007182648614,0.0016537602731597,0.0472213063706634
0.0098235193329145,0.0124447717231222,0.0743190019967392,0.0176229489764722,0.0163928845924225,0.0023294093747509,0.0661611166062204
0.0157062082357644,0.01620029455081,0.0586748245983623,0.0077998868627763,0.0064167092702564,0.0020878911546944,0.0587610360112832
0.0024558798332286,0.0,0.0050010075289893,0.0002695153758137,0.0002178381407437,0.0001323528053835,0.0041396490456826
0.005311554057913,0.0,0.0221290003480554,0.0025971760887538,0.0025430917916208,0.000623391973264,0.0183536652379382
0.0027985607401907,0.001620029455081,0.0146916045357123,0.0020409893726258,0.0019062322845224,0.0003887820908528,0.0121808257317653
0.0677937060940088,0.0889543446244477,0.1427576984374141,0.0105999728181073,0.0080706391146267,0.0050337841650641,0.1428362091072279
0.0016562910503169,0.0023564064801178,0.0039568411218377,0.0002938013767113,0.0002236953738944,0.0001229820899636,0.0040480638898047
0.0042835113370266,0.0044918998527245,0.0598655406766931,0.0231575684294273,0.0223594188069576,0.0016569750441432,0.0496757885481921
0.003655263007596,0.0029455081001472,0.0241806957445639,0.004372796475963,0.0035184144873925,0.0006610116337089,0.0200571491372678
0.0251299331772231,0.0,0.3534961255930682,0.1498654233053247,0.1467713292545825,0.0106538878380083,0.2933655713082023
0.0309555085955794,0.016421207658321,0.0531792119291432,0.0026111948372393,0.0028585674623635,0.001519971080741,0.0441257281019892
0.0105659946313324,0.0136229749631811,0.0258110608364322,0.0021947129573493,0.0017701747005523,0.0008984258908079,0.0259002820822801
0.0100519732708892,0.0104565537555228,0.1169649563098792,0.0481867604438304,0.0485637631388562,0.0041411722217795,0.1170458292120013
0.0071391855617111,0.0114874815905743,0.0261957537232775,0.0027607500929921,0.0021850026275208,0.0007523932088988,0.0217423160054218
0.0703638128962248,0.0913107511045655,0.1866859623733719,0.0176625042245465,0.0134953707739786,0.0066571751123374,0.1867604498662856
0.005140213604432,0.000441826215022,0.0038469288684533,9.67491092664898e-05,7.130544705196071e-05,0.0001292748331653,0.0039381617027512
0.0728768062139471,0.111340206185567,0.0214145707010569,0.0001538771547381,7.938673105118366e-05,0.0005236656733936,0.0215041946001392
0.0261008624136158,0.0339469808541973,0.0371320229350235,0.0015119626105279,0.0014109480447969,0.001062789607261,0.0308092464373374
0.0038837169455708,0.0005154639175257,0.0459616406235688,0.0149168917472899,0.0148661840385778,0.0012604638230535,0.0381360589075722
0.0041121708835456,0.0047128129602356,0.0094524537910568,0.0005999761088934,0.0006132268446468,0.0002610120441052,0.0078396893431512
0.0391227368781769,0.0440353460972017,0.0742823645789444,0.0049818112771507,0.0044059975283155,0.0026238003175783,0.0743671465728834
0.0030270146781655,0.0005154639175257,0.0441664071516239,0.0171376238528456,0.0170689451179121,0.0011745541984737,0.0366523793823497
0.0026843337712033,0.0041973490427098,0.0047995017311179,0.0002816474069757,0.0002090607797613,0.0001575237781903,0.0048906473238817
0.0424924324633045,0.0494845360824742,0.0782208869918848,0.0050585962845051,0.0043496322701696,0.0027480135964292,0.0783053082756346
0.0235307556113998,0.03100147275405,0.30696660499368,0.1455793719490985,0.1123742437187243,0.0111594960743884,0.3070300765651903
0.0028556742246844,0.0047864506627393,0.0119254794922053,0.0013282270572156,0.0011162867735984,0.0003180571292163,0.009891196834817
0.0228453937974755,0.0301178203240058,0.0483797101980252,0.0035922659069192,0.0027350901965519,0.0016963046891538,0.0484668644906033
0.006054029356331,0.006921944035346,0.0336697869534155,0.0064516957036484,0.0049615348707998,0.0011600535293568,0.0337582884566069
0.0047975326974698,0.001620029455081,0.0171463115279635,0.0017043639003843,0.0016049837482153,0.0004768804956766,0.0142323332234311
0.0035410360386087,0.0,0.0881313085053765,0.0594226666928466,0.0570117269107996,0.002387548849984,0.0731399054841191
0.0549431720829287,0.0586156111929307,0.1068530289985161,0.0060144818717727,0.0069320778775682,0.0030926096861049,0.0886727479210169
0.0037123764920897,0.0054491899852724,0.0568063162908278,0.0285732369367038,0.0220591719424067,0.0018673031457217,0.0568926988313734
0.0041121708835456,0.001840942562592,0.0013922218762021,1.3338652706127772e-05,1.290289041892572e-05,3.939804439325087e-05,0.0011539729640619
0.0055400079958878,0.008321060382916,0.0242906079979483,0.0029963264955552,0.0026114092008915,0.000683378231828,0.0201487342931457
0.0661945285281855,0.0924889543446244,0.0276062943083771,0.0003306143030943,0.0002046805880139,0.0007927488446489,0.0276953511374876
0.0619110171911588,0.0706185567010309,0.1324809027459744,0.0099955651173609,0.0088402455956535,0.0046711306383748,0.1325603546177235
0.0033125821006339,0.0,0.0844675667258971,0.0578628121763031,0.0612957411921941,0.002269217918039,0.0700992783089716
0.0712205151636301,0.0722385861561119,0.9433402333803512,0.2564529736255564,0.455496071910253,0.019361744840891,0.5280616917609994
0.0035981495231024,0.000441826215022,0.0269834582058656,0.0054936381976013,0.0051266069807251,0.000732557387937,0.0223834120965673
0.0438631560911531,0.0497790868924889,0.3160893220245837,0.0723030664750843,0.0738225293328962,0.0100333686388146,0.2749935890390885
0.00696784510823,0.0094256259204712,0.1086116250526662,0.048777675921856,0.046504699512819,0.0031292717551931,0.0901381104150639
0.0071391855617111,0.0103829160530191,0.0440015387715473,0.0077990751355556,0.0068918072774712,0.0012653885786026,0.036505843132945
0.0466617168313438,0.0573637702503681,0.098353148070124,0.0073028684794583,0.0059248884379592,0.0034647023275967,0.0984357255376048
0.1811068593294877,0.2001472754050073,0.6044624374874059,0.0731146181870993,0.0661043258790675,0.0219063386733871,0.6044986628567242
0.017990747615512,0.0245949926362297,0.0924545238051622,0.0170514930131676,0.0126814360733679,0.0033180540512441,0.0925376414990658
0.0120509452281683,0.0036082474226804,0.0122735349612559,0.0004262664836843,0.0003298725800522,0.0004185358222956,0.0123639960435212
0.0142212576389285,0.0177466863033873,0.0129146897726648,0.0004021340528015,0.0003231664725319,0.0004428176031283,0.0130050921346668
0.0074247529841795,0.0102356406480117,0.01731117990804,0.0013890407830403,0.0010588858887216,0.0005957586226826,0.0174011796168077
0.0151350733908275,0.022680412371134,0.0208100533074428,0.0009968887811948,0.0006557384730797,0.000725033455848,0.0208997325713448
0.0126791935575989,0.0195876288659793,0.0683471028961878,0.0130964508543593,0.0086779917486355,0.0024295460709171,0.0684324284719932
0.0066822776857616,0.001620029455081,0.0107714008316693,0.0005933945368344,0.0003993105034909,0.0003681254772994,0.0108619994871231
0.0047975326974698,0.0,0.0237410467310263,0.0032697249988838,0.0029923840179977,0.0006607380361784,0.019690808513756
0.1037180878405391,0.1232695139911634,0.0215977577900309,0.0001034623127666,6.004937291018701e-05,0.0004968531154037,0.021687364911895
0.0280427208864012,0.0125184094256259,0.1291285790177508,0.0177841755533429,0.018310169221238,0.0038621711400432,0.1071546323771843
0.0207893083557027,0.0286450662739322,0.0433054278334463,0.0031636300572936,0.0022475476910778,0.0015187398918537,0.0433930468549657
0.0183334285224741,0.0279086892488954,0.0186667643664474,0.0006483067863796,0.0004152014316911,0.0006367298528763,0.0187566399238011
0.002741447255697,0.0,0.0378647712909194,0.0136948035088115,0.0132298598486344,0.0009915174505634,0.0314137084661318
0.0067393911702552,0.0009572901325478,0.0342743043470296,0.0049666955999887,0.0047012020791106,0.0009766063851507,0.0284463494156867
0.0772745445199611,0.1044918998527246,0.057923757533569,0.0013873953900256,0.0010199734876161,0.0018508872938912,0.0580100377330842
0.0830430064538237,0.109941089837997,0.6597483009397498,0.1919986073393523,0.1449122774075261,0.0241670066685978,0.659779462944646
0.0079387743446227,0.0103092783505154,0.0752898935683013,0.0206483660205281,0.0203750221704763,0.0021772207484055,0.0624793933399274
0.0265577702895653,0.0030191458026509,0.0329370385975196,0.0014200399874379,0.0010683932816618,0.0011450056651788,0.0330256072095834
0.0038837169455708,0.0013254786450662,0.0084449248016999,0.0005056841198622,0.0004695973012993,0.0002325579009323,0.0069971059090742
0.0116511508367125,0.0038291605301914,0.0141054058509956,0.0005912445566285,0.0004444706199572,0.000488371591958,0.0141956991610799
0.0094808384259523,0.0043446244477172,0.0103683892359266,0.0003849342111541,0.0002882777359386,0.0003519832229994,0.0104590248012602
0.0200468330572848,0.0247422680412371,0.0134092949128945,0.0002890626448288,0.0002361228946663,0.0004321472994384,0.0134996519764076
0.0183905420069678,0.0114874815905743,0.022110681639158,0.0009003151805166,0.0005942629912285,0.0007488364410022,0.0222002417848115
0.0157633217202581,0.0228276877761413,0.0223121874370294,0.0010955684849319,0.0007444288672224,0.000774007413809,0.0224017291277429
0.0101662002398766,0.0002945508100147,0.2889959515653337,0.2533473491566758,0.2587303885191032,0.00891216595879,0.251419569916108
0.0281569478553886,0.0326951399116347,0.1697228379343824,0.0369934808431827,0.0322457662433256,0.0061372030056056,0.169798878997692
0.0167913644411445,0.0,0.0066863287475498,6.406063470706332e-05,6.196782898563233e-05,0.0001608753479391,0.0055500604462028
0.0094237249414586,0.0072164948453608,0.0560002930993423,0.011669522154833,0.0080964279179771,0.0019637462752261,0.0560867494596475
0.0019989719572791,0.0036082474226804,0.0063932294051915,0.0006354946594381,0.0004088348739186,0.0001987002065319,0.0064842290361578
0.0215888971386144,0.0013254786450662,0.0509260107347634,0.0034763863615347,0.0033038190467409,0.001473733098085,0.0422573909220793
0.0226740533439945,0.0015463917525773,0.0380662770887907,0.0022338294339529,0.001622844064953,0.0013305731902463,0.0381543759387478
0.0278142669484265,0.0385861561119293,0.2116726813094213,0.0507000434274062,0.04256994610208,0.0066620998678865,0.1841594314393523
0.0061111428408247,0.0024300441826215,0.0095623660444411,0.0005153370922153,0.0004253879241271,0.0003293430273498,0.0096530754295343
0.0025129933177223,0.0046391752577319,0.0059169429738592,0.0004535141920083,0.0002851538782582,0.0001926126614781,0.0060079862255925
0.0114226968987377,0.0165684830633284,0.0029126747146861,2.0929399147444825e-05,1.0797681982154162e-05,8.207925915260542e-05,0.0030039931127962
0.0510594551373579,0.0284977908689248,0.1204271922914873,0.0083650025783308,0.0079243101507836,0.0035466447879841,0.099937722094003
0.0262722028670969,0.0308541973490427,0.0698675557346718,0.0054387917637768,0.0056981880487962,0.0020451415405524,0.057973403670733
0.1076589182706036,0.0711340206185567,0.0724504936892047,0.0015618070495876,0.0012757732901713,0.0023207910525399,0.0725354434553247
0.0117653778056999,0.0055964653902798,0.0096905970067229,0.0002669266241372,0.0002065650891145,0.0003240762748875,0.0097812946477634
0.0041692843680392,0.0021354933726067,0.0011907160783307,9.982050956065712e-06,8.828293444527852e-06,3.495208452248418e-05,0.0009891196834817
0.0962362213718659,0.1134020618556701,0.1426111487662349,0.0073440471819737,0.0062119777497803,0.0049558772682517,0.1426896728578232
0.0041121708835456,0.0047128129602356,0.043616845884702,0.0127455214321763,0.012652523412337,0.0012016403539941,0.03619445360296
0.0164486835341824,0.0009572901325478,0.0279543497774276,0.0016404348971185,0.0012953822881106,0.0009652520876346,0.0280433747298237
0.0154777542977897,0.0192930780559646,0.0253897305317921,0.0014595294197916,0.0011765398763573,0.0008897391692142,0.0254789903652416
0.0026843337712033,0.0021354933726067,0.0269285020791734,0.0070949346795426,0.0073872443145832,0.0007072496163649,0.0223467780342162
0.0275858130104517,0.0182621502209131,0.075601311619557,0.0074243204225193,0.0056753533282521,0.0027090259483317,0.0756859728175257
0.0238163230338682,0.0022827687776141,0.0136840755463554,0.0001966573731212,0.0001902327462421,0.0003422705106663,0.0113565593288639
0.0279856074019075,0.0114138438880706,0.0417483375771675,0.0021499143902014,0.0018185096071611,0.0014411749919545,0.0418360992050408
0.0029127877091781,0.0044182621502209,0.019619337229112,0.0038063863845702,0.003272920019685,0.0005651156992656,0.0176942521156171
0.0201610600262722,0.0256259204712812,0.1559288501346425,0.0360410396119592,0.0348274818187663,0.0046599815390066,0.1294098252555225
0.0202181735107658,0.0060382916053019,0.0751616626060195,0.008281284981741,0.0079410839083282,0.0022276310934017,0.0623694911528739
0.0025129933177223,0.0,0.0216527139167231,0.0048491706615894,0.0049967801346284,0.0005627901202563,0.0179690075832509
1.0,1.0,1.0,0.0335329341317365,0.0333642261353104,0.0335329341317365,1.0
0.0108515620538009,0.0014727540500736,0.01864844565755,0.0009156721819874,0.0008468710261537,0.0005328311906656,0.015477891343371
0.1234793534753555,0.0153902798232695,0.3602923665940024,0.0379709320482301,0.0507548097518891,0.0130133929411153,0.3603509543173242
0.0120509452281683,0.0008836524300441,0.0420231182106285,0.0042778024525789,0.0041283137445103,0.0012267429274183,0.0348756273583177
0.0768747501285053,0.0924153166421207,0.1369140302991445,0.0085263827252161,0.0071058254835515,0.004787409588841,0.1369930761622156
0.0208464218401964,0.0293078055964653,0.0060818113539357,3.641803205949516e-05,2.8182629072917373e-05,0.0001248288732945,0.0050188665421108
0.0030270146781655,0.004860088365243,0.0071259777610873,0.0004523075704642,0.0003962545557601,0.0001921338657997,0.0059164010697146
0.017248272317094,0.0238586156111929,0.0444045503672901,0.0033502834408853,0.002963046919782,0.0013013666538645,0.0368538667252811
0.0070249585927237,0.0100147275405007,0.012694865265896,0.000653747552615,0.0005765045394151,0.0003617643347151,0.0105322929259625
0.0071962990462048,0.0,0.0116506988587444,0.0006418349071883,0.0004427049612683,0.000396442821707,0.0117412169835513
0.0039979439145582,0.0059646539027982,0.0785506237520379,0.04242674408643,0.0354533399140337,0.0021593685095398,0.0651903139539143
0.0083385687360785,0.0010309278350515,0.0417117001593727,0.0060444499632144,0.0061465804683412,0.0012083434934916,0.0346191889218595
0.0546004911759666,0.0780559646539028,0.0714246459909505,0.0029938474367464,0.0021844423704368,0.0022886433427051,0.0664725061362054
0.0163915700496887,0.0229749631811487,0.0989393467548407,0.0214467326498516,0.0155882195999285,0.0035531427293337,0.0990218705352236
0.0026843337712033,0.0041237113402061,0.0025463005367381,8.233546645739947e-05,6.13566394394721e-05,8.679881655387899e-05,0.0026376524892845
0.0112513564452567,0.0053755522827687,0.0396600047628643,0.0040372459938245,0.0044107512247856,0.0011453476620919,0.0329157050225299
0.0366668570449483,0.0427835051546391,0.079155141145652,0.0049294219635615,0.0052085403348853,0.0022834449896255,0.0656848737956552
0.1321606031183962,0.0468335787923416,0.0723589001447178,0.0012132031161988,0.0008717939776471,0.0022158663995898,0.0724438582994468
0.0078245473756353,0.003240058910162,0.0432138342889593,0.0068831616292593,0.0068084817693448,0.0012463051508496,0.0358647470417994
0.0157062082357644,0.0058910162002945,0.0799062082104453,0.0119620072171325,0.0120710954015779,0.002351228777809,0.0663076528556251
0.0137072362784853,0.0174521354933726,0.0690432138342889,0.0124029725450818,0.0099821513977285,0.0024623777745781,0.0691284756566655
0.0013136101433548,0.0030191458026509,0.0085548370550843,0.0015675330172789,0.0009276329336838,0.000240697427465,0.008645638714877
0.1084585070535153,0.1391016200294551,0.4940372602538973,0.0822409331440619,0.0636433541939682,0.018054769437651,0.4940835989302853
0.0139356902164601,0.0055964653902798,0.030464012896371,0.0023349662579254,0.0017787143767111,0.0010681247591059,0.0305528080008792
0.0099948597863955,0.0125184094256259,0.0615874993130484,0.0115799250205372,0.0111873492728058,0.0018792730376815,0.0535956332197677
0.0038266034610771,0.0,0.0076938577369067,0.000423853240596,0.0004207021376065,0.0002108068972569,0.0063743268491042
0.0152493003598149,0.0130338733431516,0.0049277326933997,4.7211810236164334e-05,3.653555287043318e-05,0.0001461010812916,0.0050188665421108
0.1977268833171512,0.2323269513991163,0.1381963399219623,0.0031445873754697,0.0025615632979047,0.0044991745904501,0.1382752683445067
0.0211891027471586,0.0268777614138438,0.0727435930315631,0.0073179183408997,0.0071462658585224,0.0021315983601931,0.0603729347547349
0.0083385687360785,0.0108983799705449,0.094616131455055,0.0376198271174589,0.0304279866681224,0.0033154548747042,0.0946990511777851
0.018162088068993,0.0240795287187039,0.0464379270549011,0.0041710712923563,0.0031848068601136,0.001631325275658,0.0465252591859911
0.0105088811468387,0.0030191458026509,0.0366374177947938,0.0036856803530091,0.0029201278316517,0.0010571808578855,0.0304062717514745
0.0627677194585641,0.0674521354933726,0.4929381377200535,0.1316469517503855,0.1324856903974193,0.0167631154961195,0.4584386562625929
0.0202181735107658,0.0,0.0020150579787136,0.0,0.0,0.0,0.0016668498369784
0.0137072362784853,0.0197349042709867,0.0085914744728791,0.0001749162467532,0.000119436623812,0.0002790694811188,0.0086822727772282
0.0434062482152036,0.0131075110456553,0.2293502353954093,0.0439473504949287,0.0348595353149649,0.0083173649274641,0.2294208154742279
0.0073105260151921,0.0071428571428571,0.006741284874242,0.0002099082715332,0.0001624405993793,0.0002276331453832,0.0068322526284939
0.0325546861614027,0.0380706921944035,0.0137939877997398,0.0001817172045474,0.0001406245280789,0.0004288641290723,0.0138843096310949
0.0070820720772174,0.0091310751104565,0.0439099452270604,0.0082035346771514,0.0078134471581052,0.00132311765754,0.0382093270322746
0.0039408304300645,0.001620029455081,0.0120720291633845,0.001069856476755,0.0010852519266434,0.0003492472476943,0.0105139758947869
0.0052544405734193,0.0047864506627393,0.0076755390280093,0.0003860750169777,0.0003058833903655,0.0002642952144713,0.0077664212184489
0.0692786566908447,0.0857142857142857,0.1056806316290827,0.0055687997505145,0.004505383739516,0.0036506118495774,0.1057625380078396
0.0619110171911588,0.0580265095729013,0.0464196083460037,0.0011118469064911,0.0009034400141483,0.001482898615357,0.0465069421548155
0.0121651721971557,0.0163475699558173,0.0431222407444723,0.0053709138172755,0.0040764305430363,0.0015151831239571,0.0432098765432098
0.1175395510880118,0.1111929307805596,0.1899100551393137,0.0106895480138296,0.0080962581431032,0.0066159986839958,0.189984247353189
0.0094808384259523,0.0103829160530191,0.0752166187327117,0.0173853981022914,0.0181941960048542,0.0021913794206093,0.0624244422464007
0.0126220800731052,0.0181885125184094,0.024693619593691,0.0004140247596546,0.0011900539563224,0.0002116276898484,0.0068505696596695
0.0054257810269004,0.0084683357879234,0.0088112989796479,0.0003165736160352,0.0003348130288837,0.0001949382404874,0.0057149137267831
0.0095950653949397,0.0155375552282768,0.0513656597483009,0.0096579743478841,0.0061886337046145,0.0018041021161742,0.051452540572224
0.0030270146781655,0.001620029455081,0.0125483155947168,0.0013975968267169,0.0014653269369178,0.0003371405569693,0.0104040737077334
0.0273002455879833,0.0033136966126656,0.0180622469728333,0.0003893658030071,0.0003013164462567,0.0005885082881241,0.0181521778950067
0.0095950653949397,0.0130338733431516,0.0168532121856051,0.0008477064811921,0.0007809644200929,0.0004826260438173,0.0139758947869729
0.0054828945113941,0.0119293078055964,0.0136108007107659,0.0011573255694184,0.0005550280178625,0.0004662101919868,0.0137011393193391
0.0074818664686732,0.0125920471281296,0.0111560937185147,0.0005745054250253,0.0003411965641436,0.0003852937223388,0.0112466571418104
0.0126220800731052,0.0165684830633284,0.0085914744728791,0.0001954946287241,0.0001433239485744,0.0002872090076514,0.0086822727772282
0.0129647609800673,0.0175257731958762,0.0116690175676418,0.0003074471694468,0.0002595518272691,0.00034158651684,0.0105322929259625
0.0478039865212176,0.053681885125184,0.2958105112751653,0.0666016480475821,0.0597652376811733,0.0107630532526813,0.2958750045792578
0.0074247529841795,0.0102356406480117,0.0442396819872135,0.0091658263278897,0.007052108713439,0.001538302115285,0.0443272154449206
0.0023987663487349,0.0005154639175257,0.0056238436315008,0.0004243139506401,0.0003596341154527,0.0001809847664314,0.0057149137267831
0.0106231081158261,0.0177466863033873,0.0388539815713788,0.0041413225866499,0.0030607863147054,0.0011322833800102,0.0322379748690332
0.0023987663487349,0.0,0.0192712817600615,0.0039927326281325,0.0034470411303909,0.000496989914169,0.0159907682162875
0.0626534924895767,0.0708394698085419,0.3481104251772335,0.0612841107797045,0.0625888994294562,0.0110300160430751,0.3028537934571564
0.005140213604432,0.0069955817378497,0.0110461814651303,0.0006614479919239,0.0006449577685849,0.0003077972218222,0.0091585155877935
0.0026843337712033,0.003460972017673,0.0074923519390353,0.0006819386196008,0.0006249413109482,0.0002443225947442,0.007583250906693
0.0116511508367125,0.0026509572901325,0.0394584989649929,0.0047255687383225,0.0031449776746889,0.0013953474055943,0.0395464703080924
