size_D,duration_D,app,har,nlan,t01,t07,t08,t09,t10,t11,t12,t13,t14,t15,Generated_Var_1,Generated_Var_3,Generated_Var_4,Generated_Var_5,Generated_Var_6,Generated_Var_7,Generated_Var_9,Generated_Var_10,Generated_Var_11,Generated_Var_12,Generated_Var_13,Generated_Var_14,Generated_Var_15,Generated_Var_16,Generated_Var_17,Generated_Var_18,effort_D
0.143335192414947,0.2,0.0,0.0,0.0,1.0,0.75,0.6666666666666666,0.3333333333333333,0.3333333333333333,0.0,0.6666666666666666,0.5,1.0,0.5,0.48267284,0.27064383,0.7872666,0.16973954,0.25615,0.6202686,0.8120124,0.8021307,0.20691489,0.6740437,0.102096416,0.77773035,0.64158887,0.6388695,0.76725614,0.86973083,0.0075898020947219
0.1670384829894032,0.24,1.0,0.619852032890937,0.6666666666666666,0.75,0.75,1.0,0.6666666666666666,1.0,0.6666666666666666,0.6666666666666666,0.75,0.75,1.0,0.4698302,0.7149477,0.28523785,0.7227233,0.7109996,0.36826545,0.2794596,0.28102365,0.6961234,0.2960081,0.7402915,0.2797047,0.29902187,0.30219603,0.28631622,0.27372992,0.1154790765476699
0.0228667038482989,0.02,1.0,0.619852032890937,0.6666666666666666,0.25,0.25,0.0,0.6666666666666666,0.3333333333333333,0.6666666666666666,0.6666666666666666,0.75,0.75,0.75,0.81061333,0.36482227,0.62774944,0.386944,0.3609888,0.14291334,0.62335104,0.6240711,0.36507702,0.6621318,0.40109187,0.6303622,0.66996545,0.6771517,0.63351107,0.6083589,0.0041514157595347
0.0574456218627997,0.08,0.0,0.619852032890937,0.3333333333333333,0.5,0.25,0.3333333333333333,0.6666666666666666,1.0,0.6666666666666666,0.3333333333333333,0.25,0.5,0.5,0.4721691,0.39998254,0.6206559,0.35899633,0.40288943,0.5624693,0.6144734,0.6270232,0.36422914,0.5314538,0.3621264,0.6028582,0.51618826,0.5124769,0.60786444,0.6400092,0.0276813867630048
0.2810931399888455,0.24,0.8795232095320975,0.619852032890937,0.6666666666666666,0.25,0.5,1.0,0.6666666666666666,0.6666666666666666,1.0,0.6666666666666666,0.5,0.25,0.5,0.55384386,0.4902444,0.5495388,0.4469826,0.46563083,0.40472493,0.56430376,0.5647752,0.45871308,0.52945143,0.36411136,0.5581305,0.50360733,0.5282424,0.54304147,0.57796997,0.3278192391183787
0.0934188510875627,0.16,1.0,0.619852032890937,0.3333333333333333,0.5,0.75,0.3333333333333333,0.6666666666666666,0.6666666666666666,0.3333333333333333,0.6666666666666666,1.0,0.75,0.75,0.79707307,0.49896914,0.47106284,0.5522734,0.49835157,0.058263067,0.4652016,0.46553826,0.51916105,0.55110914,0.5891562,0.47765446,0.5729446,0.56628484,0.48148775,0.43708795,0.0576920029788784
0.0828220858895705,0.16,1.0,1.0,1.0,0.25,0.25,0.0,0.6666666666666666,0.6666666666666666,0.6666666666666666,0.6666666666666666,0.75,1.0,0.75,0.53718203,0.41938728,0.5997154,0.38974577,0.4155838,0.4743296,0.597138,0.6077842,0.39195833,0.54297125,0.37799698,0.5910671,0.5296244,0.53402185,0.5912406,0.6128621,0.035540555529147
0.0448968209704406,0.46,1.0,0.619852032890937,0.3333333333333333,0.75,0.5,1.0,1.0,1.0,0.3333333333333333,0.6666666666666666,0.75,0.25,0.5,0.45182833,0.66427267,0.34041747,0.6612132,0.6639126,0.4258123,0.33201104,0.33499926,0.63738054,0.3246015,0.6854614,0.32884556,0.32453725,0.32684338,0.33874553,0.33318752,0.1067484273739918
0.0886781929726715,0.4,1.0,0.619852032890937,0.0,0.25,0.75,1.0,0.6666666666666666,0.3333333333333333,0.3333333333333333,0.3333333333333333,0.5,0.25,0.5,0.88223547,0.3564516,0.6348091,0.38182682,0.34111848,0.07352443,0.6432845,0.6449074,0.37504685,0.70520204,0.35755676,0.65600455,0.70955294,0.7214489,0.6453388,0.6143924,0.1353488298394891
0.3159509202453988,1.0,1.0,0.8249376887731341,0.3333333333333333,0.75,0.75,1.0,0.3333333333333333,0.0,0.0,0.0,0.5,0.75,0.25,0.58303064,0.29214126,0.7888384,0.17852901,0.25408652,0.3998416,0.83184266,0.81341946,0.23550165,0.74296933,0.03877607,0.7984705,0.6898333,0.6953759,0.7685148,0.8517819,0.1793189776742564
0.0370886781929726,0.18,0.0,0.619852032890937,0.3333333333333333,0.25,0.25,1.0,0.3333333333333333,0.6666666666666666,0.0,0.3333333333333333,0.25,0.5,0.5,0.567392,0.2546575,0.7773938,0.19616598,0.2533331,0.4966022,0.78033274,0.7834671,0.21311834,0.6876459,0.1711251,0.7620207,0.6645942,0.6621207,0.76257193,0.81388825,0.0588962304511099
0.1926938092582264,0.34,1.0,0.0991880356339056,0.0,1.0,0.5,0.3333333333333333,0.3333333333333333,0.0,0.0,0.0,0.0,0.0,0.25,0.8490123,0.099977605,0.9134946,0.06288493,0.10485586,0.18745124,0.95103663,0.93953246,0.09484153,0.90174806,0.009026675,0.91646737,0.89639264,0.88924223,0.9142686,0.9390293,0.0565194657032846
0.0167317345231455,0.06,0.8795232095320975,0.0,0.3333333333333333,0.25,0.0,0.6666666666666666,0.6666666666666666,0.3333333333333333,0.6666666666666666,0.6666666666666666,0.0,1.0,0.0,0.3937241,0.6259814,0.429884,0.5579894,0.59375924,0.53862023,0.45187336,0.45170084,0.5806271,0.392962,0.4440249,0.44012174,0.3550644,0.38616592,0.42003962,0.47479662,0.0050228961670707
0.0,0.12,0.8795232095320975,0.0991880356339056,0.6666666666666666,0.25,0.25,0.6666666666666666,0.6666666666666666,0.3333333333333333,1.0,0.3333333333333333,0.5,0.75,0.25,0.57978755,0.49231702,0.5363349,0.46477398,0.47229445,0.38123786,0.54519916,0.5497893,0.46897206,0.5234108,0.4048765,0.54373705,0.50508887,0.52671367,0.5322464,0.5519442,0.0
0.0560513106525376,0.3,0.0,0.619852032890937,0.3333333333333333,0.25,0.5,1.0,0.6666666666666666,0.3333333333333333,0.3333333333333333,0.6666666666666666,0.25,0.75,0.5,0.46301162,0.5470705,0.47945204,0.5140778,0.5350781,0.5025828,0.48139343,0.4910878,0.5164073,0.43413296,0.47923696,0.47656456,0.4165293,0.4298128,0.4717251,0.4951811,0.0314049848679311
0.0900725041829336,0.14,1.0,0.619852032890937,0.3333333333333333,0.5,0.5,0.3333333333333333,1.0,1.0,0.0,0.6666666666666666,0.5,0.5,0.5,0.72435,0.44961965,0.5450373,0.4676376,0.44647285,0.20250581,0.5396069,0.5402091,0.44375598,0.57136315,0.48534676,0.5445368,0.5781068,0.58437747,0.5496051,0.5272511,0.0548874205764446
0.0454545454545454,0.18,1.0,0.619852032890937,0.0,0.25,0.75,0.6666666666666666,0.6666666666666666,0.3333333333333333,0.0,0.6666666666666666,0.5,0.5,0.5,0.86377895,0.47195765,0.49319333,0.5294768,0.46470705,0.009506494,0.495332,0.4986714,0.5084757,0.6009869,0.5421078,0.5121647,0.6214899,0.6170972,0.5084756,0.4595718,0.0148468571247484
0.5022308979364194,0.56,1.0,0.619852032890937,1.0,0.75,0.75,1.0,0.6666666666666666,0.6666666666666666,0.6666666666666666,0.6666666666666666,0.5,0.5,0.75,0.049507793,0.8762515,0.18187225,0.7957899,0.8549886,0.8505435,0.18991178,0.20302095,0.8114903,0.077198334,0.71891123,0.17326003,0.03770011,0.05844382,0.16343145,0.22711661,0.4013088051211357
0.6787506971556051,0.68,1.0,0.619852032890937,1.0,0.75,1.0,0.6666666666666666,1.0,0.6666666666666666,1.0,1.0,0.5,0.0,0.75,0.20384707,1.0,0.0,1.0,1.0,0.56046045,0.0,0.0,1.0,0.0,1.0,0.0,0.0,0.0,0.0,0.0,0.5815626435962035
0.1076408254322364,0.72,0.8795232095320975,1.0,1.0,0.5,0.75,1.0,0.6666666666666666,0.6666666666666666,0.6666666666666666,0.6666666666666666,0.75,0.25,0.5,0.4539767,0.5795185,0.45304906,0.5424531,0.561513,0.49696603,0.45950034,0.46753556,0.5476266,0.4159787,0.48736775,0.45502323,0.39458698,0.41394415,0.4456642,0.47282052,0.2292627275752246
0.0680423870607919,0.5,1.0,0.619852032890937,0.6666666666666666,0.75,0.5,0.6666666666666666,1.0,1.0,0.3333333333333333,0.6666666666666666,0.75,0.25,0.5,0.45145383,0.62995446,0.37876776,0.6199243,0.6285079,0.45060554,0.37166864,0.37659124,0.6017908,0.35236326,0.63537127,0.36763147,0.3488224,0.35194275,0.37533203,0.37654665,0.1656763480217394
0.8103736754043502,0.2,0.8795232095320975,1.0,1.0,0.75,0.75,0.3333333333333333,0.6666666666666666,0.6666666666666666,1.0,0.3333333333333333,0.25,0.5,0.5,0.36459494,0.67482495,0.35735148,0.6369233,0.6588255,0.5552169,0.36129537,0.36966342,0.6377667,0.3135172,0.5918114,0.3553601,0.29282254,0.31019786,0.34925577,0.37595347,0.2838966265785679
0.071388733965421,0.2,1.0,1.0,0.0,0.75,0.75,0.6666666666666666,1.0,0.6666666666666666,0.3333333333333333,0.6666666666666666,0.25,0.75,0.5,0.5301201,0.74178225,0.243228,0.7657849,0.73291445,0.2952186,0.24699284,0.25088903,0.7560779,0.3018068,0.7621977,0.25529206,0.3082777,0.30613732,0.2505529,0.2295105,0.1392150338292849
0.0850529838259899,0.48,1.0,0.0991880356339056,0.0,0.75,0.25,0.6666666666666666,0.6666666666666666,0.6666666666666666,0.0,0.0,0.5,0.5,0.5,0.7179062,0.25928533,0.7512305,0.24288005,0.25739154,0.32577217,0.7490071,0.75602573,0.24336319,0.71733457,0.23808335,0.7458472,0.70996696,0.71241933,0.7463146,0.75783277,0.1045934940026302
0.1447295036252091,0.24,1.0,0.619852032890937,1.0,0.25,0.75,0.6666666666666666,1.0,1.0,1.0,0.6666666666666666,0.25,0.25,0.75,0.33488777,0.76851803,0.25034437,0.74827504,0.7602771,0.52384675,0.24734327,0.25155994,0.73217136,0.22217399,0.7419663,0.24182063,0.21227956,0.22222406,0.2456593,0.2549406,0.1562960498169891
0.1168432794199665,0.18,1.0,0.619852032890937,0.6666666666666666,0.75,0.5,0.3333333333333333,0.6666666666666666,0.6666666666666666,0.3333333333333333,0.3333333333333333,0.25,0.5,0.5,0.43863449,0.48979962,0.5394456,0.4449862,0.48282856,0.55785805,0.5398618,0.5499215,0.4522938,0.46715796,0.41785333,0.52963835,0.44684413,0.45349032,0.5278569,0.5629319,0.071572309106178
0.9258226436140546,0.82,1.0,0.619852032890937,0.6666666666666666,0.75,0.75,1.0,0.6666666666666666,0.6666666666666666,0.6666666666666666,0.6666666666666666,0.75,0.25,0.75,0.32578358,0.8238447,0.19243705,0.80585355,0.81213737,0.52075,0.19466029,0.1978044,0.7988631,0.18348669,0.7847301,0.19196947,0.17267284,0.1845527,0.19096778,0.19781741,1.0
0.0571667596207473,0.0,0.8795232095320975,0.619852032890937,0.3333333333333333,0.5,0.25,0.6666666666666666,0.6666666666666666,0.3333333333333333,0.0,0.6666666666666666,0.75,0.25,0.75,0.55599385,0.54036534,0.4417863,0.55906165,0.55738854,0.34750575,0.4211779,0.42374685,0.52181965,0.42508698,0.6463316,0.41836244,0.44040927,0.4251044,0.44236353,0.41765413,0.0169225650045158
0.041271611823759,0.12,0.2389808690832257,1.0,0.6666666666666666,0.0,0.25,0.3333333333333333,0.0,0.3333333333333333,0.0,0.6666666666666666,0.25,0.75,0.5,0.73096555,0.15216866,0.8651012,0.11811104,0.15358071,0.34992915,0.86492115,0.8680979,0.12726052,0.80635935,0.110677116,0.85386133,0.79368603,0.7900737,0.8558611,0.88551456,0.01373770024243
0.0382041271611823,0.16,0.0,0.619852032890937,1.0,0.5,0.5,1.0,0.3333333333333333,0.3333333333333333,0.3333333333333333,0.6666666666666666,0.75,1.0,0.5,0.4329007,0.5186662,0.51093,0.47591645,0.5096086,0.552204,0.5121363,0.5223129,0.48228773,0.44525102,0.44425896,0.5033191,0.42493588,0.43414918,0.5002015,0.5330242,0.0184120042464863
0.0945343000557724,0.04,0.8795232095320975,0.619852032890937,0.3333333333333333,0.25,0.5,0.6666666666666666,1.0,0.6666666666666666,0.6666666666666666,0.6666666666666666,0.5,0.5,0.75,0.81760794,0.4529784,0.5286266,0.4910845,0.44489053,0.08274854,0.52910054,0.53028005,0.47005254,0.60292715,0.49791753,0.5413149,0.6155137,0.61925924,0.5389842,0.5037505,0.0192517944573846
0.1065253764640267,0.48,0.3801766679984392,0.619852032890937,0.3333333333333333,0.0,0.75,1.0,0.3333333333333333,0.0,0.3333333333333333,0.3333333333333333,0.5,0.75,0.5,0.75381416,0.31419915,0.7094191,0.2931817,0.29591352,0.24571419,0.7200735,0.7196294,0.2987846,0.7123885,0.23550922,0.7190053,0.6974882,0.7165011,0.7074878,0.72372305,0.0376162634089144
0.0435025097601784,0.04,1.0,0.619852032890937,0.3333333333333333,0.5,0.5,0.6666666666666666,0.3333333333333333,0.6666666666666666,0.0,0.6666666666666666,0.5,0.5,0.5,0.88490987,0.3640289,0.6187673,0.405114,0.35992092,0.034243453,0.6142163,0.6126509,0.37571028,0.68438894,0.42496896,0.62568116,0.69980097,0.7049777,0.62796766,0.58993596,0.0060211373611573
0.0064138315672058,0.04,1.0,0.619852032890937,0.0,0.5,0.25,0.3333333333333333,0.6666666666666666,0.0,0.3333333333333333,0.6666666666666666,0.25,0.75,0.5,0.72894526,0.50803876,0.48229432,0.5333671,0.4993375,0.16774206,0.48236218,0.48366725,0.51347363,0.5360116,0.5357878,0.4910104,0.54345316,0.5501068,0.48986614,0.4635233,0.0102993139072427
0.2208588957055214,0.04,0.0,1.0,0.6666666666666666,0.75,0.75,1.0,1.0,0.6666666666666666,0.3333333333333333,1.0,0.75,0.75,1.0,0.0,0.6203776,0.42292565,0.51629573,0.63289446,1.0,0.41980886,0.42757967,0.53746206,0.21413954,0.52461874,0.37886626,0.19179359,0.17273514,0.39361075,0.49358523,0.0421004262331447
0.4461795872838817,0.14,1.0,1.0,1.0,0.75,1.0,0.3333333333333333,1.0,1.0,0.6666666666666666,1.0,0.5,0.75,1.0,0.17709485,0.65366125,0.39007056,0.5800455,0.64822745,0.8004067,0.3892453,0.4034884,0.59411174,0.26468343,0.5490563,0.36991444,0.23370071,0.2372459,0.37035668,0.42992455,0.1492132908684698
0.2752370329057446,0.08,1.0,1.0,1.0,0.75,1.0,0.3333333333333333,1.0,1.0,0.6666666666666666,1.0,0.5,0.75,1.0,0.22308546,0.63153386,0.40571827,0.5681186,0.6278157,0.7583116,0.4026449,0.4179902,0.57824576,0.29020864,0.54709953,0.38641232,0.2637163,0.26638335,0.38805315,0.43820536,0.0985089762481976
0.139431121026213,0.36,0.8795232095320975,0.619852032890937,0.0,0.5,0.5,0.6666666666666666,0.3333333333333333,0.3333333333333333,0.3333333333333333,0.6666666666666666,0.75,0.5,0.5,0.88155353,0.32858023,0.668786,0.3507947,0.3163922,0.08125391,0.670742,0.6705764,0.33443925,0.72205406,0.33651066,0.68107414,0.72649306,0.74259245,0.67645353,0.6517151,0.0517659362076341
0.5593976575571667,0.54,0.8795232095320975,1.0,0.6666666666666666,0.75,0.5,0.6666666666666666,0.6666666666666666,0.6666666666666666,1.0,1.0,0.75,0.5,0.75,0.21589334,0.8893828,0.121419236,0.87689507,0.8938269,0.58741325,0.10926539,0.10907503,0.85230476,0.079283185,0.9066194,0.101080954,0.07718264,0.07655323,0.11489863,0.120067745,0.2125936841438101
0.0708310094813162,0.44,0.3801766679984392,0.619852032890937,0.3333333333333333,0.25,0.5,0.6666666666666666,0.3333333333333333,0.3333333333333333,0.3333333333333333,0.3333333333333333,0.25,0.75,0.5,0.66610944,0.3533735,0.66681355,0.33029476,0.34227017,0.34115487,0.6709122,0.67569786,0.33367202,0.643943,0.29606047,0.6680364,0.6306758,0.6425556,0.6622327,0.67925185,0.0824578916512177
0.3134411600669269,0.36,0.8795232095320975,1.0,0.6666666666666666,0.75,0.75,0.0,0.6666666666666666,0.0,0.6666666666666666,0.3333333333333333,0.75,0.5,0.75,0.4419035,0.60647583,0.40517095,0.59045124,0.60501117,0.47938016,0.39849254,0.4051485,0.57654166,0.3676732,0.6015523,0.3933274,0.36152732,0.3643673,0.4000312,0.40697023,0.1444597613728193
0.0571667596207473,0.06,0.0,0.0991880356339056,0.0,0.5,0.5,0.3333333333333333,0.6666666666666666,0.3333333333333333,0.3333333333333333,0.6666666666666666,0.75,0.75,0.5,0.6856819,0.15876922,0.88266665,0.09306405,0.14825836,0.38234353,0.89633256,0.8901346,0.11787577,0.81638217,0.031189809,0.8764133,0.7876131,0.79286236,0.86922836,0.9295777,0.0081919158308377
0.0499163413273842,0.2,1.0,0.619852032890937,0.3333333333333333,0.5,0.5,0.3333333333333333,1.0,1.0,0.3333333333333333,0.3333333333333333,0.25,0.5,0.5,0.6660273,0.50109565,0.49323615,0.5174289,0.5002544,0.24462627,0.48580056,0.4864611,0.49107105,0.51189774,0.54386085,0.48900288,0.5190573,0.5227863,0.4969038,0.47544235,0.0791462661025811
0.0030674846625766,0.04,1.0,0.619852032890937,0.6666666666666666,0.75,0.25,0.3333333333333333,0.6666666666666666,0.3333333333333333,0.3333333333333333,0.6666666666666666,0.5,0.5,0.5,0.6205814,0.4758108,0.53405344,0.4700322,0.46783265,0.33155787,0.5327225,0.5377188,0.45956674,0.52832687,0.46012685,0.53354645,0.5233558,0.5336489,0.53301257,0.53226423,0.0075581118980843
0.0699944227551589,0.04,0.0,0.619852032890937,1.0,0.5,0.5,0.6666666666666666,0.6666666666666666,0.3333333333333333,1.0,0.6666666666666666,0.5,0.25,0.5,0.15022819,0.73447895,0.28806406,0.68641806,0.7425684,0.7791938,0.27467364,0.28864813,0.679281,0.17240605,0.7162961,0.25747278,0.15717883,0.14823551,0.27206963,0.30649033,0.0744085817052494
0.1042944785276073,0.22,0.8795232095320975,0.619852032890937,0.0,0.5,0.5,0.3333333333333333,1.0,0.3333333333333333,0.6666666666666666,0.6666666666666666,0.5,0.25,0.75,0.7373618,0.5928754,0.3664444,0.6573753,0.59645957,0.06791099,0.35801852,0.35926226,0.61877173,0.4562018,0.71290135,0.3710389,0.48433393,0.46775806,0.3776052,0.32696748,0.1193769707341034
0.2816508644729503,0.1,1.0,0.0991880356339056,0.6666666666666666,0.75,1.0,0.3333333333333333,0.6666666666666666,0.6666666666666666,0.3333333333333333,1.0,0.25,0.75,0.75,0.64857394,0.7233854,0.23148273,0.7888125,0.72414166,0.12422504,0.23044668,0.23250425,0.7693444,0.33766082,0.82021946,0.24654455,0.36382088,0.34371945,0.24402876,0.19805178,0.1287731140371726
0.0047406581148912,0.1,0.0,0.0991880356339056,0.6666666666666666,0.75,0.75,0.6666666666666666,0.6666666666666666,0.6666666666666666,0.3333333333333333,0.6666666666666666,0.75,1.0,0.5,0.6272426,0.4395444,0.5852543,0.418294,0.42271474,0.3366695,0.5870667,0.59502935,0.42774472,0.56767076,0.3813601,0.5869832,0.5533119,0.5721063,0.5779345,0.59060335,0.0033750059419118
0.0953708867819297,0.44,0.8795232095320975,1.0,0.6666666666666666,1.0,0.75,1.0,1.0,0.6666666666666666,0.6666666666666666,0.6666666666666666,0.5,0.75,0.75,0.48795432,0.7827101,0.19953279,0.81096077,0.7789627,0.3114437,0.19912972,0.20125647,0.7965039,0.25169656,0.821099,0.2064401,0.2617428,0.25511017,0.20529121,0.18346556,0.1654228264486381
0.0404350250976017,0.18,1.0,0.619852032890937,0.3333333333333333,0.75,0.25,0.0,0.3333333333333333,0.3333333333333333,0.3333333333333333,0.3333333333333333,0.25,0.75,0.75,0.88592255,0.3040882,0.681257,0.33608094,0.30331436,0.07778341,0.6748093,0.6745874,0.31045818,0.7260198,0.362992,0.6836883,0.7389208,0.74329245,0.6890604,0.6554477,0.0185704552296747
0.4121583937534858,0.48,0.0,0.619852032890937,1.0,0.75,0.5,0.3333333333333333,0.6666666666666666,0.3333333333333333,0.6666666666666666,0.6666666666666666,0.75,0.5,0.5,0.27484676,0.55413073,0.49302128,0.4772243,0.5455919,0.7185749,0.49747202,0.5059848,0.49596292,0.3791257,0.43080235,0.4766956,0.3460227,0.35151666,0.47399428,0.5384886,0.0847395858091299
0.1469604015616285,0.18,0.8795232095320975,1.0,0.3333333333333333,0.25,0.75,0.0,0.6666666666666666,0.3333333333333333,0.6666666666666666,0.6666666666666666,0.25,0.5,0.5,0.71506566,0.4578147,0.5446464,0.46819812,0.44844466,0.21673429,0.5438727,0.5450988,0.45068514,0.5711709,0.46189907,0.54909563,0.57232046,0.584894,0.5484085,0.5331627,0.0613680657888482
0.1285554935861684,0.18,1.0,0.619852032890937,0.0,0.25,0.5,0.6666666666666666,0.6666666666666666,0.3333333333333333,0.0,0.6666666666666666,0.75,0.25,0.5,0.8225373,0.439348,0.5354155,0.48874998,0.441528,0.05456051,0.52571964,0.52395415,0.450582,0.5998361,0.5337184,0.53612214,0.62132263,0.61760646,0.54415965,0.5009966,0.0478046616279254
0.1491912994980479,0.16,0.3801766679984392,0.619852032890937,0.6666666666666666,0.0,0.25,0.3333333333333333,0.0,0.0,0.0,0.6666666666666666,1.0,0.5,0.5,1.0,0.0,1.0,0.0,0.0,0.09541303,1.0,1.0,0.0,1.0,0.0,1.0,1.0,1.0,1.0,1.0,0.0629684207190505
0.0744562186279977,0.2,0.8795232095320975,0.619852032890937,0.3333333333333333,0.75,0.75,1.0,0.6666666666666666,0.3333333333333333,0.3333333333333333,0.6666666666666666,0.5,0.5,0.5,0.5145181,0.66541976,0.34160727,0.6637959,0.6538477,0.3641616,0.34306172,0.34594464,0.6499174,0.357828,0.6521774,0.3448103,0.35375747,0.36520427,0.34411153,0.33684173,0.1294386081665636
0.0250976017847183,0.16,0.8795232095320975,0.619852032890937,0.3333333333333333,0.5,0.5,0.3333333333333333,0.6666666666666666,0.6666666666666666,0.0,0.6666666666666666,0.75,0.5,0.5,0.8034193,0.34235075,0.646554,0.3650225,0.3437433,0.16182004,0.63858336,0.64037275,0.34159362,0.66996276,0.39545378,0.64416057,0.6799852,0.68158674,0.65133077,0.6257257,0.0452694458969117
0.058282208588957,0.1,1.0,1.0,0.6666666666666666,0.5,0.5,0.6666666666666666,0.6666666666666666,0.6666666666666666,0.6666666666666666,0.6666666666666666,0.75,0.75,0.5,0.59688544,0.5867751,0.41222048,0.59882975,0.5825715,0.2837318,0.4066931,0.40690097,0.5726175,0.43105224,0.6150966,0.4091544,0.43542993,0.44210863,0.4152269,0.39750436,0.0221514474497314
0.1045733407696598,0.52,1.0,0.619852032890937,0.0,0.25,0.75,1.0,0.6666666666666666,0.3333333333333333,0.3333333333333333,0.6666666666666666,0.75,0.25,0.5,0.92531776,0.39126778,0.58128315,0.43781188,0.3754892,0.0,0.5929151,0.5982727,0.4332085,0.6924418,0.41306502,0.61087686,0.70486987,0.70912397,0.5985779,0.55185395,0.2078401546481595
0.1246514221974344,0.32,0.3801766679984392,0.0991880356339056,0.6666666666666666,0.75,0.5,0.3333333333333333,1.0,0.3333333333333333,0.3333333333333333,0.6666666666666666,0.5,0.75,0.75,0.40925,0.49543345,0.54430085,0.43605682,0.48396894,0.5828636,0.55020916,0.5566007,0.45022282,0.46553507,0.38715422,0.53573626,0.43815395,0.4478969,0.5304978,0.579582,0.1033417312354423
0.1600669269380925,0.24,0.8795232095320975,1.0,1.0,0.25,0.5,0.6666666666666666,0.6666666666666666,0.3333333333333333,0.6666666666666666,0.3333333333333333,0.25,0.75,0.5,0.28452554,0.60378355,0.43731156,0.54016435,0.5941296,0.6903224,0.43980035,0.4508133,0.55276364,0.34036258,0.49895674,0.42442274,0.31179088,0.32019788,0.42136356,0.4725971,0.0987624978212989
0.0435025097601784,0.16,0.0,0.619852032890937,0.3333333333333333,0.5,0.75,1.0,1.0,1.0,1.0,0.6666666666666666,0.5,0.25,0.5,0.21554095,0.80808765,0.2056106,0.7825848,0.81267166,0.6449443,0.19331202,0.2003689,0.7617983,0.13955693,0.8166117,0.18174341,0.13266794,0.12861,0.19677179,0.20994456,0.0639666619131371
0.158393753485778,0.22,0.8795232095320975,1.0,1.0,0.25,0.5,1.0,1.0,0.6666666666666666,1.0,1.0,0.0,1.0,0.75,0.22678038,0.8490226,0.19073245,0.79778343,0.8251815,0.66022307,0.20213427,0.21021967,0.8090019,0.15231498,0.72764736,0.19535813,0.12342293,0.1479755,0.18454823,0.21707495,0.1088241352537592
1.0,0.58,0.8795232095320975,1.0,0.6666666666666666,0.25,0.75,0.3333333333333333,1.0,1.0,1.0,0.6666666666666666,0.75,1.0,0.75,0.38469395,0.7297465,0.2956837,0.7019911,0.71218455,0.5061058,0.30122915,0.30668545,0.6990082,0.2796165,0.66139257,0.29817134,0.26272303,0.2816937,0.29290313,0.30689472,0.6163109442094088
