ID,AFP,Output,Enquiry,Interface,Changed,Deleted,PDR_AFP,Duration,N_effort,Resource_1,Resource_2,Resource_3,Resource_4,Dev.Type_0,Effort
1,1587,260,340,0,0,0,4.7,4.0,7490,0,0,0,1,1,7490
2,260,4,3,41,138,61,16.0,17.0,4150,0,1,0,0,1,4150
3,152,33,28,35,0,0,4.4,9.0,668,1,0,0,0,1,668
4,252,28,8,0,153,4,12.8,4.0,3901,1,0,0,0,1,3238
5,292,0,194,0,307,0,10.3,13.0,3607,1,0,0,0,1,2994
6,83,0,24,0,87,0,16.1,4.0,1606,1,0,0,0,1,1333
7,79,0,23,0,77,0,20.3,6.0,1936,1,0,0,0,1,1607
8,97,108,7,5,0,0,11.9,7.0,1158,0,1,0,0,1,1158
9,116,23,58,20,34,0,10.7,6.0,1498,1,0,0,0,1,1243
10,52,7,0,0,46,0,64.8,7.0,4063,1,0,0,0,1,3372
11,465,129,24,15,0,0,21.9,9.0,10200,1,0,0,0,1,10200
12,67,5,16,0,35,0,25.4,7.0,2053,1,0,0,0,1,1704
13,199,115,57,42,0,0,13.3,7.0,3034,0,1,0,0,1,2640
14,176,54,54,7,0,0,19.0,26.0,3348,1,0,0,0,1,3348
15,391,26,81,0,302,0,1.7,7.0,814,1,0,0,0,1,676
16,263,45,101,10,87,0,3.5,3.0,911,1,0,0,0,1,911
17,42,15,3,15,0,0,59.4,6.4,2496,1,0,0,0,1,2496
18,190,20,16,5,42,0,6.2,10.0,1171,1,0,0,0,1,1171
19,245,28,18,0,190,0,14.4,13.0,3532,1,0,0,0,1,3532
20,77,0,42,0,70,0,5.7,1.0,525,1,0,0,0,1,436
21,355,0,73,0,351,0,2.6,4.0,1095,1,0,0,0,1,909
22,3156,525,97,0,12,2657,2.9,6.0,10957,1,0,0,0,1,9094
23,46,28,0,0,25,0,7.5,6.0,344,1,0,0,0,1,344
24,56,12,15,5,0,0,5.3,3.0,296,0,0,0,1,1,296
25,106,4,12,0,53,7,33.0,13.0,4220,1,0,0,0,1,3503
26,71,28,9,0,23,21,3.5,1.0,296,1,0,0,0,1,246
27,306,105,0,45,0,0,6.8,24.0,2082,0,1,0,0,1,2082
28,244,78,22,14,0,0,0.8,7.0,191,0,0,0,1,1,191
29,98,46,3,0,0,0,30.3,15.0,3583,1,0,0,0,1,2974
30,331,44,61,0,0,0,1.0,2.0,395,1,0,0,0,1,328
31,101,5,39,0,0,0,4.0,8.0,406,1,0,0,0,1,406
32,192,102,0,77,0,0,9.3,8.0,2151,1,0,0,0,1,1785
33,60,4,0,10,22,6,7.9,8.0,471,0,1,0,0,1,471
34,180,18,33,0,29,0,3.9,5.0,700,0,1,0,0,1,700
35,118,71,7,0,83,0,4.9,2.0,698,1,0,0,0,1,579
36,73,10,4,0,66,0,16.6,3.0,1459,1,0,0,0,1,1211
37,143,0,27,0,121,0,8.0,4.0,1372,1,0,0,0,1,1139
38,2190,648,236,0,0,0,6.6,19.0,16690,0,1,0,0,1,14520
39,9,10,0,0,5,0,26.6,2.0,239,1,0,0,0,1,239
40,203,167,3,0,0,0,6.2,5.0,1520,1,0,0,0,1,1262
41,162,36,9,20,0,0,10.8,8.0,1754,1,0,0,0,1,1754
42,183,21,29,0,0,0,8.3,6.0,1824,1,0,0,0,1,1514
43,59,21,0,0,51,0,11.3,8.0,804,1,0,0,0,1,667
44,412,14,99,10,0,0,14.2,20.0,5864,1,0,0,0,1,5864
45,348,14,33,0,312,0,2.8,3.0,1172,1,0,0,0,1,973
46,2529,513,66,220,0,0,2.1,13.0,5333,0,1,0,0,1,5333
47,250,92,57,30,43,0,7.1,8.0,1775,0,1,0,0,1,1775
48,206,199,0,5,104,0,1.0,5.0,246,1,0,0,0,1,204
49,617,136,103,0,179,0,5.1,7.0,3793,1,0,0,0,1,3148
50,173,78,10,72,0,0,50.4,12.0,10501,1,0,0,0,1,8716
51,286,156,27,0,0,0,5.1,6.0,1464,1,0,0,0,1,1464
52,52,17,6,5,16,15,26.1,2.0,1636,1,0,0,0,1,1358
53,45,28,0,25,0,0,6.2,7.0,281,0,1,0,0,1,281
54,104,7,48,0,100,0,22.3,5.0,2796,1,0,0,0,1,2321
55,465,44,104,0,15,54,8.7,13.0,4884,1,0,0,0,1,4054
56,2145,63,491,300,0,0,1.1,84.0,2400,0,0,0,1,1,2400
57,283,125,39,17,0,0,20.0,13.0,5650,1,0,0,0,1,5650
58,109,84,0,5,59,0,14.0,2.0,1837,1,0,0,0,1,1525
59,160,21,72,40,68,16,3.0,2.0,575,1,0,0,0,1,477
60,65,64,0,0,10,0,7.7,2.0,606,1,0,0,0,1,503
61,366,27,96,0,84,11,23.1,10.0,10205,1,0,0,0,1,8470
62,63,10,3,0,43,0,12.3,3.0,937,1,0,0,0,1,778
63,309,13,59,30,0,0,8.4,7.5,2597,0,0,0,1,1,2597
64,610,174,117,0,0,0,1.6,3.0,950,1,0,0,0,1,950
65,562,125,93,0,0,0,10.2,13.0,5727,0,0,1,0,1,5727
66,156,38,39,41,0,0,13.1,4.0,2458,1,0,0,0,1,2040
67,75,5,19,0,35,0,49.0,8.0,4430,1,0,0,0,1,3677
68,136,64,0,0,127,0,4.2,2.0,687,1,0,0,0,1,570
69,96,56,0,40,0,0,12.7,8.0,4530,0,1,0,0,1,1223
70,78,24,9,0,0,0,12.5,4.0,1084,1,0,0,0,1,976
71,51,0,14,0,36,0,7.6,12.0,466,1,0,0,0,1,387
72,1092,84,170,21,0,0,4.0,13.0,5320,1,0,0,0,1,4416
73,134,11,32,14,0,0,2.1,8.0,345,1,0,0,0,1,286
74,75,9,0,0,69,0,4.1,5.0,367,1,0,0,0,1,305
75,88,20,0,0,45,0,1.5,7.0,155,1,0,0,0,1,129
76,3088,1009,772,5,2544,0,1.4,8.0,4266,1,0,0,0,1,4266
77,82,46,0,15,0,0,5.4,3.0,440,1,0,0,0,1,440
78,110,66,0,0,85,0,12.4,2.0,1362,1,0,0,0,1,1362
79,308,83,0,10,122,0,8.2,6.0,2533,0,1,0,0,1,2533
80,143,32,3,0,0,0,1.6,10.0,225,1,0,0,0,1,225
81,826,326,155,0,139,270,13.4,13.0,11045,1,0,0,0,1,11045
82,3460,1831,318,142,227,0,9.5,24.0,32760,0,0,0,1,1,32760
83,73,32,0,5,0,0,28.1,8.0,2475,1,0,0,0,1,2054
84,64,56,0,0,56,0,3.9,7.0,252,1,0,0,0,1,252
85,497,28,113,10,92,0,4.8,8.0,2362,0,1,0,0,1,2362
86,288,0,36,0,214,0,8.5,5.0,2963,1,0,0,0,1,2459
87,494,62,140,67,0,0,17.6,21.0,8706,1,0,0,0,1,8706
88,130,65,0,0,111,0,5.9,6.0,770,1,0,0,0,1,770
89,204,43,6,104,0,0,39.8,36.0,8111,1,0,0,0,1,8111
90,17,5,0,0,0,0,44.8,11.0,762,1,0,0,0,1,762
91,60,25,0,5,0,0,2.3,1.0,164,1,0,0,0,1,136
92,73,20,36,0,10,0,4.9,1.0,431,1,0,0,0,1,358
93,169,14,25,70,0,0,2.8,6.0,580,1,0,0,0,1,481
94,1351,449,271,20,29,136,2.4,8.0,3842,1,0,0,0,1,3189
95,2087,444,303,0,0,0,10.8,9.0,22500,0,0,0,1,1,22500
96,253,0,107,44,0,0,46.3,13.0,12601,1,0,0,0,1,11719
97,102,26,10,0,0,0,1.8,5.0,244,1,0,0,0,1,183
98,115,39,0,0,50,0,12.9,5.0,1786,1,0,0,0,1,1482
99,288,186,21,60,0,0,4.3,11.0,1251,0,1,0,0,1,1251
100,199,7,77,0,188,0,4.7,8.0,1136,1,0,0,0,1,943
101,163,14,33,10,0,0,16.5,11.0,3234,1,0,0,0,1,2684
102,97,41,0,15,100,10,7.5,9.0,729,0,1,0,0,1,729
103,439,222,19,10,313,0,8.3,7.0,3630,1,0,0,0,1,3630
104,3113,609,248,80,0,0,10.9,24.0,42080,1,0,0,0,1,34085
105,153,7,57,20,0,0,18.7,3.0,3283,0,1,0,0,1,2856
106,670,97,122,0,498,0,8.6,6.0,6936,1,0,0,0,1,5757
107,129,93,3,30,155,0,4.9,15.0,631,0,1,0,0,1,631
108,329,68,14,0,73,127,6.6,8.0,2184,0,1,0,0,1,2184
109,5684,454,820,311,0,0,3.7,37.0,21014,1,0,0,0,1,21014
110,61,4,24,0,0,0,6.8,4.0,502,1,0,0,0,1,417
111,267,133,51,89,178,86,10.0,9.0,2683,0,1,0,0,1,2683
112,218,16,56,0,0,0,25.4,4.0,6665,1,0,0,0,1,5532
113,919,236,56,76,0,0,5.2,6.0,5801,1,0,0,0,1,4815
114,66,12,6,0,31,0,3.7,2.0,296,1,0,0,0,1,246
115,54,0,16,0,52,0,12.7,1.0,827,1,0,0,0,1,686
116,245,105,27,0,0,0,1.9,13.0,870,1,0,0,0,1,470
117,54,28,0,0,52,0,7.3,2.0,476,1,0,0,0,1,395
118,151,54,15,0,19,0,7.2,3.0,1241,0,1,0,0,1,1080
119,103,4,27,0,0,0,13.6,7.0,1396,0,1,0,0,1,1396
120,300,82,27,0,142,0,9.8,10.0,2933,1,0,0,0,1,2933
121,249,4,98,0,191,0,18.3,9.0,4551,1,0,0,0,1,4551
122,224,21,0,10,210,0,13.4,4.0,3613,1,0,0,0,1,2999
123,1984,1008,192,0,0,0,1.3,11.0,2540,0,1,0,0,1,2540
124,58,37,0,5,57,0,0.4,2.0,31,1,0,0,0,1,26
125,56,0,3,0,53,0,8.0,2.0,540,1,0,0,0,1,448
126,244,12,44,50,0,0,3.7,3.0,1092,1,0,0,0,1,906
127,12,0,6,0,3,0,17.6,13.0,211,0,1,0,0,1,211
128,1416,432,0,65,775,0,1.2,12.0,1724,0,1,0,0,1,1724
129,67,26,0,35,0,0,23.6,5.0,1821,0,1,0,0,1,1584
130,95,0,32,0,92,0,1.6,7.0,178,1,0,0,0,1,148
131,2376,233,639,131,0,0,10.7,24.0,30701,1,0,0,0,1,25482
132,442,102,57,0,393,0,1.5,5.0,683,1,0,0,0,1,683
133,68,12,19,0,56,0,37.1,4.0,3037,1,0,0,0,1,2521
134,268,96,45,10,20,0,10.9,9.0,2933,0,1,0,0,1,2933
135,90,0,0,0,0,0,5.5,2.0,595,1,0,0,0,1,494
136,72,25,7,0,17,0,6.8,7.0,486,1,0,0,0,1,486
137,505,127,18,0,0,0,9.8,30.0,4955,1,0,0,0,1,4955
138,450,145,59,0,58,7,13.6,7.0,6138,1,0,0,0,1,6138
139,230,38,46,0,40,0,6.3,10.0,1748,1,0,0,0,1,1451
140,242,78,4,0,222,0,1.3,2.0,375,1,0,0,0,1,311
141,106,76,6,0,96,0,23.1,2.0,2946,1,0,0,0,1,2445
142,31,14,0,0,27,0,7.6,6.0,237,1,0,0,0,1,237
143,1186,306,109,230,0,0,3.1,9.0,3711,0,0,1,0,1,3711
144,256,198,0,5,0,0,11.5,19.0,2941,0,1,0,0,1,2941
145,191,60,15,25,34,0,12.7,11.0,2430,0,1,0,0,1,2430
146,213,63,6,0,13,0,11.9,10.0,3051,1,0,0,0,1,2532
147,4562,1278,498,0,0,0,5.8,15.0,26408,1,0,0,0,1,26408
148,141,33,44,0,133,0,8.8,2.0,1499,1,0,0,0,1,1244
149,187,65,17,5,0,0,3.0,6.0,677,1,0,0,0,1,562
150,128,0,68,15,0,0,25.8,10.0,7180,1,0,0,0,1,3303
151,194,16,0,47,132,0,2.6,12.0,703,1,0,0,0,1,499
152,869,300,116,0,0,0,2.4,6.0,2078,0,0,1,0,1,2078
153,125,9,33,0,84,11,18.6,3.0,2802,1,0,0,0,1,2326
154,477,117,89,10,218,107,5.7,6.0,2741,1,0,0,0,1,2741
155,717,13,10,0,712,0,4.9,5.0,4272,1,0,0,0,1,3546
156,25,28,0,0,28,0,5.6,3.0,140,1,0,0,0,1,140
157,73,61,3,0,0,0,19.2,8.0,1404,1,0,0,0,1,1404
158,100,0,0,42,75,0,9.3,12.0,1119,1,0,0,0,1,929
159,273,183,15,0,0,0,1.9,5.0,528,0,0,1,0,1,528
160,587,119,94,0,0,0,6.4,15.0,3748,0,0,1,0,1,3748
161,1437,154,41,0,0,0,3.4,18.0,4900,0,0,0,1,1,4900
162,97,101,3,7,6,0,19.1,12.0,1853,0,1,0,0,1,1853
163,224,25,6,5,0,0,12.9,13.0,3322,0,1,0,0,1,2890
164,321,46,9,15,0,0,3.4,11.0,1076,0,0,0,1,1,1076
165,99,4,19,10,0,0,24.1,4.0,2876,1,0,0,0,1,2387
166,416,40,54,7,65,6,3.8,6.0,1911,1,0,0,0,1,1586
167,71,21,4,5,40,0,14.0,4.0,1201,1,0,0,0,1,997
168,120,48,12,0,108,0,1.8,5.0,212,1,0,0,0,1,212
169,213,43,3,30,97,3,6.0,12.0,1278,0,1,0,0,1,1278
170,1634,387,223,0,0,0,4.3,12.0,7060,0,1,0,0,1,7060
171,275,11,48,0,243,0,2.6,9.0,702,1,0,0,0,1,702
172,458,66,75,0,0,0,2.0,16.0,903,1,0,0,0,1,903
173,218,118,44,10,109,0,31.0,8.0,8151,1,0,0,0,1,6765
174,498,132,7,122,0,0,16.5,19.0,8227,0,0,1,0,1,8227
175,143,65,0,0,122,0,2.3,4.0,402,1,0,0,0,1,334
176,722,0,202,20,0,0,5.8,9.0,4164,1,0,0,0,1,4164
177,236,192,12,0,0,0,29.0,15.0,6844,0,1,0,0,1,6844
178,239,70,18,55,0,0,6.9,10.0,1661,0,1,0,0,1,1661
179,1882,589,218,0,0,0,3.2,10.0,6068,0,1,0,0,1,6068
180,291,29,0,37,0,0,20.8,14.0,6519,0,1,0,0,1,6063
181,328,71,61,0,0,0,2.0,13.0,665,1,0,0,0,1,665
182,264,7,50,0,0,0,2.1,6.0,544,1,0,0,0,1,544
183,270,42,53,30,0,0,3.3,6.0,893,1,0,0,0,1,893
184,32,7,12,10,0,0,11.0,2.5,352,1,0,0,0,1,352
185,1382,245,7,253,0,0,2.4,8.0,3344,0,0,0,1,1,3344
186,98,5,19,0,3,0,4.1,1.0,487,1,0,0,0,1,404
187,289,100,0,145,0,0,19.8,8.0,5732,0,1,0,0,1,5732
188,1059,234,144,60,0,0,21.6,17.0,26345,0,1,0,0,1,22920
189,724,12,189,0,142,24,13.0,9.0,11336,1,0,0,0,1,9409
190,40,22,0,0,0,0,7.1,4.0,285,0,0,0,1,1,285
191,128,18,24,0,117,0,10.1,3.0,1558,1,0,0,0,1,1293
192,1248,262,146,15,0,0,12.2,12.0,15165,0,0,0,1,1,15165
193,387,118,67,7,0,0,8.5,17.0,3960,1,0,0,0,1,3287
194,73,65,0,5,44,7,10.5,3.0,920,1,0,0,0,1,764
195,151,0,68,0,105,0,14.5,3.0,2643,1,0,0,0,1,2194
196,465,162,0,37,0,0,4.3,4.0,2427,1,0,0,0,1,2014
197,63,0,9,0,0,0,13.1,4.0,996,1,0,0,0,1,827
198,226,70,19,0,106,7,11.1,10.0,2508,1,0,0,0,1,2508
199,115,11,28,0,105,0,1.7,1.5,201,1,0,0,0,1,201
200,189,112,3,0,182,0,3.0,15.0,563,0,1,0,0,1,563
201,55,0,6,0,0,0,9.7,11.0,643,1,0,0,0,1,534
202,85,44,0,0,68,0,12.2,4.0,1252,1,0,0,0,1,1039
203,2143,657,3,437,0,0,20.2,7.0,52172,1,0,0,0,1,43303
204,520,160,9,25,0,0,6.0,8.0,3133,0,1,0,0,1,3133
205,113,34,16,0,64,0,15.9,3.0,2070,0,1,0,0,1,1801
206,264,17,26,0,98,6,10.0,6.0,3180,1,0,0,0,1,2639
207,349,24,18,30,4,0,6.8,4.0,2360,0,1,0,0,1,2360
208,229,5,0,131,0,0,11.0,5.0,2897,0,1,0,0,1,2520
209,172,40,4,7,0,0,10.4,5.0,1788,0,0,0,1,1,1788
210,323,57,53,31,0,0,3.8,13.0,1238,1,0,0,0,1,1238
211,89,28,17,30,73,0,5.0,4.0,442,0,1,0,0,1,442
212,878,404,161,17,0,0,3.8,5.0,3742,1,0,0,0,1,3368
213,220,50,51,0,0,0,1.3,3.0,281,0,0,1,0,1,281
214,150,4,20,0,143,0,4.6,3.0,828,1,0,0,0,1,687
215,161,38,30,0,0,0,1.4,2.0,220,1,0,0,0,1,220
216,804,334,0,42,0,0,14.2,12.0,13720,1,0,0,0,1,11388
217,272,20,61,30,0,0,35.7,14.0,11172,0,1,0,0,1,9720
218,33,7,0,15,8,0,4.4,2.0,145,0,1,0,0,1,145
219,64,28,10,0,0,0,2.2,3.0,140,0,1,0,0,1,140
220,277,110,47,0,170,0,4.6,19.0,1265,0,1,0,0,1,1265
221,322,100,67,0,106,14,16.3,13.0,6316,1,0,0,0,1,5242
222,164,56,18,20,43,0,17.0,11.0,2791,0,1,0,0,1,2791
223,145,10,72,0,0,0,5.1,3.0,894,1,0,0,0,1,742
224,73,24,12,0,72,0,8.0,5.0,704,1,0,0,0,1,584
225,245,179,24,15,0,0,3.6,7.0,893,0,1,0,0,1,893
226,406,36,125,0,288,0,13.9,7.0,6794,1,0,0,0,1,5639
227,98,0,41,0,68,0,56.5,5.0,6666,1,0,0,0,1,5533
228,83,10,3,0,63,4,4.9,3.0,494,1,0,0,0,1,410
229,182,59,39,0,157,0,5.5,5.0,1206,1,0,0,0,1,1001
230,820,98,199,0,212,35,3.1,11.0,2552,0,0,0,1,1,2552
231,545,226,131,0,466,0,16.0,11.0,8740,1,0,0,0,1,8740
232,105,9,0,0,84,0,1.9,8.0,198,1,0,0,0,1,198
233,55,10,14,0,42,0,42.7,1.0,2828,1,0,0,0,1,2347
234,62,4,0,7,0,0,13.2,8.0,984,1,0,0,0,1,817
235,109,105,0,0,105,0,2.3,1.0,300,1,0,0,0,1,249
236,436,334,15,60,0,0,17.8,15.0,7762,0,1,0,0,1,7762
237,179,44,6,40,0,0,4.3,4.0,935,1,0,0,0,1,776
238,1710,521,233,0,0,0,7.7,21.0,13130,0,1,0,0,1,13130
239,128,15,25,0,0,0,12.8,2.0,1890,0,1,0,0,1,1644
240,174,7,30,32,0,0,77.7,8.0,13528,0,0,0,1,1,13528
241,70,4,15,0,29,0,8.8,5.0,743,1,0,0,0,1,617
242,379,29,57,15,0,0,6.3,7.0,2391,1,0,0,0,1,2391
243,258,16,230,0,232,0,2.3,5.0,605,0,1,0,0,1,605
244,129,0,39,25,0,0,16.0,4.0,2372,0,1,0,0,1,2064
245,856,194,74,155,0,0,3.0,12.0,2551,0,1,0,0,1,2551
246,127,14,10,0,94,0,13.1,7.0,2010,1,0,0,0,1,1668
247,381,107,9,65,191,0,4.8,19.0,1817,0,1,0,0,1,1817
248,234,19,93,5,3,0,21.8,10.0,5103,1,0,0,0,1,5103
249,215,62,46,0,135,0,13.2,8.0,3417,1,0,0,0,1,2836
250,1406,70,290,90,0,0,10.6,1.0,14698,0,0,0,1,1,14938
251,85,67,3,15,59,25,12.3,13.0,1049,0,1,0,0,1,1049
252,59,32,3,5,0,0,18.0,10.0,1278,1,0,0,0,1,1061
253,358,0,89,40,0,0,38.9,9.0,16770,1,0,0,0,1,13919
254,73,0,12,0,62,0,50.3,7.0,4428,1,0,0,0,1,3675
255,597,96,78,7,0,0,4.3,6.0,2542,1,0,0,0,1,2542
256,276,120,34,0,139,18,8.1,2.0,2244,1,0,0,0,1,2244
257,728,165,15,167,27,255,11.1,4.0,9694,1,0,0,0,1,8046
258,59,55,0,0,11,33,83.8,6.0,5958,1,0,0,0,1,4945
259,98,32,9,0,42,7,13.4,11.0,1582,1,0,0,0,1,1313
260,756,66,127,5,320,112,4.3,7.0,3214,1,0,0,0,1,3214
261,155,34,0,0,107,0,3.1,10.0,582,1,0,0,0,1,483
262,544,104,107,0,362,0,4.2,4.0,2778,1,0,0,0,1,2306
263,813,677,34,100,820,0,2.0,9.0,1634,0,1,0,0,1,1634
264,75,0,30,14,0,0,9.6,6.0,720,1,0,0,0,1,720
265,112,4,16,0,0,0,9.6,13.0,1073,0,0,0,1,1,1073
266,211,32,79,5,100,0,16.9,13.0,3566,1,0,0,0,1,3566
267,895,271,222,0,0,0,0.9,7.0,780,1,0,0,0,1,780
268,74,7,37,5,0,0,54.0,14.0,3995,1,0,0,0,1,3995
269,3331,519,399,360,0,0,14.7,42.0,49034,0,0,0,1,1,49034
270,64,18,9,5,39,11,6.1,6.0,472,1,0,0,0,1,392
271,1402,804,187,63,0,0,12.6,23.0,17219,1,0,0,0,1,17607
272,337,21,86,25,0,0,1.8,8.0,657,1,0,0,0,1,591
273,73,0,67,10,38,0,11.1,6.0,978,1,0,0,0,1,812
274,64,28,17,0,17,0,8.8,12.0,680,1,0,0,0,1,564
275,1703,463,0,316,0,0,5.0,8.0,8549,0,0,1,0,1,8549
276,151,21,29,19,0,0,2.6,3.0,434,1,0,0,0,1,391
277,66,14,6,0,22,0,27.5,2.0,2189,1,0,0,0,1,1817
278,70,0,3,5,0,0,7.7,3.0,659,0,1,0,0,1,540
279,754,130,204,0,512,0,9.9,8.0,8967,1,0,0,0,1,7443
280,325,49,31,12,142,0,26.7,6.0,10437,1,0,0,0,1,8663
281,168,7,45,22,0,0,27.5,12.0,4622,0,1,0,0,1,4622
282,226,50,43,5,0,0,4.0,7.0,915,0,0,0,1,1,915
283,335,71,71,17,0,0,75.8,12.0,25401,0,0,0,1,1,25401
284,76,51,3,0,12,0,7.5,5.0,686,1,0,0,0,1,569
285,221,133,0,5,161,0,6.8,4.0,1822,1,0,0,0,1,1512
286,1010,224,111,75,77,0,5.0,11.0,5053,0,1,0,0,1,5053
287,116,12,22,15,0,0,16.7,10.0,1939,1,0,0,0,1,1939
288,39,0,3,0,31,0,2.9,1.0,114,0,1,0,0,1,114
289,170,12,23,0,41,0,9.0,8.0,1532,0,0,0,1,1,1532
290,179,0,49,0,0,0,26.4,4.0,5690,1,0,0,0,1,4723
291,166,0,38,0,164,0,17.9,13.0,3580,1,0,0,0,1,2971
292,354,34,174,25,0,0,16.5,10.0,5841,1,0,0,0,1,5841
293,615,0,74,0,0,0,1.5,8.0,941,0,1,0,0,1,941
294,126,7,18,15,0,0,8.2,8.0,1035,0,1,0,0,1,1035
295,1390,377,133,170,0,0,4.0,13.0,5597,0,0,1,0,1,5597
296,129,59,10,0,44,0,23.2,8.0,3600,1,0,0,0,1,2988
297,203,48,6,100,0,0,15.9,5.0,3219,1,0,0,0,1,3219
298,758,312,132,58,0,0,6.1,15.0,4630,1,0,0,0,1,4630
299,558,116,57,0,0,0,7.4,6.0,4112,1,0,0,0,1,4112
300,25,0,4,0,0,3,23.2,6.0,580,1,0,0,0,1,580
301,850,348,205,74,446,0,12.9,5.0,13183,1,0,0,0,1,10942
302,235,10,123,0,82,184,4.0,9.0,1129,1,0,0,0,1,937
303,58,0,19,0,30,0,43.4,8.0,3030,1,0,0,0,1,2515
304,316,118,14,0,151,11,8.2,8.0,2600,0,1,0,0,1,2600
305,7633,2455,135,1572,5193,565,3.3,19.0,25217,0,1,0,0,1,25217
306,119,118,0,0,19,4,1.5,2.0,212,1,0,0,0,1,176
307,55,17,6,10,0,0,6.2,3.0,411,1,0,0,0,1,341
308,1644,858,177,115,0,0,9.9,38.0,16357,1,0,0,0,1,16357
309,1193,667,149,54,485,180,2.5,12.0,3622,1,0,0,0,1,3006
310,605,231,91,0,0,0,2.8,8.0,2041,1,0,0,0,1,1694
311,389,94,77,10,166,0,2.9,6.0,1134,0,1,0,0,1,1134
312,132,0,27,7,0,0,9.0,8.0,1429,1,0,0,0,1,1186
313,132,50,22,0,27,60,10.5,9.0,1666,1,0,0,0,1,1383
314,286,36,44,55,0,0,6.0,6.0,1727,1,0,0,0,1,1727
315,305,87,39,10,0,0,14.8,7.0,4504,0,0,1,0,1,4504
316,268,105,0,0,0,0,17.9,8.0,5517,0,1,0,0,1,4800
317,110,15,0,10,0,0,23.2,24.0,2553,0,1,0,0,1,2553
318,3963,616,952,42,0,0,4.3,11.0,16921,0,1,0,0,1,16921
319,397,252,16,0,0,0,18.8,7.0,8987,1,0,0,0,1,7459
320,254,39,3,0,100,30,15.3,11.0,3877,0,1,0,0,1,3877
321,134,0,22,0,76,0,15.6,8.0,2516,1,0,0,0,1,2088
322,266,70,26,5,0,0,17.7,8.0,5657,1,0,0,0,1,4695
323,237,11,44,0,30,0,13.5,9.0,3857,1,0,0,0,1,3201
324,1243,15,245,10,0,0,9.2,9.0,13843,1,0,0,0,1,11490
325,666,233,124,5,0,0,1.1,13.0,752,1,0,0,0,1,752
326,1810,423,377,10,0,0,16.2,35.0,29399,0,0,1,0,1,29399
327,88,7,15,0,76,0,26.1,6.0,2770,1,0,0,0,1,2299
328,62,8,9,0,0,0,14.2,5.0,949,1,0,0,0,1,883
329,305,102,19,21,123,0,28.5,10.0,10484,1,0,0,0,1,8702
330,349,93,97,0,63,0,10.6,8.0,3703,1,0,0,0,1,3703
331,156,133,0,0,0,0,4.5,4.0,849,1,0,0,0,1,705
332,100,76,3,0,70,0,14.3,15.0,1434,1,0,0,0,1,1434
333,222,5,93,0,144,0,11.0,4.0,2952,1,0,0,0,1,2450
334,506,161,43,80,0,0,6.9,9.0,3500,1,0,0,0,1,3500
335,123,0,47,25,0,0,15.4,3.0,2179,0,1,0,0,1,1896
336,252,109,143,0,143,0,27.1,11.0,6821,0,1,0,0,1,6821
337,258,40,19,0,255,0,5.4,4.0,1678,1,0,0,0,1,1393
338,166,88,6,0,120,4,15.7,7.0,3137,1,0,0,0,1,2604
339,181,39,38,5,0,0,20.1,10.0,4088,0,1,0,0,1,3638
340,284,112,26,0,27,18,11.4,4.0,3234,1,0,0,0,1,3234
341,52,60,0,0,55,5,4.8,3.0,304,1,0,0,0,1,252
342,102,0,18,7,97,0,10.1,3.0,1239,1,0,0,0,1,1028
343,58,29,3,0,36,0,11.9,5.0,833,1,0,0,0,1,691
344,1196,108,56,5,0,0,6.5,15.0,7824,0,0,0,1,1,7824
345,38,0,8,0,0,6,6.5,4.0,247,1,0,0,0,1,247
346,84,0,21,0,20,0,32.6,10.0,3299,1,0,0,0,1,2738
347,73,14,8,0,44,0,15.4,6.0,1351,1,0,0,0,1,1121
348,449,12,12,0,428,0,35.7,8.0,19328,1,0,0,0,1,16042
349,551,116,52,5,231,21,4.4,13.0,2934,1,0,0,0,1,2435
350,194,47,28,35,0,0,7.4,8.0,1440,0,1,0,0,1,1440
351,185,14,50,10,0,0,34.7,16.0,6416,1,0,0,0,1,6416
352,134,0,77,0,0,0,9.1,5.0,1461,1,0,0,0,1,1213
353,1241,45,319,0,0,0,8.2,15.0,10222,1,0,0,0,1,10222
354,99,0,3,0,93,0,2.4,3.0,241,1,0,0,0,1,241
355,1285,67,133,7,0,0,0.9,16.5,1200,1,0,0,0,1,1200
356,466,212,12,7,0,0,3.7,10.0,2058,1,0,0,0,1,1708
357,77,0,20,0,65,0,27.4,4.0,2540,1,0,0,0,1,2108
358,81,22,0,21,10,0,5.6,1.0,547,1,0,0,0,1,454
359,694,164,168,60,0,0,5.9,8.0,4086,0,0,0,1,1,4086
360,62,7,6,17,51,0,32.7,5.0,2442,1,0,0,0,1,2027
361,56,42,0,15,0,0,5.2,3.0,293,1,0,0,0,1,293
362,753,13,0,7,0,0,5.7,12.0,4301,1,0,0,0,1,4301
363,421,22,217,5,0,0,39.9,15.5,16788,1,0,0,0,1,16788
364,59,11,3,0,0,0,9.6,3.0,682,1,0,0,0,1,566
365,409,201,39,60,0,0,6.5,11.0,2672,0,1,0,0,1,2672
366,115,90,4,0,21,0,16.3,12.0,1869,0,1,0,0,1,1869
367,93,20,4,0,70,0,8.6,3.0,967,1,0,0,0,1,803
368,71,15,12,5,69,0,56.6,7.0,4842,1,0,0,0,1,4019
369,971,42,249,10,0,0,5.0,14.0,5864,1,0,0,0,1,4867
370,74,7,42,10,0,0,42.3,17.0,3132,1,0,0,0,1,3132
371,81,4,25,10,30,23,1.1,1.0,107,1,0,0,0,1,89
372,106,33,19,55,0,0,10.6,7.0,1357,1,0,0,0,1,1126
373,1168,240,176,10,0,0,1.3,8.0,1538,0,0,1,0,1,1538
374,1093,119,235,47,0,0,6.6,11.0,7263,1,0,0,0,1,7263
375,67,18,31,0,59,0,57.5,2.0,4642,1,0,0,0,1,3853
376,1256,121,450,50,0,0,23.0,28.0,51527,1,0,0,0,1,28855
377,72,5,0,0,66,0,17.3,15.0,1504,1,0,0,0,1,1248
378,777,159,38,45,0,0,19.4,13.0,17286,0,1,0,0,1,15039
379,131,33,18,12,0,0,37.8,13.0,5960,1,0,0,0,1,4947
380,134,0,0,0,0,0,15.1,8.0,2433,1,0,0,0,1,2019
381,826,295,72,0,0,0,6.5,42.0,5400,1,0,0,0,1,5400
382,3180,538,295,0,0,0,10.4,36.0,33028,0,0,0,1,1,33028
383,324,108,29,5,0,0,15.7,13.0,5078,1,0,0,0,1,5078
384,220,45,30,0,165,0,3.2,3.0,701,1,0,0,0,1,701
385,258,89,6,49,0,0,2.9,12.0,736,1,0,0,0,1,736
386,139,19,6,60,0,0,7.0,7.0,976,0,1,0,0,1,976
387,274,123,57,30,0,0,4.3,4.0,1167,0,1,0,0,1,1167
388,231,86,0,130,0,0,16.3,12.0,3762,0,0,0,1,1,3762
389,126,15,6,40,118,0,4.9,5.0,619,0,1,0,0,1,619
390,93,70,0,10,95,0,11.8,8.0,1327,1,0,0,0,1,1101
391,1825,569,192,60,0,0,0.7,15.0,1210,1,0,0,0,1,1210
392,500,31,130,0,227,53,11.8,8.0,7080,1,0,0,0,1,5876
393,373,96,21,50,12,0,6.4,10.0,2395,0,1,0,0,1,2395
394,330,26,64,0,0,0,3.2,10.0,1050,1,0,0,0,1,1050
395,57,28,0,0,55,0,30.5,4.0,2098,1,0,0,0,1,1741
396,127,0,20,0,98,14,12.4,4.0,1902,1,0,0,0,1,1579
397,1362,291,171,0,0,0,2.3,11.0,3193,0,0,1,0,1,3193
398,1463,119,223,0,0,0,24.6,23.0,36046,0,0,0,1,1,36046
399,148,49,36,15,0,0,23.2,3.0,4141,1,0,0,0,1,3437
400,474,24,343,15,433,0,3.9,6.0,1829,1,0,0,0,1,1829
401,77,18,21,0,59,0,5.3,10.0,492,1,0,0,0,1,408
402,213,67,41,0,161,0,3.8,2.5,801,1,0,0,0,1,801
403,175,53,0,0,116,0,3.4,7.0,597,0,1,0,0,1,597
404,360,98,54,0,0,0,2.1,18.0,763,1,0,0,0,1,763
405,331,0,12,284,96,128,3.7,5.0,1238,0,1,0,0,1,1238
406,285,187,15,25,0,0,4.4,7.0,1249,0,1,0,0,1,1249
407,187,32,10,5,159,0,73.5,3.0,15807,0,1,0,0,1,13752
408,502,32,89,120,0,0,18.5,14.0,9296,1,0,0,0,1,9296
409,303,266,0,25,291,0,1.1,1.0,396,1,0,0,0,1,329
410,174,83,0,5,35,60,17.7,17.0,3088,0,1,0,0,1,3088
411,44,0,16,5,3,0,8.6,2.0,380,0,0,0,1,1,380
412,387,221,37,0,362,0,6.0,7.0,2811,1,0,0,0,1,2333
413,406,374,27,0,398,0,5.2,19.0,2109,0,1,0,0,1,2109
414,496,109,67,60,0,0,20.3,14.0,11586,0,1,0,0,1,10080
415,116,38,4,0,73,0,4.8,2.0,553,1,0,0,0,1,553
416,53,17,0,5,0,0,6.7,16.0,354,0,1,0,0,1,354
417,209,145,10,0,15,0,0.9,2.5,190,1,0,0,0,1,190
418,903,134,158,100,303,186,6.1,11.0,6605,1,0,0,0,1,5482
419,469,170,15,96,0,0,6.8,11.0,3845,1,0,0,0,1,3191
420,1894,1241,143,10,696,75,2.1,12.0,3986,0,1,0,0,1,3986
421,215,0,94,0,133,0,2.6,7.0,560,1,0,0,0,1,560
422,82,9,20,0,52,0,1.0,2.0,96,1,0,0,0,1,80
423,1694,469,385,85,0,0,4.6,16.0,7816,1,0,0,0,1,7816
424,81,22,20,0,4,8,24.7,5.0,2412,1,0,0,0,1,2002
425,297,7,132,0,264,12,5.2,6.0,1557,1,0,0,0,1,1557
426,280,91,0,0,0,0,5.1,7.0,1417,0,0,0,1,1,1417
427,56,5,16,0,21,0,22.3,5.0,1501,1,0,0,0,1,1246
428,492,97,157,75,244,0,8.5,11.0,4158,1,0,0,0,1,4158
429,426,122,54,20,352,27,1.5,2.0,778,1,0,0,0,1,646
430,499,42,60,0,299,0,4.6,10.0,2310,1,0,0,0,1,2310
431,60,32,12,0,0,0,16.5,5.0,1102,1,0,0,0,1,992
432,362,68,41,15,0,0,19.6,6.0,8543,1,0,0,0,1,7091
433,363,23,115,0,267,0,9.5,5.0,4134,1,0,0,0,1,3431
434,53,0,24,0,48,0,19.0,3.0,1213,1,0,0,0,1,1007
435,17518,1221,0,0,0,0,3.1,14.0,54620,1,0,0,0,1,54620
436,199,92,13,0,100,77,4.4,2.0,1049,1,0,0,0,1,871
437,2171,319,323,0,984,70,9.1,8.0,19699,1,0,0,0,1,19699
438,220,19,64,0,200,0,8.8,4.0,2325,1,0,0,0,1,1930
439,1355,428,58,10,0,0,5.5,26.0,7505,1,0,0,0,1,7505
440,374,4,88,10,0,0,0.8,2.0,363,1,0,0,0,1,300
441,62,0,0,5,0,0,5.6,3.0,420,1,0,0,0,1,349
442,311,217,3,57,0,0,6.6,6.0,2455,1,0,0,0,1,2038
443,132,15,13,45,0,0,4.6,6.0,724,1,0,0,0,1,601
444,135,17,0,0,147,0,4.9,15.0,667,0,1,0,0,1,667
445,79,34,0,10,7,0,45.4,5.0,4319,1,0,0,0,1,3585
446,155,28,10,0,128,0,12.4,4.0,2308,1,0,0,0,1,1916
447,965,234,148,0,0,0,3.8,30.0,3930,1,0,0,0,1,3655
448,296,166,48,50,0,0,18.4,10.0,5432,0,1,0,0,1,5432
449,56,19,10,0,0,0,3.0,3.0,170,0,1,0,0,1,170
450,206,23,31,0,104,0,8.8,8.0,2196,1,0,0,0,1,1823
451,651,385,16,27,0,0,5.5,4.0,4352,1,0,0,0,1,3612
452,2323,332,0,240,1552,135,1.7,6.0,3981,0,1,0,0,1,3981
453,146,0,50,0,93,0,13.6,6.0,2390,1,0,0,0,1,1984
454,284,83,75,5,183,0,12.8,5.0,4393,1,0,0,0,1,3646
455,249,26,80,0,0,0,15.3,9.0,3800,0,1,0,0,1,3800
456,32,7,0,30,0,0,15.6,3.0,498,1,0,0,0,1,498
457,1908,1216,155,10,0,0,14.2,48.0,27000,0,0,1,0,1,27000
458,253,149,0,24,177,0,6.7,7.0,1694,1,0,0,0,1,1694
459,184,21,43,15,0,0,16.0,4.0,3393,0,1,0,0,1,2952
460,76,12,0,0,72,0,4.9,1.0,451,1,0,0,0,1,374
461,276,5,75,0,53,14,1.1,4.0,300,1,0,0,0,1,300
462,3471,257,534,42,0,0,2.2,17.0,7575,0,0,0,1,1,7575
463,380,103,77,20,0,0,8.7,9.0,4002,1,0,0,0,1,3322
464,155,0,69,47,0,0,33.5,8.0,5196,1,0,0,0,1,5196
465,327,142,21,100,0,0,7.8,16.0,2566,0,1,0,0,1,2566
466,193,80,50,0,182,3,8.7,5.0,2031,1,0,0,0,1,1686
467,1108,20,314,30,0,0,22.6,6.0,26940,1,0,0,0,1,25054
468,363,10,92,5,352,0,0.3,10.0,141,1,0,0,0,1,117
469,249,104,6,0,0,0,2.0,3.0,500,1,0,0,0,1,500
470,769,195,235,0,557,12,16.3,8.0,12551,1,0,0,0,1,12551
471,137,42,30,0,36,0,2.9,3.0,399,1,0,0,0,1,399
472,579,81,109,0,0,0,1.4,7.0,784,1,0,0,0,1,784
473,133,0,41,20,0,0,15.9,6.0,2428,0,1,0,0,1,2112
474,78,34,6,0,46,0,7.7,3.0,690,0,1,0,0,1,600
475,101,31,3,0,28,3,4.5,1.5,450,1,0,0,0,1,450
476,1222,333,173,5,0,0,4.7,20.0,5800,1,0,0,0,1,5800
477,1093,277,126,5,253,0,2.3,7.0,2565,0,1,0,0,1,2565
478,222,57,0,25,0,0,10.7,4.0,2385,0,1,0,0,1,2385
479,2067,658,45,5,557,0,5.0,21.0,10398,0,1,0,0,1,10398
480,175,31,22,0,15,0,19.6,10.0,4137,1,0,0,0,1,3434
481,230,12,41,0,0,0,1.7,3.0,1379,1,0,0,0,1,400
482,104,5,40,10,0,0,3.3,2.0,512,0,0,0,1,1,338
483,177,79,6,60,0,0,16.0,17.0,2835,0,1,0,0,1,2835
484,62,0,12,0,33,0,9.6,2.0,716,1,0,0,0,1,594
485,487,238,53,12,428,0,2.1,6.0,1017,1,0,0,0,1,1017
486,177,12,27,60,0,0,4.5,8.0,951,1,0,0,0,1,789
487,105,66,10,15,0,0,7.4,3.0,774,1,0,0,0,1,774
488,140,68,3,0,0,0,4.6,1.5,640,0,0,0,1,1,640
489,230,49,37,0,0,0,2.2,4.0,500,1,0,0,0,1,500
490,236,84,52,0,0,0,2.5,10.0,668,1,0,0,0,1,601
491,846,56,112,5,0,0,19.1,13.0,16179,1,0,0,0,1,16179
492,139,21,30,0,0,0,17.6,6.0,2446,0,1,0,0,1,2446
493,51,27,0,7,39,0,6.6,3.0,338,1,0,0,0,1,338
494,195,32,12,0,0,0,9.2,9.0,2152,1,0,0,0,1,1786
495,51,0,16,0,55,0,17.6,3.0,1083,1,0,0,0,1,899
496,1106,267,108,25,0,0,15.0,20.0,19034,0,1,0,0,1,16560
497,99,32,3,5,0,0,5.3,4.0,634,1,0,0,0,1,526
498,56,0,9,0,0,0,7.9,6.0,440,0,1,0,0,1,440
499,213,91,28,0,206,0,10.3,7.0,2185,1,0,0,0,1,2185
