PCA_1,PCA_2,PCA_3,PCA_4,PCA_5,PCA_6,PCA_7,PCA_8,PCA_9,PCA_10,PCA_11,PCA_12,PCA_13,PCA_14,PCA_15,PCA_16,PCA_17,PCA_18,effort_D
-4.071176201708821,4.177717019330261,-4.660865675834135,-0.1973433321060504,4.274171266478757,0.08286956816718952,3.002524825793823,-1.0616664160463003,2.936688460416119,-1.7008610763537768,-0.7482756682324999,-1.0086514184976505,1.2433560403205222,0.18229798566403524,0.07594182001777218,0.6107940430807328,1.4287384633092477,1.7561609027807923,1062
0.37344588150534114,0.9665296885796147,0.22649904813199315,2.222012265804959,-1.867478635460631,-0.45619436084282133,-0.26846160279279213,-1.0501835324163487,-0.9312515108525563,-0.6581342615149733,0.2045711277251123,-0.152219734890147,-0.02253470204731059,0.5250343167461751,-1.3394757920423241,0.7098841490452346,0.9691292085164299,0.804830762775571,7871
-3.9491991630274765,-0.17583311220466974,1.1614093279981332,1.0149222333885433,-0.2781762220924328,0.5019920108499157,-0.2829275406491407,-0.11271652401153186,-1.5154563968154555,-0.2438472191644868,0.2817681397018133,-0.555139175113022,0.9225453655666456,-2.1992521940759326,-1.0512122129225978,-0.6053399351117417,-0.23956979354282498,-0.28698259085614347,845
-3.328328857344181,-0.5756857993628748,1.0581720431636896,0.34068155998662003,0.3124430130924475,0.05497661262810148,1.7231320706353668,1.3332280806182097,0.93938010383262,-0.9590661622303012,-0.4520023971958042,-0.4502316541719759,-1.8932621589085967,-1.1014219756938994,-0.5819995813409734,0.46785369241876934,-1.1179694975940218,-0.5570327337351136,2330
6.647473204236438,-2.0378710230735066,0.1287538344213545,0.4812100065872445,0.4063424228857191,-3.0449804000494773,-1.011552336195585,-1.601276201432351,1.2831107690168482,0.8802257028852528,-0.31208349533191615,1.7659298339008875,0.33332462461960966,-0.8348743284621766,-1.378834315149964,0.1760249576001636,-1.3197627411986115,-0.044695395539413256,21272
-1.9273464375347464,0.13187108447772777,0.4879761642068635,1.9281841722233413,-1.0153720609047177,0.353034900304123,0.08066035980497208,0.07751866830343725,-1.5420194165289878,-0.8068934905356855,0.40061499584025473,-0.7024004427404323,0.8550969280933366,-0.31129827558161743,0.37119299607509915,-0.8971187842276908,0.8081595917652414,-0.16700533153371014,4224
-2.61702813763337,1.3353709845886421,2.192786189380871,-2.1509365298181358,-0.9258766248802266,1.1095482119121223,-0.8516924494144432,-0.13051287784538837,-1.636189599960068,-0.039214673913265836,-0.05997528609789321,0.10619167148188272,0.7186459102934143,-2.1086716548730227,-1.2883572369051544,-0.39312541348638697,1.7425655766961694,-0.2652814375041822,2826
-0.16875144740169118,-0.6018472727660517,-0.06094099353874895,3.009163877447268,-2.179313681101879,-0.6133177054113197,-0.9736965662209378,-0.34677252682405924,0.6913031036437786,-0.18149213865078156,0.005466880752012377,0.38085236196605127,0.704250457004602,1.5091967875928085,-1.0002033044949792,0.35321758765839495,0.7458605005196944,-0.7899770261778863,7320
0.34037621906552723,-2.7746589028692816,-1.0104728873520015,1.6657843700379698,-0.16966672011916936,-0.3714915267512974,-0.3933105946395207,-0.9271440125491205,0.730854020640069,-0.09150942055308588,-0.6722088138093131,1.9946030307471734,-0.29977872372247155,-0.6775735738483576,1.0522265225422007,-0.07861232994947458,0.5915344818128266,0.7560380365717541,9125
2.1517263532214,-5.085746478134609,-11.255075862301684,-5.232492662679376,-4.0827540338939965,2.2158684653850043,-0.5742993969925412,-2.2793485908542856,0.19757342461888217,-2.678528841512039,1.0743125913480327,-1.0266311699281672,-0.07427504691368347,-0.19500115481062583,-0.52533088030606,-0.6653020292194906,-0.8711250825319045,-0.25570118738785214,11900
-2.606377561283247,-1.9667586081802368,0.1434964895693612,0.4852414044313712,1.0049938381835684,-0.15545962991539974,2.185541439867223,0.25094106594309895,0.7622854861014662,-0.6883049832079677,0.012430768718996258,0.9271187726632648,-1.4922836797375651,0.07196754892574857,0.09276519851963817,0.7621023895360375,-0.6523965823239726,-1.2265217728418587,4300
-2.339026419164584,-1.4637487409799437,-4.725848178223673,0.7566821678684662,1.1548698323790119,1.6974290491046649,-2.435639322409295,1.5392669912248973,1.8948411263365317,3.812797217274119,-2.5617499802309744,0.8946963645890498,-0.26485188286623385,-0.009322156127861574,0.3763879128191267,1.8874935091515368,-0.4923886096349174,-0.2695162584877184,4150
-4.465988341259769,-1.158260965560103,0.5903111359304916,-2.151010390947268,3.4952356802692006,-1.6115785621640502,0.08291776717155727,2.098368935456698,3.819148622896843,-1.37725026797622,2.5698607433655796,-0.42925686689655834,3.458556978254491,-0.11910323489219035,-1.4673515206830519,0.36130334753413246,0.09000516755119785,0.1495609494961388,900
-4.201393254033365,-1.7209572884682058,0.18551890078887992,-1.3524389526882852,0.8514572020342502,-2.3844221769845135,-1.8128777363734512,1.5778255139898192,0.5875203632930603,1.3982676510784657,0.1955325627197991,-0.16888315797428896,-0.38603634901344047,-0.05510468211972148,-1.6475394781660895,-1.3227455649165276,0.08394196098188554,-1.4198952256936261,583
-3.1451754009592507,-1.0401344617977182,0.565472958698423,0.23805965972327453,0.38106304390809587,-0.6576025445093215,1.9091110310064123,0.5129773063350753,0.7539604408869763,-0.9617601011275189,1.3899482570214219,0.44120351358204213,-1.2699925400956693,0.7477287892414535,0.6588953383246914,-0.25714997525188715,-0.5559688980709517,-0.8722248901726043,2565
-2.198197289791466,-0.5200876868521934,0.47591145397360723,2.156050320949244,-0.6850805167066979,0.5956402756199521,-0.5790338281931149,0.8865498910233756,-0.5451197256573352,-1.4362328385163499,-0.6407162712063624,-0.01896645404365227,-0.049794366279748654,-0.2120778082094378,-0.4644863982173866,-0.004365844056006966,-0.1830932116523022,0.820680408677432,4047
-3.570474209100626,-1.2371724378638285,0.23326026487189025,1.6555014228517277,-0.284887881930124,0.7989736078895331,0.24582116065196957,0.6062742717048791,-0.10496014549471439,-0.8650535749017458,0.8504724585742186,0.6542247525714809,0.6067989037124879,0.3244973756445491,1.843022939784386,-0.9462181655044827,0.0018237906549448588,0.02381749767985415,1520
9.694818220809193,0.34355837897175284,0.9264346299469491,-0.4983080191744672,-1.4786728957656796,1.3954008328419125,2.044525796811355,-0.34287696242267646,1.3060820616211306,1.1467449565344832,0.6131441697455324,0.7673241723140777,0.6387555437468913,-0.5846348293443976,-0.15665778599168192,0.022427249362768846,1.277110232295594,0.4165477663563306,25910
15.76435006695556,0.9892419080179436,1.5206629307434627,0.46735661520089744,-1.437647376903242,1.6983438892539897,1.3821246575916168,-0.42673260007163105,0.8069604049547149,0.9629499439022694,-0.5088371961686233,-0.2902170163436209,0.34585696666189814,0.23183163755898567,-0.15650302970512098,0.16566849344599296,-0.37651946340933573,1.454155305294321,37286
3.8850629653315636,-0.25232650645084814,0.08362807809650818,-1.0042234521967328,-0.3359517877537856,-2.2721756252740155,-1.4296408484980305,-1.1953790760470997,0.3761772799237301,0.4479453313210009,0.3134324677997312,1.0710015479130948,0.18830784551890364,0.852102679258888,0.7203753921537059,0.8999174529146211,1.133057384232652,-1.7634098973600127,15052
1.6511604480219455,-0.1269950665566467,0.2715466574991672,2.624460510732375,-1.8833737214743609,-0.054427692412849164,-0.6544660263550005,0.2987377568457497,0.16174995579033055,-0.0616473471074294,0.2569442856298607,0.13189166330201638,0.8429364085701003,0.7412652289245689,-0.7524058664229906,0.957607225396061,0.23547415767341265,-1.3166635172756131,11039
6.228789994238629,0.08435347454456407,0.6839358952480266,-2.143378817232908,1.595495436675272,-0.6978797772296388,-1.6319166858163987,1.3706419625377806,-0.3695003239876716,-0.869455014801105,-0.8519365430869161,-1.029818708353428,-1.38740920414751,-0.8020026610870821,0.6740205565064407,1.8382318699144922,-0.9582234473650596,-0.051524928874042066,18500
0.44478633868387357,0.3865872301210116,-0.010237520315002696,0.21415958245299474,-0.06454450049211187,0.1926570880384773,-1.1129461306700446,2.2673245505358106,0.10368578903748406,-1.6999405123226534,0.6187055781107992,0.7540971506469004,0.06169047886704508,0.5137610840089791,1.762678058039835,-0.19857094052367927,0.9100938561007106,-0.007424619172511846,9369
-0.9546741088146169,-1.0335618332143721,-3.72336905107524,0.5482756027311539,0.961216512411214,1.456590210591948,-1.0011666102980348,2.811262112821244,0.7896335895554565,1.5465289487443739,-1.2526747302798453,0.3982132687073076,-1.350782284424374,0.2032149088803107,-0.5075721999123782,-1.0526698123028777,1.871454551232597,-0.6852659992737693,7184
1.6430137499223458,0.6573476428199381,2.5783759630970007,-0.3340312258927014,-2.7036741009255403,0.9758467132657038,0.3472732543932961,0.8931887746828892,1.5128285074967316,0.38085795759633523,1.3993297654839736,1.764204818973435,-0.4264021863381088,-1.0109962621810737,-0.30155059629659603,-0.6514751387095633,-0.2166909929833597,0.7243746947777537,10447
-1.5012847531359037,-0.4279320836000551,1.124164813603848,-0.059048842094489976,-1.5368536829771338,1.9961417010960143,-0.09283571940900023,0.1340478701600244,1.0907736507688939,0.8443128568309487,-0.9107257068122522,-0.01618716525650304,0.31507763260679494,-0.7937921548833885,-0.6626104472567226,1.0812555543223021,0.20453990687264292,0.9505042035885818,5100
28.304726601681832,-1.9577254860527076,-0.9182698364906307,1.8579694315268622,1.983716639697396,0.5271109929183764,2.141800761813334,1.2297304111461207,-0.5049805700917419,-0.24476571564740343,-0.05192460367383763,0.054500599847649475,0.7008388582539801,0.13151649312206742,-0.1493853416238934,-0.4150019501430936,-0.12035156500760184,-0.9044235721297865,63694
-3.4103927633229314,-0.3715685243530751,2.4772230162310866,-0.2774703411038396,-0.7631740412907878,1.0092396937930348,0.5368020311771866,-1.0553466667108966,0.7288596459159592,0.7593882835214963,-0.7204821040797122,-1.577025795929992,0.8496145702028142,1.1378447998351406,0.5677568197462541,-1.6993064378441753,-0.22492586575426962,-0.19722284196349946,1651
-4.071753464724584,-0.7883852408739416,2.566410333163501,-4.594510473478006,2.8107538015407445,4.0568440507689605,1.152448150934655,-0.511432577527358,-2.903834581371746,-0.8252896188712439,-2.189573180971547,3.882253658179818,1.0582998373816344,2.7342942508787997,-1.1345610928747416,-0.3122744237780114,-0.8546545380578231,-0.06468978001815474,1450
-3.587553667247609,-0.5269549523105892,0.6226970888419181,-0.20457082153199213,0.6510411592831257,-0.42899125667764115,2.815542977752428,-0.5214760873816975,-1.0822662719769807,-1.4460045952548168,0.2853608792730181,-1.1787223362847736,-1.6288877425001018,0.5652196155401201,-0.6157761580518679,0.77654478629822,0.8339759118429878,-0.6788593460697362,1745
-3.162184390241813,-1.0291351677175067,0.9607244551625336,0.7016495821699846,-0.1186385645248438,-2.1906155227817594,-1.7551214611939392,-1.0038459962216402,-0.029516649116099577,-0.9059718620298571,-0.8328459132451985,0.21919176645553987,-1.024912750247799,-0.5445226779863028,-0.5250648996872537,-0.7057257539606085,-1.0038722822862203,1.6100417594260543,1798
-2.7831080134921624,-2.6148072008783405,-0.5972262408174059,0.3434728090417812,1.4850759072258515,-0.5019546532794917,0.33706680031578995,-2.108767099695444,-1.245399598132862,1.7559615150418522,3.123823173347874,0.9546640650812426,-0.9545384579641006,0.060941992459412904,1.2682109562264277,0.6508928420497534,0.32540655012929753,0.6980604320928746,2957
-3.9611767976172856,-1.2924890702440257,0.26115198691123126,1.5404288075820076,0.10252062834005057,0.9674419357048188,0.31760412757801626,0.41151800982765463,-0.7846409438103772,-1.305752012955998,-0.4386178165238457,0.27598342881851795,0.03348828249436135,0.028431867438709613,0.3015266963489659,0.6810605944724338,0.15120127570972755,0.3202258670193132,963
-4.070464320304427,-1.1761306804714928,0.4799910189272201,1.1907496892000222,0.4262964682153983,1.0708466268234746,-0.2208718646509101,1.0689896865487853,0.12144950067989052,-0.3719075881070987,0.7146413026303977,-0.39726893362811827,1.2796276567086113,-0.5278170497282249,0.4325710179103034,-0.5666638840666186,-0.7555780727529632,-0.28146620192951455,1233
-2.089912182020793,7.454607817726485,-2.3794088672179368,0.729553432174539,0.18336331273060116,-0.9023966597388353,0.9052443722847536,-2.0284074465129094,0.15008122883953628,-0.3284191266812355,0.39229762331613754,0.6938191607769961,-0.7290717181925317,0.7503657799644139,0.480694595170719,-0.15380104787391916,-0.6316393861538835,-1.6599013154623723,3240
1.8657889825909804,7.8586967884534396,-2.2103325955079147,0.8221561301172167,-0.22464818912689477,0.5734263795947587,-1.0799561716616008,-0.7083881962331608,-0.5781270099797537,-0.3980096776003474,0.7210594742370916,1.0919331602394857,0.3401398436782901,-0.8999439595462708,0.13719056149495887,0.46234445059098234,-0.9743164457895758,-0.2393383697698616,10000
0.023698727526426294,7.944568534581788,-2.090287780740056,0.8969225064619227,-0.47715162464211364,0.5209976704209294,-1.1849969031360486,-0.7578723876586901,-0.5261067697886762,-0.41492659308189533,0.766212459243233,1.1630967751855705,0.3292944444525585,-0.8107173408659367,0.11020557073431889,0.4485636656065551,-0.9013648265210469,-0.1998893910765211,6800
-2.1823204609577274,-1.7116541507753917,-0.27759366670705093,0.8542428961159807,0.6053608551691075,-1.4590382829165076,-0.8065372483465335,-2.29012027876559,0.022969884836802377,0.4896632678947261,-1.185677801956442,-0.3821864116686245,0.9484368770770059,0.23747219589687327,0.5095420714901321,0.48436714399997427,-0.313834187465091,0.014069151787741577,3850
4.175397691419772,1.8841660425555535,2.2757489284130052,-2.135050743662139,-0.8633954879784334,-0.3584980343418829,-1.0259936893468098,-1.095542845984343,0.04266486272806951,0.6953388851429078,-0.19714420690899034,-1.342695932778864,0.841844833136575,1.3115539910036518,0.13150634584740098,0.14199583531521437,0.5936240855657856,-0.8229313509457558,14000
-1.6178302917128633,-2.310893967534217,0.05996182911498923,0.13020763240429176,1.8450225536419806,0.5943115463612824,0.793178912901697,-0.025343477281303244,-0.9503736933051647,1.1455427406490892,3.3453690215865644,0.14394155768913466,-1.0856524568327726,0.006477135861479497,0.9934698775538077,0.5028375564504375,-0.12477973128898918,0.30634421005919704,5787
1.3053339677524172,1.2807516796944796,1.6865382646103027,-3.157091492255363,-0.10033900471048163,1.120335159679936,-0.35314562441775404,-0.5555522538580507,0.07976107822646432,1.5507986837946313,-0.8162841993217066,-1.7285207450506352,0.6490252515569999,-1.1329839629066736,2.7176487122292627,-0.06239842608308623,0.7488253081251981,-0.6596853813437115,9700
-4.233718184921813,1.9433010319532789,-2.2572109850675504,0.4035566279230938,2.166604326782718,-1.8681219434881486,1.7002221507790385,-0.6614389250379796,0.09039119898974768,0.21158123676801083,-2.5769700521347163,0.3849170678746894,-0.9509684824667392,-1.729019127970207,-0.14340383898646714,-2.7800310303898836,0.30669912211937134,-0.4435358661457554,1100
-1.5207696445561873,-0.9910869558099596,0.7183889358683058,1.545836313624044,-0.5463296889961549,0.9632138363230504,-0.6508456532792937,2.3606847419812684,0.14408703663803865,-1.5657896278612349,0.20041662135171506,0.13399176845418398,-0.7938790483369238,-0.5055596034054596,0.07386348163317706,0.14025973034502565,-0.4754324277731503,0.2604339014459511,5578
-3.8843998473284613,-0.6135337594517125,0.4836088672192274,1.3004141088784802,-0.4644668828828751,0.7931541888451094,-0.16463961707592284,0.3574070809333246,-0.16007104847569473,-0.11204614151330068,-0.28254220512221845,-0.5038008444315221,0.8453979129414011,-0.905697705007794,-0.6729057322392393,0.6742170961833841,-0.09918216469010127,-0.36630807443588853,1060
-1.4256519884158103,0.8351153333065664,2.7620303861300832,-0.7690427575039709,-1.4768667423605812,0.8155223114076197,2.338527342880151,-0.7627682813776943,1.4957696472814241,1.2052280130145687,0.013893904049789161,-1.1925225434501012,-0.6793926330209585,0.5660437547785936,-0.9030104337663308,0.39155697669743406,-1.0712781534474376,-0.754966292545922,5279
-0.05780764110791791,-0.6043928662857789,1.227115418820816,1.0439745897441386,-0.003282046151656545,-0.7084093225346455,-1.004827095467465,0.1598062111581399,0.6896943798152148,0.04051361425847332,-0.0017719006706874137,-1.2052173219837476,0.39940025515673544,0.30195248330416646,1.148175782458275,-1.4718012462656234,-1.6570793181148118,-0.0840581228767483,8117
0.49213730743977624,3.2174089037621663,-1.5558469576224152,0.7644277604042619,0.17279050622643496,2.168084885818878,-0.7000176090517767,3.4545652502540003,-1.0880823501508097,0.6760157333417441,0.8722052539332815,-1.3635035723413804,-0.6093393420213323,2.4096945832968304,-0.3798230047571385,-0.8453582248875742,-0.6570949253923183,0.892726960015235,8710
-4.1918033894230335,0.31025904127385373,-3.1775261460649187,-2.4335691838113402,-3.591023989459539,-5.629277735066284,4.333485479136669,4.0720221932810245,-3.4041771289522593,1.9250780019888927,-1.0017854644511257,0.5600407064689306,1.9854430513897512,0.22763570906876757,0.7694953622573935,0.7917193922224333,-0.470783126552121,0.8230515120497618,796
1.72000976878522,0.28143231694859067,0.2925439686098053,-0.8638114282303482,0.12516491641094085,-1.8125982082935341,-2.133399339121272,0.14125642190068194,-0.638268105725405,-2.0008931089656623,-0.891587845792277,-1.1268235658794705,-1.816877789030862,1.8342456573314867,0.3164328063395142,0.5392375837028477,1.480359573373925,1.0501093158367345,11023
-3.664859667225376,-0.790387698911022,0.3321728844051789,0.8309432227047131,0.6722315694422618,2.051858800768592,-0.17638233090435632,1.2762046395054278,-1.0920402234974746,-0.6113911178075219,-0.38929426002327583,-1.00586553313333,0.1448259581430551,-1.6115294226856256,0.5266535023879989,1.6206244519425272,-0.5935508299787142,-0.10247644518827836,1755
-0.44053753205898005,-0.006931551197042269,1.4930465002596542,-1.5162545558742975,-1.053845169953142,0.5254556099119546,2.2875683522289294,-0.7247824229189912,0.641200571864478,0.8607521743008227,-0.8524249626003907,-1.1459701754609608,-1.0231314270521956,-0.9757758631729704,-0.08470633319357065,0.4675285395579225,0.710662475113896,-0.5442070054849705,5931
-1.740642228166808,0.40991915666857287,2.057747870686326,-2.8595033537716543,0.1481824609753659,0.2719112952865699,-1.6263808751324313,-0.4066927005907874,0.5784558974319411,0.6784492119648394,-0.7565786685341871,-0.07990372462210618,0.38632518641091756,-0.5271954433474549,1.5733006634282138,-0.5234140090611548,-0.6181179909851224,0.9339299398208365,4456
-2.4252500401208885,-1.4600169900704278,0.30448948205973314,2.206694247265927,-0.3402352524113599,0.757226564595801,0.18621100618679814,-0.11763502688340322,-0.16166847438479495,-0.30495974530647235,0.1791396101278543,0.18858758655385757,1.1463132995698682,0.4307448406984119,1.019223953411499,-1.1449271327094908,-0.022280597778180984,-0.7899765380500212,3600
-2.346038304234301,-2.4407611264913998,0.08477265335711992,0.8899243444912195,2.5450171547460103,0.4823096396352074,0.9510122967561043,-3.3643939948200443,-3.286005797570703,1.9882167625638592,0.8158890013588156,-1.016772812777016,0.2507757872222741,-0.6478163649937371,-0.8249815532898973,0.48013256147887495,-0.09603571203775521,0.3940708421045248,4557
0.2350454476706972,-0.7402986858054155,0.05631048069350165,1.134605520693328,-0.04286272109192432,-1.2633403224762334,-0.6015069242642495,-1.4622219435446098,0.8203708777568748,0.25250170099251884,-0.43755919321181885,-0.9410610899603378,0.5959805313977585,1.8781057794884266,0.2533007993214515,0.504074468437762,-0.6914517760438037,0.5215152519388035,8752
-2.6166880085484534,-0.8047986589414273,0.6115141359966194,1.4841703396746921,0.16639966175942966,-0.7233520093060019,-1.0834977194700388,-1.3602185973823486,-0.6335119789789657,-0.25100145059074563,-1.3346515194060933,-1.7156670918138601,0.7405975390418629,1.1642458989537547,-0.576867511533846,0.0010533131244517713,-0.8548797879187848,0.343042374894991,3440
-3.07618924796602,0.43788662984952526,0.5990844261048883,-0.1086026231729178,-0.2563736551792102,-0.2791752546649952,-1.2681999141122189,0.2161834263693835,-1.4872257416679686,-1.5011882343857976,-0.2049501791808743,0.07203241904890442,-0.14585579325759576,-0.15478852504788992,-0.49180620342364967,0.6647577776483565,1.5382322065432072,-0.4734058483967862,1981
2.6690454238265593,-2.572127593094155,-0.9697825190385924,1.9314892592130743,-0.12492389057564182,-0.6790765880491408,-0.01674694819591567,-1.4008136208188555,0.20752225303631164,-0.18188762648892037,-0.6927555879741024,1.8055767108321312,0.28422145533912624,-0.3429797953659451,0.8525265123398773,-0.6943293623772234,0.9947614590494892,0.6246769846139706,13700
-0.6730189033576907,1.7679177866469378,-2.7415113570472904,0.2496360840356237,1.0761261556448294,0.27713626084200943,-0.9710427295088474,0.589741076226935,-0.9295993961285169,4.284860674174804,2.0643442251289263,-0.83807935773524,-1.0789049135555848,0.644286380311967,-1.3927296753457779,-1.058914105985234,0.3845531558037868,0.9877221163610562,7105
-0.5431266358326594,0.011717367783467852,2.175976232730516,-3.493721615969629,0.05241853625325417,0.04714073886092634,-1.228425057530929,0.06399649949670107,0.7208346967283702,0.5093040304813099,0.6291037098258481,0.03505723948265928,-0.21700080465171137,0.19716203530305607,0.32688420875000884,0.19218224101420103,0.23491510342879765,-0.6106166000298092,6816
-1.5768705152225155,0.5678764304508104,2.196156469306114,-0.21794116868628782,-2.134912681055054,-0.2679184278881253,2.1066412579328335,-0.5055353202669073,2.2835132596520324,-0.12158495347087694,-0.6195364516219416,0.17420126460505797,-2.0435967246735633,0.6505886539540572,-0.24688101512035693,-0.5759637220621316,0.02900040057940176,0.990281041767362,4620
0.010732964375551829,1.3591837244752785,2.6163121970926326,-3.4845788944409457,-0.5775950730105173,-1.5760135168545708,-1.665002549284964,0.11610045645400197,0.6841542332845922,-0.573367739627239,1.399503341437672,1.6183437520371833,-0.7777231534682354,-0.01318297599090281,-0.37435994041306275,-0.07906039929635207,0.05775065955145288,1.0359624182055136,7451
16.771569387261188,0.36627259762251996,0.5817725108754206,-1.421839429541511,2.434014286379908,-1.750573585407438,-1.0829876643053649,0.7268456107270703,-2.115943962134634,-1.6654766354247506,-0.2636501875279713,-0.9134748578507027,-0.5679551536246038,-0.8270654767245119,-0.3393336517416977,-0.7480674384760337,-0.2872640850545473,0.19414654831069786,39479
