Transactions,Entities,PointsAdjust,Envergure,Effort
0.18669814,0.372448,0.1660658799639528,0.49664956,0.22334105
0.21066877,0.40098584,0.21525245291514716,0.4873426,0.24683927
0.47424644,0.5855827,0.4611010576660635,0.5679449,0.4814847
0.25027525,0.19901638,0.15060760903645656,0.69450945,0.22153914
0.13448265,0.33689827,0.15378378922702737,0.35686105,0.17527497
0.1813511,0.2760282,0.10037473602248416,0.6076186,0.24257384
0.13587701,0.24842004,0.12036762722205763,0.5219487,0.15629196
0.30926192,0.25226194,0.2294537537672252,0.79057586,0.307944
0.08189351,0.21144779,0.09516445570986734,0.22193317,0.10603838
0.20837256,0.35875934,0.22729101363746082,0.5748912,0.22443268
0.0686184,0.1325239,0.049861322991679384,0.16507025,0.0958992
0.24381539,0.4526444,0.2761025565661534,0.6018332,0.3163721
0.33601105,0.30377963,0.15461385927683155,0.9407786,0.3743842
0.1842325,0.28968096,0.0549142732948564,0.76813847,0.27384135
0.24592443,0.35789543,0.16271444976286698,0.738067,0.26683253
0.24554312,0.15869513,0.13223355793401348,0.54560536,0.27343127
0.2866367,0.31737074,0.1899255513955331,0.6691784,0.22541717
0.3269931,0.46342593,0.30488123829287433,0.57712626,0.35361335
0.68440175,0.70367485,0.6522625391357524,0.72881854,0.68601775
0.1341037,0.23202164,0.1317377779042667,0.3618427,0.18692838
0.1448786,0.25850978,0.11223132073387924,0.26291668,0.18277496
0.25695658,0.38629857,0.19350706161042372,0.6291172,0.25743392
0.22816586,0.29003394,0.15264939915896394,0.5711879,0.22301601
0.5577212,0.61990654,0.4759629285577758,0.78618824,0.5774462
0.63399273,0.6525036,0.5898114353886861,0.69711596,0.6463675
0.11624911,0.21151032,0.1358980481538829,0.20230755,0.112983264
0.29093271,0.53069097,0.29764698785881927,0.55266523,0.3180468
0.17069437,0.40989906,0.23928940435736426,0.4572214,0.25065392
0.18857145,0.23232132,0.14743441884606512,0.41017348,0.22031587
0.35325962,0.326776,0.219703183182191,0.9024662,0.35187963
0.2681137,0.35116488,0.17119844027190642,0.67900795,0.24672168
0.2722519,0.31390655,0.14910553894633233,0.72858244,0.25359577
0.13061354,0.23775648,0.17232325033939502,0.5511617,0.23897988
0.25924575,0.3221401,0.21603329296199758,0.5696619,0.27245134
0.29316363,0.47167897,0.23446938406816306,0.72346205,0.37579173
0.22071019,0.25569877,0.1646405698784342,0.58235365,0.19873229
0.24930467,0.28914428,0.08781853526911212,0.8987204,0.32645312
0.26920503,0.34593984,0.1824267909456075,0.70826334,0.24548186
0.3281216,0.2909648,0.1846031310761879,0.86442906,0.28189766
0.25514707,0.21108717,0.11636186698171203,0.4368701,0.22893229
0.24345087,0.26200232,0.11457819687469181,0.70674527,0.2029967
0.29264414,0.545942,0.3502555710153343,0.4287036,0.36864236
0.24651895,0.5057292,0.26541997592519856,0.48678517,0.297544
0.24867275,0.38431066,0.24254484455269068,0.4893471,0.26942617
0.2923354,0.45168445,0.3108122186487331,0.51671505,0.32719916
0.28397307,0.31187508,0.23690596421435786,0.71388024,0.3172103
0.604042,0.6092497,0.5929225355753521,0.4760428,0.5968138
0.17085086,0.2865382,0.21648937298936238,0.547625,0.25712147
0.348313,0.5268833,0.35876542152592533,0.45566714,0.4021399
0.086479746,0.14336199,0.07180494430829666,0.21117908,0.11513753
0.268382,0.45687395,0.29237107754226466,0.4734456,0.32719684
0.38235897,0.5329712,0.34735768084146085,0.6937271,0.39000335
0.2486058,0.24476142,0.17077744024664643,0.591271,0.24003884
0.19553335,0.39971817,0.17623297057397824,0.4935652,0.20597619
0.2598533,0.29834497,0.1898275713896543,0.6026763,0.27005598
0.42186284,0.5671609,0.42939772576386354,0.5670004,0.44531265
0.32855695,0.5686464,0.37489157249349436,0.6130717,0.37540188
0.18179327,0.4374442,0.2514807150888429,0.44628358,0.26633123
0.1898565,0.3069476,0.18745641124738469,0.42782742,0.21338902
0.31693077,0.18753277,0.16866536011992161,0.6832441,0.2706069
0.15684739,0.29684448,0.164899149893949,0.3831523,0.20250686
0.17199886,0.327448,0.19160935149656108,0.44411826,0.22476204
0.28439516,0.17085324,0.09634957578097454,0.9875354,0.30373862
0.19694316,0.24339136,0.21342869280572158,0.47769457,0.24228814
0.26298922,0.34284544,0.1650173799010428,0.6330818,0.21579999
0.26248977,0.50454247,0.3195900791754048,0.56344754,0.34400132
0.25928915,0.21957894,0.17765681065940864,0.49381912,0.20566027
0.54605335,0.6383302,0.54639883278393,0.53057426,0.5382243
0.1310744,0.24020544,0.14624108877446532,0.29168722,0.15052366
0.2527852,0.28866172,0.21124650267479017,0.7382036,0.2860538
0.27965227,0.35862714,0.22781857366911443,0.6543571,0.2807144
0.2466514,0.4525211,0.2777122766627366,0.58717465,0.3301989
0.28411713,0.2965719,0.16992291019537462,0.73654217,0.29832852
0.09024784,0.15858379,0.09245482554728952,0.24932675,0.16104448
0.19973916,0.30985034,0.16331363979881838,0.49504614,0.22563395
0.48140693,0.65729314,0.47732218863933135,0.6026229,0.48616675
0.42547554,0.5171672,0.47778498866709934,0.38174123,0.3731596
0.24290705,0.40769106,0.20816713249002797,0.5664637,0.24546929
0.44658178,0.67554754,0.4639304278358257,0.58065957,0.47378927
0.055145785,0.33718693,0.08784093527045611,0.3029374,0.117488764
0.5424782,0.61071116,0.5121094907265695,0.62480867,0.5518133
0.23836033,0.48838538,0.3098023185881391,0.47305405,0.30909455
0.22608876,0.15130703,0.10454140627248439,0.73685426,0.20701529
0.15054338,0.32608092,0.15099926905995614,0.47048205,0.1860778
0.35225654,0.38806474,0.20951069257064156,0.8125034,0.3402032
0.33211398,0.5693557,0.3753375625202538,0.55100447,0.40007895
0.32167488,0.5342909,0.3533388012003281,0.5361578,0.3731833
0.2259118,0.3915484,0.15153155909189353,0.68167144,0.26356077
0.28705412,0.3313201,0.1899065113943907,0.668215,0.26692998
0.24286477,0.43266287,0.29049981742998904,0.456971,0.31045946
0.78112614,0.8387226,0.8014945880896753,0.5949325,0.765561
0.34490046,0.3769815,0.22720234363214065,0.74690384,0.33030355
0.29386878,0.20445907,0.15633330937999856,0.7687182,0.24679622
0.19138293,0.37956434,0.19403095164185713,0.47340953,0.24623288
0.5812301,0.68102515,0.5891389053483344,0.5725151,0.572959
0.22224319,0.335878,0.1422785885367153,0.5655846,0.22496095
0.16005883,0.34365284,0.17964051077843066,0.3804946,0.20871386
0.09619312,0.16865355,0.07188749031324942,0.28260309,0.10518538
0.28375328,0.17865899,0.1330246979814819,0.8547874,0.28745142
0.13453563,0.2932864,0.16254090975245458,0.4165306,0.19393207
0.07827202,0.20822142,0.06712415402744924,0.184706,0.14804786
0.16179214,0.03147708,0.06950456417027386,0.28262615,0.25861168
0.40206176,0.5753104,0.4293598257615896,0.5081289,0.4457079
0.24700883,0.15975803,0.15473370928402255,0.7374538,0.23385479
0.2736253,0.43800104,0.3103713886222833,0.49735594,0.3340241
0.17347263,0.43054718,0.2476165748569945,0.48675,0.25323066
0.2933529,0.4555828,0.270594716235683,0.4979412,0.31780255
0.19129333,0.42186356,0.20916894255013657,0.47213364,0.22829822
0.08441587,0.17528567,0.10062797203767833,0.2736302,0.12179181
0.3995775,0.5798011,0.36597397195843834,0.67279106,0.41952842
0.31342724,0.39624324,0.24151989449119368,0.6574108,0.3186209
0.32545474,0.24373944,0.17721040063262403,0.6883925,0.27633354
0.29498845,0.17527461,0.12115657726939465,0.8647543,0.2805331
0.6198618,0.6194436,0.5778437046706223,0.57660896,0.63977206
0.10556363,0.33357716,0.1581564094893846,0.28065392,0.14957853
0.16951299,0.084996015,0.12864752771885166,0.41625583,0.2145309
0.3492415,0.5244489,0.3322313599338816,0.51165056,0.3286245
0.111185595,0.048768267,0.07263151435789086,0.3464114,0.13322143
0.15751134,0.30669793,0.11603344196200653,0.22358827,0.20979047
0.2506729,0.21833092,0.1663895099833706,0.6982089,0.2515012
0.13667883,0.2988503,0.14595857875751475,0.35502714,0.17585357
0.19760044,0.08733389,0.16078973964738438,0.4597885,0.2755351
0.20244199,0.34655088,0.14851531891091915,0.5662851,0.20440519
0.06632131,0.2694761,0.1409513084570785,0.33514097,0.1699388
0.24844418,0.24237758,0.1383692383021543,0.62703466,0.22913925
0.3382956,0.56486416,0.36741059204463555,0.53582615,0.37881848
0.2660733,0.29711336,0.14224191853451512,0.73873025,0.2567802
0.26262933,0.45182854,0.2443856146631369,0.6098123,0.26867762
0.33015424,0.44293088,0.287453817247229,0.6768455,0.3163614
0.13372998,0.1336678,0.14213912852834773,0.37496418,0.19821803
0.23405112,0.18224235,0.12593225755593546,0.38437665,0.25105396
0.2634252,0.29833618,0.28275485696529146,0.30281198,0.15786666
0.53015035,0.6307574,0.46336932780215967,0.7672762,0.5247541
0.7878338,0.79358244,0.7432531445951887,0.7190845,0.76413697
0.10116205,0.19010714,0.1425653785539227,0.2602812,0.16733754
0.48667037,0.4260282,0.3446263906775835,0.8288135,0.5455313
0.66160065,0.80215347,0.6857996411479784,0.6416005,0.6742306
0.5144793,0.63202,0.5125483307528999,0.6435385,0.5323978
0.31060877,0.37686312,0.26410701584642093,0.6891073,0.36781895
0.64160365,0.66746885,0.6138095068285704,0.633009,0.67192125
0.16553512,0.34063154,0.1395536283732177,0.58216995,0.17171332
0.3835892,0.49498832,0.31642849898570996,0.7260397,0.37142402
0.19036946,0.15960349,0.1618476897108614,0.6085889,0.27401578
0.23457,0.43278334,0.26648937598936256,0.32783246,0.2763369
0.26442647,0.44703203,0.2891619973497198,0.50440353,0.29515025
0.086781934,0.26025742,0.09926498595589917,0.2150235,0.10361225
0.17089802,0.46483558,0.22499638349978301,0.49613523,0.22218074
0.16261938,0.28685433,0.14546536872792212,0.3297872,0.16049685
0.20500693,0.40524206,0.2136365628181938,0.45904875,0.2134302
0.10619922,0.2973029,0.11862964111777848,0.27002352,0.13234942
0.36109352,0.5063933,0.3466114207966853,0.6410501,0.37462047
0.4111191,0.5486436,0.427439565646374,0.63372594,0.4399747
0.20744874,0.34114715,0.12104124726247484,0.6875376,0.20759274
0.24427506,0.29592347,0.16604942996296582,0.59162444,0.24664807
0.046616934,0.37363523,0.0792594597555676,0.26967818,0.10928195
0.20805039,0.4431884,0.17543977052638624,0.5204357,0.21398965
0.19701031,0.29996544,0.1634975798098548,0.4314711,0.18949074
0.34500152,0.24801618,0.20253646215218774,0.86254156,0.30945176
0.19552153,0.2989538,0.23457984407479063,0.3119752,0.23284715
0.53915983,0.6850828,0.522468231348094,0.65863436,0.5625918
0.21541685,0.2157274,0.15551011933060718,0.47873133,0.20923047
0.174469,0.35189414,0.18523299111397945,0.42840523,0.20751004
0.29084742,0.439125,0.24305891458353487,0.70478946,0.3234518
0.24248424,0.39227402,0.25740501544430094,0.6112428,0.2629002
0.16126125,0.3103818,0.15448882926932975,0.35643512,0.1930526
0.14987458,0.18620113,0.1624848097490886,0.45650268,0.22763272
0.04591188,0.18403226,0.045455566727334,0.0841462,0.05769793
0.2301043,0.23194091,0.16604498996269942,0.5269025,0.25183678
0.32311887,0.4259317,0.3003470480208229,0.7079836,0.34359482
0.2552613,0.2503295,0.08742937524576253,0.8720064,0.27202553
0.26050746,0.45813185,0.24286924457215467,0.62706435,0.30475476
0.29285327,0.25209078,0.15266370915982258,0.7875732,0.27568117
0.047635898,0.19654186,0.09212635552758133,0.21194968,0.10933472
0.12123927,0.32810062,0.10308279618496777,0.28953636,0.10733553
0.34700364,0.48035747,0.3292639197558352,0.5969299,0.40559602
0.13757452,0.054189414,0.1390340383420423,0.5736585,0.26083183
0.36760858,0.53314847,0.3982677438960646,0.4767596,0.39536703
0.12944353,0.35712764,0.07279000436740025,0.33698118,0.119852506
0.37463242,0.45968845,0.3549722212983333,0.56947327,0.3800925
0.3712309,0.49300188,0.3162159489729569,0.6791596,0.3670398
0.25836518,0.34594014,0.2215481432928886,0.6563565,0.27829677
0.1590411,0.42859948,0.165200149912009,0.4509198,0.17599566
0.16990417,0.36392486,0.12349284740957085,0.4228558,0.15330017
0.08163443,0.43163663,0.14590400875424053,0.2886955,0.14530739
0.32810766,0.17734197,0.13233739794024388,0.8243423,0.32249063
0.25560498,0.15914986,0.160399449623967,0.7102831,0.23164411
0.25827497,0.31891257,0.18622025117321508,0.7445012,0.27204806
0.24708197,0.36114028,0.2516047150962829,0.41980267,0.24515215
0.32638314,0.16019496,0.13492852809571168,0.96548647,0.3188113
0.1468967,0.3172748,0.11623439697406383,0.34844756,0.1609465
0.3568279,0.45753396,0.28972537738352266,0.7217897,0.35658386
0.15502995,0.2466245,0.15538348932300936,0.5153987,0.1923871
0.26168448,0.39110318,0.277396616643797,0.60775733,0.30247357
0.26135522,0.34875935,0.30936439856186393,0.23768434,0.23060574
0.27636874,0.2511986,0.20799338247960297,0.70741075,0.26750633
0.4578414,0.5387875,0.4151691749101505,0.61605,0.46069607
0.66117865,0.752633,0.6969058918143536,0.50679755,0.6712707
0.14452133,0.34456244,0.1700479802028788,0.37646627,0.21413898
0.2873128,0.25370213,0.214241232854474,0.58291745,0.2685431
0.24571605,0.30529612,0.1698800901928054,0.63799644,0.20471886
0.4105127,0.4523306,0.32513399950803995,0.83368534,0.4164334
0.21312696,0.18803637,0.14866477891988675,0.64073336,0.2474949
0.228919,0.31092483,0.23746645424798726,0.48518217,0.25084004
0.19941285,0.22399437,0.057413488444809306,0.6474483,0.21961395
0.75713396,0.79449856,0.755932615355957,0.679439,0.76869005
0.14427726,0.38718542,0.21977481318648878,0.4205296,0.24102028
0.11095618,0.3547347,0.1662295299737718,0.36502576,0.17488578
0.14260668,0.20831314,0.07201348432080906,0.30976987,0.15216959
0.2513428,0.36185387,0.23910108434606506,0.510415,0.2752683
0.36153892,0.46925956,0.34296077057764623,0.67467654,0.3649817
0.25852314,0.17230667,0.17218751033125063,0.6707271,0.2345756
0.28162897,0.3676601,0.274284316457059,0.35807264,0.2372744
0.3909952,0.477741,0.36918618215117094,0.704461,0.40167508
0.16801359,0.26080316,0.12380940742856444,0.37834924,0.16780108
0.34969446,0.41432765,0.25694461541667696,0.75487757,0.350046
0.49012434,0.6785159,0.541938032516282,0.58094364,0.56588084
0.06873244,0.31174487,0.10158321609499296,0.24275474,0.14111035
0.68436533,0.73309326,0.6972862418371745,0.6024147,0.70031905
0.12458156,0.33836487,0.10189410211364613,0.30259696,0.12696987
0.35763654,0.31663585,0.2482499048949943,0.85634834,0.35796714
0.6097223,0.64647543,0.6095472965728379,0.62273556,0.6253743
0.2815712,0.38037062,0.3027423781645427,0.2719788,0.28084382
0.22689341,0.22583821,0.17834231070053866,0.48424256,0.21619917
0.15863189,0.17374748,0.10314231218853874,0.26045653,0.20040932
0.0927099,0.25971842,0.1407385084443105,0.31981868,0.17015202
0.2125583,0.42607445,0.27285991637159496,0.5522815,0.28439924
0.23743567,0.16193706,0.15651380939082857,0.39869052,0.26837978
0.07715692,0.16190206,0.13186547791192868,0.31191635,0.15762109
0.37706262,0.44106892,0.3183167490990049,0.7019725,0.36825103
0.13689555,0.22206907,0.14896572893794374,0.2937042,0.16413149
0.04003138,0.08449149,0.028622091717325503,0.124971755,0.20251676
0.17267187,0.16449466,0.06747703404862204,0.6142227,0.20037849
0.25925228,0.34617555,0.21676525300591518,0.70428705,0.27513292
0.22032286,0.17722338,0.17413315044798902,0.51818234,0.21883664
0.15758649,0.37194443,0.18474189108451347,0.5961565,0.2221473
0.11708222,0.2149648,0.1406786984407219,0.32654327,0.17108686
0.26936716,0.26952782,0.20319466219167975,0.72487175,0.2801312
0.4618277,0.6984586,0.4779026786741607,0.56526554,0.46592215
0.50963986,0.4830703,0.41659232499553955,0.8170355,0.5235294
0.31856537,0.39970905,0.32523831951429916,0.36317647,0.33408192
0.43631095,0.5530191,0.42343512540610756,0.58372027,0.42642775
0.18378788,0.3165186,0.16159357969561478,0.44013208,0.189141
0.42901647,0.52495295,0.3754012225240734,0.6936471,0.40416247
0.21977448,0.3060649,0.25721909543314575,0.61603093,0.28145686
0.22227472,0.28056717,0.2143564128613848,0.5370057,0.2607544
0.86501926,1.0,0.8728803923728236,0.75761455,0.8509817
0.60770017,0.74056506,0.6382593882955633,0.58048725,0.64518374
0.2145373,0.45468384,0.2538789952327397,0.55748755,0.2851223
0.11015572,0.16963652,0.05161649309698959,0.27185577,0.092759594
0.36959118,0.4307328,0.2932101375926083,0.7876303,0.34807727
0.28400183,0.43242723,0.24148954448937268,0.64373493,0.31231612
0.13802865,0.16021067,0.11052016063120963,0.4955675,0.17942786
0.13107419,0.103310645,0.12765618765937128,0.43085653,0.23682348
0.24322523,0.37351578,0.20117177207030634,0.6230887,0.22798999
0.59970117,0.7095533,0.6291134377468063,0.5769003,0.5763092
0.17638193,0.4105757,0.20626589237595355,0.51469225,0.21837881
0.22584063,0.268207,0.14868988892139334,0.56479955,0.2152092
0.122125864,0.09490638,0.09721439183286351,0.41367424,0.1416343
0.21655229,0.45501906,0.24107171446430287,0.506829,0.2626613
0.54910964,0.58604246,0.46722328803339724,0.76226044,0.5258514
0.3064235,0.4303956,0.3001333180079991,0.53253114,0.30483094
0.13202165,0.20975015,0.08443724106623447,0.30139378,0.119316645
0.027230017,0.10425487,0.04521050271263016,0.14122681,0.11293786
0.126472,0.12630862,0.13017815781068948,0.3980884,0.20189087
0.049829222,0.17936206,0.05694024341641461,0.17951418,0.14336932
0.14892481,0.39538246,0.1067162764029766,0.42259884,0.13847739
0.35818106,0.42243743,0.323966399437984,0.69164884,0.3582609
0.7438294,0.7371901,0.7170534430232065,0.61587334,0.72333527
0.19989109,0.3728649,0.1967350518041031,0.46301597,0.21749194
0.30225813,0.17188118,0.1601770096106206,0.6931708,0.28146118
0.12592171,0.3618204,0.14527810871668653,0.39056265,0.1650559
0.13173151,0.042815566,0.09556317573379056,0.45987165,0.17519806
0.12737168,0.34182,0.15538248932294935,0.33871746,0.16499266
0.11830376,0.16673473,0.15286297917177874,0.46152192,0.22795151
0.11639938,0.22678465,0.04055186943311217,0.1607661,0.10868925
0.21925625,0.41173887,0.23198708391922504,0.4755473,0.23580492
0.2558341,0.24276315,0.21770547306232838,0.6245967,0.24569272
0.16669527,0.29072976,0.15675387940523275,0.36387724,0.18770748
0.51337165,0.40780318,0.3378634402718064,0.88123643,0.5906687
0.30840215,0.51191664,0.31716131902967915,0.6167805,0.32926565
0.38505703,0.6154307,0.4430204565812274,0.63057566,0.4488902
0.14169267,0.17639728,0.15232767913966075,0.43823653,0.20965613
0.41564852,0.50128806,0.42868187572091254,0.41315985,0.41649038
0.09813891,0.31060544,0.1391384983483099,0.19994386,0.11192976
0.36361057,0.2750035,0.2503736750224205,0.9299441,0.3781609
0.3838061,0.5456955,0.4114872746892365,0.45858413,0.43074703
0.2452261,0.22145265,0.11918277215096633,0.7562472,0.22189908
0.22944435,0.29169536,0.1447384486843069,0.8132927,0.28732893
0.45947862,0.5761399,0.47480842848850574,0.4958591,0.49223867
0.09628502,0.2055911,0.08954512137270727,0.2210275,0.124346614
0.47791678,0.5136138,0.4292443257546596,0.7185649,0.4830241
0.1804282,0.2198429,0.09258807555528453,0.5860042,0.23217174
0.09935431,0.26118523,0.1322088779325327,0.33120605,0.18038018
0.15359947,0.34552896,0.1623213397392804,0.4095204,0.18597832
0.33481547,0.39765912,0.2788870467332228,0.7341377,0.3187024
0.4093377,0.39342514,0.26656334599380077,0.9773325,0.43613577
0.62943906,0.683967,0.5949138356948303,0.66498995,0.6102156
0.33170784,0.39985368,0.266321715979303,0.7489552,0.323894
0.2175912,0.27998784,0.1407807384468443,0.5930954,0.24713442
0.14762126,0.3324684,0.1945600016736001,0.41470164,0.22101292
0.23310378,0.31710297,0.14485010869100653,0.7364444,0.25515088
0.232887,0.43581074,0.2218143933088636,0.5768972,0.2719757
0.3565231,0.31111938,0.20322854219371253,0.8296426,0.44326243
0.30674246,0.3703866,0.23612818416769105,0.6695695,0.25021237
0.10008388,0.26177192,0.07813463068807784,0.19753654,0.12688418
0.17660464,0.38946104,0.19625803177548193,0.4070052,0.23672312
0.23602754,0.3306495,0.2175408630524518,0.5979718,0.2665949
0.32586214,0.3979693,0.25197771511866296,0.69822115,0.29829228
0.13754897,0.14231318,0.12454194747251686,0.3922435,0.21502514
0.30967802,0.42551494,0.23354685401281125,0.71222323,0.3134259
0.36856097,0.5120273,0.3813542928812576,0.45448577,0.37101054
0.37574512,0.42414474,0.3458571207514272,0.48171997,0.37372124
0.18928453,0.13369977,0.12875280772516848,0.7430791,0.26436126
0.1907464,0.39066064,0.1371993082319585,0.56984764,0.2051949
0.18569171,0.25139335,0.13734294824057688,0.39285398,0.17978631
0.45952797,0.6445126,0.49038666942320014,0.49539256,0.46188396
0.22605328,0.1989738,0.20156289209377354,0.55738014,0.2504745
0.13520683,0.30394548,0.14608850876531054,0.32089227,0.17551081
0.08873827,0.24048345,0.09213068552784114,0.37529737,0.12437871
0.2755552,0.36085773,0.272486316349179,0.5481155,0.2951207
0.22528481,0.4432713,0.23886044433162668,0.51435393,0.24581589
0.29998946,0.3894322,0.3048671682920301,0.5618454,0.3267595
0.23428452,0.25430825,0.1294879677692781,0.7479819,0.2694493
0.4893319,0.52791905,0.42988967579338055,0.58502024,0.4670357
0.055843662,0.11964365,0.07410052444603148,0.19715184,0.09381861
0.090369634,0.09499511,0.1106407266384436,0.33580542,0.1853808
0.23504253,0.23292641,0.13253610795216647,0.61505294,0.23467815
0.22282873,0.2501526,0.11555511693330703,0.72180104,0.2569887
0.12393865,0.17041257,0.07314189438851366,0.5701015,0.17936336
0.18691447,0.3011922,0.17557780053466804,0.4664011,0.21219575
0.38572657,0.58575386,0.4119016747141005,0.6440996,0.40294486
0.26149493,0.3132366,0.18360071101604267,0.6465969,0.23767763
0.2641442,0.5070368,0.2813464568807874,0.6377681,0.3030611
0.19485742,0.36968133,0.2493272749596365,0.36564296,0.2659672
0.22781387,0.42262036,0.18606821116409267,0.6031089,0.2437179
0.05846871,0.24590358,0.109860916591655,0.2481621,0.12929717
0.060138125,0.27979562,0.1384033683042021,0.22950442,0.16584742
0.26153916,0.5307339,0.31154681869280915,0.48577714,0.33481798
0.2511652,0.23756862,0.20138703208322192,0.5772873,0.24229495
0.14687037,0.3699412,0.1735824304149458,0.3482514,0.17955379
0.3278606,0.48948926,0.3328135199688112,0.6033553,0.35675335
0.18902847,0.33729222,0.15290006917400417,0.32851613,0.10572873
0.32542273,0.56642693,0.3813084928785096,0.4394256,0.37756205
0.24314845,0.43177137,0.19415128164907688,0.59849775,0.257134
0.1323046,0.1924247,0.106933416416005,0.27392104,0.16308586
0.32948232,0.15860108,0.15304303918258236,0.8476509,0.29358193
0.10751103,0.08501698,0.0815896348953781,0.3853385,0.13995309
0.19896516,0.33647656,0.22403696344221782,0.38651007,0.23977447
0.33493745,0.24116293,0.1659436799566208,0.9303408,0.3228844
0.1881339,0.2544694,0.1440762486445749,0.6239244,0.22244282
0.17571045,0.34983176,0.1084782265086936,0.36075103,0.15851322
0.49198538,0.5520066,0.4651937779116267,0.54356015,0.5098295
0.5089758,0.5347643,0.45622476737348605,0.6061518,0.500784
0.119408265,0.40568244,0.15134898908093936,0.37913257,0.1894369
0.24330427,0.32953733,0.23021429381285763,0.5105253,0.2927383
0.18869019,0.02864635,0.07376391442583487,0.8050524,0.21754692
0.15642741,0.22540407,0.12101902726114165,0.32298797,0.17507511
0.26020968,0.2873003,0.19956111197366672,0.6727078,0.25388095
0.3420918,0.35245875,0.262982715778963,0.6436814,0.36557418
0.15437263,0.2640077,0.1882687112961227,0.42667413,0.23188137
0.14574349,0.31330574,0.17405898044353885,0.39262557,0.22598001
0.12768918,0.30977443,0.10829686649781199,0.29531273,0.14258121
0.22462644,0.22188818,0.12942365776541948,0.7620835,0.25539345
0.43312275,0.5790693,0.4722609283356557,0.62921715,0.47557795
0.51897717,0.68588454,0.5387495323249719,0.68312335,0.5615753
0.13619193,0.29745597,0.12814511768870707,0.4845695,0.18541741
0.49049503,0.59726506,0.4966710298002618,0.58577,0.50596696
0.02239149,0.124399245,0.06167685570061134,0.25034338,0.1478721
0.36337358,0.5705066,0.4070601444236087,0.565539,0.42414698
0.28875226,0.26503927,0.1330394079823645,0.76729333,0.2402755
0.29209462,0.16944803,0.1120949567256974,0.93442273,0.27790788
0.5131684,0.6271195,0.47980082878804975,0.5810575,0.5363379
0.046380654,0.1369066,0.030657811839468713,0.12296924,0.12888178
0.22135392,0.2920577,0.23378150402689027,0.60682195,0.25503376
0.14401294,0.106668666,0.07262625435757526,0.29897642,0.2242077
0.44327492,0.50117517,0.3181233890874034,0.84289145,0.48866737
0.25911808,0.16259558,0.14076710844602652,0.43445498,0.24280708
0.35446197,0.5776297,0.3775237426514246,0.6445991,0.38257942
0.22997312,0.31588632,0.1667364200041852,0.5408108,0.20502909
0.097814076,0.2148203,0.14076683844601032,0.23451103,0.10444517
0.23101422,0.32619682,0.25948674556920476,0.3035648,0.24494998
0.10698388,0.10120367,0.0705364982321899,0.47836345,0.15365493
0.11599097,0.33513945,0.17519181051150864,0.32103953,0.19236298
0.1649843,0.30693895,0.18954917137295027,0.3619104,0.2062993
0.42686623,0.55031776,0.44848730690923844,0.53339976,0.47227305
0.48483938,0.56021947,0.4019219541153172,0.83408755,0.5274912
0.24637735,0.36834446,0.28219164693149884,0.4442817,0.29802287
0.39979237,0.56268555,0.41885324513119476,0.47132385,0.43195352
0.31045675,0.5009207,0.27102191626131494,0.61611915,0.31526232
0.3201627,0.189324,0.16622268997336143,0.74638134,0.26094428
0.23487133,0.28930646,0.20244880214692812,0.62074345,0.22936599
0.14561562,0.3239082,0.16289587977375278,0.4152162,0.19036134
0.37479138,0.47577804,0.34717845083070703,0.65550387,0.38368922
0.4046222,0.5521395,0.41293342477600553,0.5649657,0.43323836
0.24262145,0.17940038,0.15478213928692836,0.60370785,0.29781088
0.2172347,0.332712,0.17775517066531024,0.56839365,0.21623623
0.13588817,0.1647349,0.07747135064828103,0.5781764,0.22043577
0.07878346,0.34329975,0.08250678095040687,0.43782616,0.120163195
0.43740207,0.5202452,0.4177192950631577,0.62958753,0.4448958
0.6459613,0.6798438,0.5740227344413641,0.6951456,0.6751386
0.15640822,0.13039169,0.1098104765886286,0.63672954,0.1913295
0.30182144,0.27143723,0.17206206032372362,0.8019665,0.2835756
0.20660357,0.2762239,0.21079389264763357,0.47132713,0.22442682
0.24170676,0.35452318,0.1622235397334124,0.72817403,0.28081915
0.276515,0.21605353,0.17678505060710303,0.48868233,0.28705978
0.4827355,0.45656303,0.39613240376794423,0.6924726,0.51637644
1.0,0.9868129,1.0,0.75838345,1.0
0.56799746,0.6410993,0.5710222342613341,0.6770449,0.5820662
0.28960666,0.4155313,0.28393037703582263,0.57851577,0.3078501
0.8139242,0.7098522,0.708166582489995,0.79042816,0.84395605
0.23902771,0.42639062,0.27147163628829823,0.4500627,0.29434803
0.061487522,0.16113469,0.06254432375265943,0.1810272,0.1034195
0.22578214,0.50727665,0.30427531825651916,0.51418257,0.3066592
0.1881454,0.3966868,0.22891509373490562,0.5142054,0.21689759
0.20034967,0.3174313,0.21405212284312736,0.39204884,0.23562855
0.2621205,0.26317862,0.17113901026834064,0.6180727,0.24936464
0.031964086,0.26911512,0.1111877066712624,0.20267731,0.12932822
0.11378821,0.07250166,0.10550247633014859,0.38508147,0.2196939
0.2184048,0.37579972,0.23729923423795407,0.5291091,0.23528728
0.28516293,0.18417363,0.16103750966225058,0.6874455,0.27018046
0.24785718,0.4525838,0.23432064405923866,0.43488866,0.22642617
0.38346708,0.46845168,0.37848594270915653,0.48971003,0.40743563
0.27553177,0.5235096,0.3084155485049329,0.55268264,0.34282866
0.31722313,0.4286658,0.26388908583334514,0.73394424,0.3372577
0.29636994,0.16776344,0.12429363245761796,0.7011236,0.32981837
0.59744745,0.699346,0.5730175343810521,0.6989783,0.57707906
0.016768612,0.045204327,0.020812203248732192,0.09125101,0.11248538
0.23922569,0.28007117,0.17111682026700922,0.5167369,0.21254824
0.14961106,0.08738677,0.07407966444477987,0.52382916,0.13517791
0.1604051,0.3763038,0.25422854525371275,0.52172494,0.23635735
0.30404532,0.2610758,0.17130887027853223,0.71202856,0.24661411
0.20508555,0.38464212,0.19088986145339168,0.457484,0.2008139
0.21550432,0.36640596,0.18330247099814825,0.5705681,0.24720973
0.16683416,0.26766512,0.17696917061815023,0.4303891,0.20985167
0.49595356,0.5726011,0.43346389600783375,0.7496294,0.49180064
0.29303822,0.2666938,0.17338250040295003,0.6745011,0.27267817
0.3211106,0.47007912,0.30163945809836745,0.6557121,0.33294594
0.16000213,0.28061408,0.16434889986093398,0.3241453,0.18951537
0.46713394,0.55792105,0.44784265687055946,0.6201994,0.4532579
0.3531993,0.51678085,0.39489387369363244,0.3488177,0.3781344
0.20707825,0.10276905,0.14603350876201054,0.41967088,0.29361558
0.15590651,0.258285,0.12910284774617087,0.4530745,0.18423125
0.28970027,0.41732395,0.22878988372739303,0.74531156,0.3508333
0.15210073,0.16565156,0.13253166795190008,0.3312353,0.1799316
0.34536457,0.5213689,0.30957995857479753,0.6641848,0.39420146
0.2533179,0.35369295,0.18430979105858747,0.59549683,0.21604618
0.19542143,0.349546,0.22235420334125222,0.44664466,0.2575118
0.34201685,0.14978918,0.18422545105352706,0.88393277,0.31364235
0.16626687,0.22967398,0.11622207697332462,0.42807055,0.18576157
0.056515362,0.2015008,0.0668005980080359,0.16044375,0.085859776
0.09527187,0.21764864,0.10621420137285208,0.20103914,0.12144564
0.31532356,0.39070907,0.2509689450581367,0.68417037,0.2870124
0.111439005,0.26859277,0.13608547816512867,0.23096627,0.1304548
0.28990513,0.32335675,0.19561369173682153,0.6645131,0.23869766
0.24581616,0.3767988,0.1973107418386445,0.6436885,0.25078508
0.37041402,0.5879211,0.40590717435443047,0.6105886,0.42953014
0.3030131,0.41842258,0.2698007961880478,0.66675735,0.31417271
0.23641564,0.25772426,0.17947565076853905,0.51246524,0.2592342
0.08214043,0.10900431,0.11493628689617721,0.29995394,0.19139378
0.26802343,0.31152368,0.20684196241051775,0.6593036,0.24030675
0.08930118,0.09430581,0.1123849217430953,0.43812728,0.21220212
0.106606975,0.3670435,0.14556356873381412,0.295628,0.16031703
0.091777444,0.17379607,0.12923323775399428,0.40236598,0.21867773
0.2981634,0.31238735,0.20387832223269936,0.7093087,0.32462102
0.16812392,0.31321236,0.18286825097209505,0.43014222,0.21130785
0.27036202,0.44877535,0.20020034201202053,0.7085317,0.31624585
0.16947876,0.2773697,0.16335149980108998,0.35945398,0.19908538
0.4097982,0.4535181,0.27645139658708384,0.8700426,0.42323864
0.16394877,0.23374236,0.10161977609718657,0.3826626,0.16205218
0.16365646,0.30372855,0.15700330942019858,0.4144045,0.1801409
0.18257442,0.1958601,0.14545073872704434,0.3425961,0.2445959
0.20464063,0.35963738,0.20432032225921934,0.6019549,0.26020807
0.28603372,0.5095828,0.32280693936841637,0.43745333,0.34312156
0.2250294,0.44481406,0.23782253426935207,0.54792416,0.25370726
0.18762313,0.40967402,0.24340878460452708,0.5124562,0.2570767
0.30920172,0.15258953,0.12671130760267846,0.8715203,0.28540197
0.45995444,0.55220896,0.39853819391229167,0.7732607,0.4633889
0.33242592,0.1673088,0.14210787852647272,0.7706168,0.3610697
0.31873342,0.4486829,0.34131177047870626,0.39252585,0.32618308
0.1655698,0.3374085,0.1992259019535541,0.22964258,0.16399354
0.18386084,0.36776567,0.15309790918587457,0.4738472,0.17606415
0.20186207,0.37748218,0.19301535158092112,0.56314033,0.2491028
0.44590533,0.52224565,0.4349030860941852,0.533013,0.42781118
0.19757494,0.18384705,0.0800150348009021,0.73561704,0.20772174
0.26718137,0.4734013,0.3237717394263044,0.44805974,0.34024835
0.6812683,0.7470656,0.6552632893157974,0.77074564,0.68330693
0.059417088,0.31294158,0.07822762869365772,0.15109237,0.09045848
0.45434737,0.52925926,0.4227085053625103,0.64475197,0.47494367
0.051364735,0.23595127,0.09122981547378893,0.2211462,0.11804112
0.06510024,0.17534566,0.026151587569095257,0.46100283,0.104457304
0.32379472,0.313563,0.1974835818490149,0.8179359,0.26528493
0.14153375,0.2643924,0.08002095480125729,0.4701903,0.13452876
0.25032735,0.44724548,0.2549190652951439,0.54694116,0.2532754
0.20371729,0.2511808,0.12376520742591246,0.5514127,0.22969617
0.32267645,0.36413884,0.23739594424375668,0.77829057,0.3101816
0.2230007,0.37668693,0.22388521343311282,0.49821752,0.24147037
0.26403624,0.29642653,0.17478430048705804,0.7164386,0.29928342
0.30787337,0.30809373,0.20742602244556135,0.7739604,0.30300462
0.2550203,0.45600826,0.2756133565368014,0.4502654,0.30012518
0.21572533,0.3284511,0.1385171783110307,0.64454764,0.305604
0.12319646,0.10256166,0.10949192156951529,0.33222544,0.22693479
0.29459187,0.50174814,0.3081981384918883,0.5147272,0.34890085
0.1984956,0.3820634,0.20335621220137273,0.39612818,0.19974448
0.1794792,0.22222236,0.10955650257339015,0.3662032,0.15831335
0.21361262,0.21801893,0.14040540842432453,0.5577306,0.20031735
0.5929213,0.62379354,0.5817880949072858,0.53953815,0.54064906
0.20311518,0.2276678,0.09227965553677935,0.57583296,0.22330834
0.39073378,0.45952278,0.34653320079199207,0.7589544,0.4060391
0.5242984,0.6348654,0.5389165023349901,0.47464174,0.50381523
0.46032053,0.48417777,0.36820396209223777,0.69281685,0.5008659
0.120698534,0.30789503,0.14689982881398972,0.19083793,0.10715899
0.08050443,0.17043692,0.09127369547642174,0.2770201,0.14176661
0.34434003,0.5515003,0.378928382735703,0.5341896,0.39922315
0.06850012,0.28206146,0.0970005898200354,0.16576575,0.11775546
0.20937142,0.27556393,0.18776184126571047,0.53659874,0.22461626
0.4001832,0.46005732,0.3614149916848995,0.72068393,0.42497438
0.32882768,0.4253494,0.28399647703978864,0.6850483,0.3337928
0.33979207,0.5695741,0.3698478821908729,0.58084846,0.41019636
0.2399874,0.16433653,0.1376542382592543,0.4230386,0.25583738
0.13888805,0.19544521,0.16138522968311378,0.2583547,0.13465387
0.11622346,0.14502572,0.10449356626961398,0.39727682,0.16855794
0.24202898,0.36807865,0.24144800448688028,0.49731064,0.27312016
0.20748252,0.24888787,0.1433784586027075,0.6547691,0.23817584
0.24152258,0.46526682,0.2686338861180332,0.52751315,0.29151046
0.12841074,0.18602963,0.1356838881410333,0.40052563,0.17107458
0.109763384,0.3106179,0.1328083179684991,0.38413632,0.16141884
0.15116437,0.20414263,0.07764304465858268,0.35413796,0.115816884
0.08589118,0.22296885,0.11733991704039504,0.28854498,0.15334073
0.15920585,0.39208192,0.09307295558437734,0.36203998,0.14058931
0.28037244,0.44565699,0.23256573395394406,0.63856727,0.28000227
0.28779477,0.4503585,0.22059375323562522,0.7289105,0.2988445
0.2348889,0.28902662,0.1672190200331412,0.6655087,0.28129056
0.105696835,0.27402693,0.10512112630726758,0.32382774,0.1251047
0.15739903,0.32379767,0.18638236118294169,0.39439857,0.2006949
0.2811324,0.15228671,0.15037437902246276,0.741955,0.25843793
0.26286793,0.3913143,0.2972220678333241,0.39125144,0.310563
0.20046821,0.40765867,0.21178746270724777,0.4436012,0.2359352
0.1819498,0.18856299,0.1380076982804619,0.41218328,0.22580117
0.52558446,0.60678303,0.5100384706023082,0.4887212,0.50477076
0.09471163,0.103729084,0.10354030621241837,0.3370426,0.20313106
0.090904646,0.14031248,0.10510726630643598,0.29566744,0.21254943
0.16499457,0.23303516,0.163716449822987,0.5562724,0.19833037
0.089906335,0.040018633,0.08482347908940874,0.33513078,0.18780303
0.19872421,0.2695066,0.16064414963864898,0.6090828,0.2185208
0.18567798,0.19331048,0.20358151221489074,0.5514252,0.233089
0.16802427,0.30672246,0.12671330760279848,0.40060377,0.15735102
0.02071239,0.2126082,0.09611858976711539,0.17855963,0.10808492
0.32871172,0.35786927,0.20177967210678033,0.8366452,0.3327926
0.3815083,0.3450761,0.24657997479479848,0.8010229,0.42604837
0.25766647,0.34263533,0.1675240800514448,0.62361133,0.23276775
0.23811728,0.3937081,0.22930765375845924,0.6045911,0.26010057
0.3624376,0.62489605,0.4138888048333283,0.5263123,0.41286385
0.25069213,0.23651399,0.15217713913062836,0.4520322,0.2315098
0.15242484,0.12696701,0.061129990667799436,0.33969286,0.14812785
0.42290854,0.4720319,0.4546782072806924,0.3553021,0.43068698
0.24105465,0.47715342,0.278104216686253,0.57607305,0.29203305
0.41409326,0.49549216,0.41245996474759794,0.5348787,0.44011816
0.48198092,0.5408389,0.4630474277828457,0.5153068,0.49531865
0.28215325,0.26428387,0.17005877020352622,0.76254237,0.2843996
0.12664205,0.317353,0.19665873179952392,0.36463994,0.21617474
0.12774302,0.24924168,0.12978086778685208,0.37693894,0.17727375
0.19758287,0.2951258,0.1709051202543072,0.37963635,0.21881832
0.43506444,0.6170277,0.4556935273416116,0.61053014,0.48156482
0.18251872,0.45423174,0.23780281426816888,0.48391104,0.26094657
0.23162383,0.425839,0.23284149397048964,0.48056424,0.28684214
0.22008868,0.4222262,0.1949767416986045,0.7016844,0.28440633
0.07575999,0.3661974,0.18726461123587668,0.3254585,0.19604589
0.17016186,0.2822956,0.17107392026443521,0.41626227,0.21519363
0.18839094,0.39496052,0.15039456902367415,0.62603635,0.23518796
0.23074752,0.32737112,0.1640831198449872,0.58012474,0.20256251
0.24001123,0.29743335,0.20848163250889795,0.57313037,0.25338495
0.039526425,0.074058354,0.05799685347981121,0.2063944,0.17982855
0.25274304,0.41382164,0.22953055377183323,0.5700186,0.27325135
0.4029361,0.5041052,0.4409190964551458,0.46427804,0.4414067
0.48962408,0.60903454,0.49591350975481063,0.6992613,0.504044
0.34745005,0.39460814,0.23115403386924202,0.8104391,0.33535585
0.38893986,0.50989884,0.36978974218738453,0.6549625,0.3923468
0.22202629,0.28254402,0.17915999074959946,0.49708587,0.20780447
0.12723815,0.30070308,0.11407916684475002,0.35731417,0.14488588
0.12701929,0.16749303,0.05617883337073,0.34534,0.09324091
0.17530328,0.32580835,0.1324716279482977,0.35687584,0.15993662
0.66091627,0.55573666,0.536383782183027,0.9373244,0.72866124
0.14167254,0.3778479,0.168347650100859,0.4427907,0.18982068
0.32570902,0.49409127,0.3002053380123203,0.6450694,0.33979812
0.12721184,0.30386952,0.18718025123081508,0.36895895,0.2058769
0.18224457,0.26042974,0.1925905715554343,0.4688999,0.22835597
0.15269673,0.27112687,0.14739427884365672,0.51275295,0.18826666
0.60007054,0.63722676,0.5766667346000041,0.5582143,0.6004947
0.26148188,0.26700258,0.17792016067520963,0.47225583,0.25498608
0.04320153,0.08336133,0.04291508957490538,0.15476474,0.12729932
0.2145574,0.27057526,0.22242985334579118,0.503246,0.24004893
0.22415331,0.19216731,0.14395295863717752,0.5223021,0.2379415
0.51245856,0.6233312,0.55773133346388,0.5226602,0.5442265
0.3742963,0.4987306,0.33760502025630124,0.67066234,0.4037513
0.063186154,0.2717065,0.1122903467374208,0.23669103,0.11999414
0.25504106,0.35643893,0.18384969103098145,0.6866158,0.27445197
0.16693738,0.19016995,0.10387617623257057,0.5513548,0.15866117
0.13357244,0.2516533,0.1744770204686212,0.46651274,0.2146088
0.18391123,0.40853226,0.23790070427404225,0.54212713,0.24825302
0.28344825,0.22753324,0.1964702917882175,0.7655235,0.28170836
0.12348616,0.32242745,0.08898653533919212,0.2521419,0.15142594
0.21911447,0.18430121,0.08556904513414271,0.7710739,0.25142708
0.33785242,0.48868537,0.3365383601923016,0.5580041,0.38240698
0.2229039,0.24149488,0.1083351465001088,0.6373944,0.212133
0.22726652,0.36090338,0.18050988083059286,0.68727607,0.29367638
0.14671509,0.25982344,0.11258060675483642,0.45107406,0.16463706
0.1508216,0.18633895,0.04829489689769381,0.4395811,0.17397122
0.25545084,0.19219735,0.11482370688942242,0.6193273,0.25120524
0.26049787,0.28930932,0.16367637982058278,0.6935621,0.29097965
0.11617811,0.2169278,0.05895118753707125,0.15300491,0.0
0.465164,0.4486128,0.330732899843974,0.89175195,0.47888008
0.13683157,0.31799418,0.15514930930895857,0.290008,0.1580847
0.1284791,0.27385864,0.20040121202407274,0.32230574,0.20071773
0.057119902,0.16766237,0.08569992514199551,0.1396774,0.10540152
0.12698132,0.2848677,0.17566411053984662,0.2596866,0.14534852
0.14116846,0.3549915,0.21521517291291037,0.38990754,0.23785704
0.2201998,0.21015348,0.14731514883890895,0.3498605,0.27406684
0.54605746,0.600699,0.48171248890274937,0.75803137,0.61332184
0.22936979,0.28242928,0.1971865218311913,0.63047487,0.2820111
0.10896786,0.41891575,0.20564477233868636,0.3337367,0.21768217
0.24944836,0.2573279,0.12986003779160227,0.8581749,0.37136802
0.17607763,0.31286275,0.1447237386834243,0.35254192,0.1824509
0.18049243,0.35910615,0.12419509145170549,0.568482,0.18426788
0.19966573,0.3831865,0.18781355126881308,0.6591906,0.24240881
0.26086903,0.431329,0.28792153727529224,0.28760332,0.2641564
0.25764364,0.062600315,0.12328978739738725,0.8070039,0.28101146
0.01918067,0.09846404,0.000172834850370091,0.09006874,0.15987429
0.22209045,0.1461182,0.14776443886586635,0.5647585,0.26600656
0.09122247,0.2570409,0.11217520673051241,0.32013428,0.164725
0.053932726,0.0,0.04345425460725528,0.359374,0.20584998
0.25619376,0.4373995,0.24029539441772368,0.5812632,0.29374054
0.10242263,0.1795449,0.059691783581507014,0.14775789,0.16295879
0.3669422,0.47604376,0.39797168387830106,0.49006242,0.3935762
0.09236997,0.3611548,0.09202000552120033,0.1861391,0.17034638
0.105132714,0.22039852,0.08943778536626712,0.4471256,0.1396802
0.47194284,0.56571174,0.41532962491977754,0.73969936,0.47606564
0.37529188,0.5001111,0.34964015097840906,0.7171612,0.4409463
0.35558742,0.32401785,0.2651139959068398,0.7156764,0.37493485
0.2801962,0.39398727,0.22644677358680643,0.64690113,0.2588079
0.2923326,0.25076398,0.18149842088990525,0.66445994,0.26792732
0.13802567,0.20752296,0.1655644099338646,0.45087093,0.22016029
0.2257131,0.13122413,0.12301265738075945,0.73921645,0.23011428
0.17121416,0.24539629,0.1363576481814589,0.3684919,0.20891623
0.10916358,0.2567187,0.06517883791073029,0.21396995,0.08923787
0.32959384,0.51096135,0.3921056035263362,0.5187518,0.4058655
0.21284479,0.38918725,0.17053735023224104,0.6505481,0.24481367
0.12664637,0.32993734,0.112061316723679,0.35186583,0.16325733
0.32200462,0.32954723,0.23308116398486983,0.7106753,0.3759268
0.15435973,0.2314968,0.09186398051183883,0.34871483,0.12722977
0.2520942,0.2516327,0.1392983883579033,0.6797635,0.255692
0.42357332,0.6030312,0.46143438768606326,0.5711667,0.48209852
0.22937655,0.29970956,0.16641326998479622,0.47913307,0.19286503
0.2510908,0.40331686,0.2794413467664808,0.41311562,0.28797615
0.38253832,0.44098145,0.31548751892925114,0.7912847,0.38154545
0.18402314,0.41317433,0.23749242424954545,0.46793723,0.24644984
0.3867759,0.55210435,0.34530147071808825,0.6823087,0.432236
0.17153877,0.22059634,0.1662287099737226,0.45814675,0.21597669
0.26281345,0.43234915,0.3222942193376531,0.5418976,0.32948068
0.17426242,0.27565485,0.1908352114501127,0.4365946,0.22966434
0.4906978,0.61736655,0.46238122774287366,0.6216181,0.46533522
0.36681312,0.4852628,0.3239636594378196,0.7161128,0.38326135
0.23108527,0.3600902,0.26207245572434734,0.26590618,0.22373813
0.29326636,0.36643517,0.31540374892422496,0.47550523,0.3398314
0.34907395,0.55122066,0.3642060718523643,0.5085457,0.35842678
0.23075722,0.3359625,0.1613466096807966,0.5804531,0.24243538
0.19239694,0.39751405,0.17623592057415524,0.43583858,0.1692539
0.060060054,0.15853271,0.109549216572953,0.33015555,0.1827234
0.23591062,0.19595031,0.16678211000692658,0.737449,0.27125213
0.54858,0.63046867,0.57079683424781,0.48042786,0.56305414
0.18811344,0.26681423,0.09600039576002375,0.4647959,0.17914368
0.101303846,0.17920318,0.1121354917281295,0.36982518,0.20726919
0.47728938,0.59135246,0.4471759768305586,0.6574466,0.47700813
0.36106253,0.4080262,0.2467579948054797,0.8130154,0.35530382
0.15807989,0.39432606,0.11714664702879882,0.41632277,0.14823753
0.20403142,0.31284553,0.19467946168076772,0.48263454,0.22965609
0.20050526,0.40613583,0.2789885867393152,0.40656275,0.29547244
0.56073755,0.670523,0.5764975845898551,0.5211442,0.57185894
0.14041024,0.45618105,0.2139993028399582,0.4138965,0.23119953
0.3247962,0.44031945,0.2852453471147209,0.700646,0.313255
0.13233086,0.41110122,0.20291521217491273,0.44016856,0.20982929
0.0728867,0.13610783,0.07602738456164308,0.2617054,0.11554213
0.60360986,0.69855446,0.6060787763647265,0.5570443,0.6042459
0.34407693,0.28183594,0.1865669011940141,0.90421975,0.4325444
0.20066506,0.26143244,0.13132937787976268,0.48046148,0.203023
0.23685414,0.34035128,0.2416039144962349,0.27044654,0.18457495
0.1704906,0.4257233,0.23263512395810745,0.5131805,0.24978766
0.26340073,0.3026522,0.21767288306037297,0.6966986,0.26180753
0.32150453,0.36633977,0.2501054150063249,0.6961764,0.32240048
0.054690793,0.19651514,0.09224432553465954,0.14937887,0.07564716
0.39455432,0.5454913,0.3602638416158305,0.74931926,0.4359228
0.041738056,0.16748491,0.03333759900025594,0.1317777,0.088122986
0.22323456,0.42347094,0.19447416166844972,0.5432913,0.20056635
0.27048764,0.35164282,0.2957561177453671,0.48304826,0.3239958
0.041605733,0.083482444,0.06031551561893094,0.20275901,0.15727818
0.18947421,0.28483164,0.1667519600051176,0.44720685,0.1932464
0.18460214,0.30527145,0.15606475936388556,0.34192663,0.215965
0.17947054,0.3804742,0.12064025723841544,0.5230776,0.24045886
0.11002299,0.11363267,0.0816675349000521,0.38965553,0.12599121
0.24847262,0.24916689,0.1933369916002195,0.7995139,0.27578104
0.22600298,0.16276017,0.12357295341437721,0.69220465,0.26060608
0.47126,0.5217813,0.3637205018232301,0.8235971,0.46753454
0.26738226,0.09686072,0.1370968782258127,0.7190363,0.28758684
0.3446452,0.4989841,0.36200322172019334,0.49253064,0.35055378
0.2854773,0.27223226,0.20166775210006516,0.7184222,0.27083176
0.18890062,0.2661628,0.1088683965321038,0.64167506,0.2532952
0.30503422,0.17815082,0.18676793120607588,0.7515298,0.27931905
0.3002969,0.30091894,0.17174015030440903,0.67041004,0.25696436
0.4664262,0.5459518,0.4419412265164736,0.5866625,0.4373432
0.24182121,0.40316153,0.24849440490966432,0.621768,0.31122753
0.48497933,0.5246825,0.4119164847149891,0.74407995,0.46264538
0.22688255,0.4102286,0.2462663547759813,0.5222,0.2625485
0.27524695,0.36380833,0.25179769510786176,0.5879516,0.27020785
0.24993217,0.24567789,0.18770930126255808,0.5886329,0.23677409
0.19160277,0.28090715,0.20443879226632752,0.4930526,0.240248
0.23420975,0.3902252,0.1700372602022356,0.64706564,0.23951036
0.23526463,0.39974302,0.2260382635622958,0.5844959,0.28743777
0.45086336,0.53687793,0.4778850086731006,0.37456185,0.44525248
0.14380324,0.182276,0.14628024877681495,0.40913057,0.1734845
0.3600248,0.5116337,0.33835522030131326,0.6176829,0.40567982
0.26231706,0.24303557,0.14020808841248533,0.701664,0.26929876
0.20239028,0.29365134,0.17949824076989446,0.54016054,0.2348066
0.26494393,0.23483874,0.163473449808407,0.6684814,0.2643693
0.1407102,0.3381806,0.16360200981612058,0.3991732,0.19864659
0.15153313,0.1348397,0.060255039615302375,0.3089,0.1619453
0.18069753,0.28234413,0.19825531189531873,0.43021256,0.22890781
0.43794864,0.6050792,0.4230032853801971,0.5679483,0.50040203
0.17984672,0.22543584,0.15409268924556138,0.45712793,0.24490896
0.2064839,0.41023123,0.228794083727645,0.5737014,0.26433766
0.04955525,0.1780702,0.09234196554051793,0.2365641,0.18814647
0.2592607,0.32180554,0.18316973099018388,0.69852555,0.23882116
0.211095,0.42213738,0.1927287815637269,0.5469062,0.21925673
0.112210974,0.24499123,0.12162402729744164,0.38326007,0.1692981
0.09088042,0.13993719,0.11845866710752002,0.27983478,0.14467514
0.19255617,0.47592425,0.22933359376001564,0.45103335,0.23731196
0.20048511,0.27420053,0.14479236868754214,0.4352023,0.1979557
0.11913434,0.2264717,0.14117059847023591,0.31634092,0.19096051
0.1993005,0.29132545,0.14466493867989633,0.40703344,0.18431696
0.27842385,0.30098936,0.18833382130002926,0.7461209,0.26684502
0.25729895,0.11209302,0.1421141685268501,0.54086846,0.25159836
0.39702356,0.5787618,0.45943342756600564,0.44217813,0.4573337
0.06095843,0.10186294,0.059507000570420035,0.15425876,0.11895573
0.18567884,0.25871956,0.1346914280814857,0.35366094,0.18750662
0.068501085,0.27623475,0.10165930609955837,0.1873716,0.121409
0.25596976,0.2785866,0.17892563073553786,0.52585155,0.19799234
0.05056882,0.2179834,0.09802686588161195,0.21926285,0.1304449
0.123046026,0.25331548,0.15853061951183717,0.37713587,0.18726046
0.14901376,0.34719217,0.20634548238072895,0.37500715,0.21572082
0.1593889,0.41686413,0.1670232400213944,0.47783345,0.18433733
0.2236223,0.28847212,0.20348660220919612,0.5681049,0.25935006
0.23511167,0.2102328,0.1127800267668016,0.74311745,0.29318848
0.24616867,0.224043,0.17434276046056563,0.43662572,0.23338686
0.34363815,0.16494396,0.12088376725302605,0.99533105,0.32740384
0.68978816,0.7650369,0.6859800011588002,0.70065004,0.7010757
0.38060582,0.46505767,0.3788507527310452,0.6315377,0.42567348
0.1998294,0.042192608,0.1106697266401836,0.817756,0.24641798
0.1580625,0.12763086,0.07187881031272862,0.7247252,0.18987788
0.30455714,0.4173468,0.2982323978939439,0.632024,0.32581806
0.16454832,0.31146824,0.1631256697875402,0.32774693,0.2083915
0.15745586,0.2593173,0.18193015091580905,0.5004101,0.18371809
0.2993181,0.25317135,0.15595543935732636,0.77922714,0.248974
0.1673907,0.21127807,0.09531969571918174,0.31394833,0.16313092
0.14916678,0.27628192,0.14884754893085295,0.37892395,0.17281738
0.45884627,0.5283793,0.4338348260300896,0.73411137,0.4682436
0.30836934,0.19122776,0.14736365884181954,0.76267695,0.2960785
0.33686054,0.59052384,0.37629180257750816,0.5818871,0.408834
0.3671186,0.408606,0.24370513462230808,0.86368823,0.37647787
0.056159943,0.2857424,0.08846200030772003,0.25281245,0.12475865
0.06373057,0.14063917,0.04892216893533014,0.13001122,0.08593833
0.12346477,0.22225533,0.06847070410824224,0.34178117,0.129225
0.40527207,0.6366382,0.4466312467978748,0.5793443,0.46871397
0.06905426,0.4216829,0.11325738679544321,0.34551042,0.14890505
0.27582878,0.4590417,0.24351942461116546,0.68834436,0.3184566
0.18226203,0.3085602,0.15930352955821178,0.4150207,0.16956697
0.15121049,0.33186716,0.09699521581971295,0.41485465,0.1729138
0.20704994,0.44905233,0.2448182246890935,0.5251463,0.25149792
0.17764716,0.30154455,0.1103124066187444,0.52509063,0.19246821
0.12777981,0.42262626,0.12494363749661826,0.36936086,0.14716771
0.1561669,0.20640129,0.18141721088503265,0.4407245,0.22037433
0.20173118,0.4323812,0.26032464561947877,0.4820571,0.28032133
0.25100338,0.4004804,0.2232761233965674,0.60866934,0.27484685
0.24412696,0.42566144,0.21379685282781116,0.5868714,0.28592703
0.6095558,0.7396336,0.5974442358466542,0.6819444,0.6029878
0.26643103,0.39973745,0.17964492077869523,0.64905703,0.33338
0.632231,0.728727,0.5945843356750601,0.7335196,0.6073687
0.16811326,0.19161467,0.10447034626822077,0.3768549,0.16481693
0.45239216,0.61926466,0.4736875884212553,0.6704955,0.5268147
0.28263626,0.32706863,0.18147864088871846,0.6950017,0.2346056
0.5309775,0.54560405,0.5138608308316499,0.6985671,0.5657487
0.062419184,0.14048484,0.07605822456349347,0.21544924,0.12695438
0.124276616,0.30327404,0.1659136099548166,0.34322667,0.19047636
0.22556655,0.30311814,0.12988284779297088,0.6767308,0.21435243
0.20568493,0.2703986,0.18749313124958789,0.40928203,0.21685745
0.34247845,0.45979297,0.3016852881011173,0.73101324,0.36538225
0.20361239,0.21504746,0.14491771869506312,0.6076446,0.25219414
0.19455752,0.45408353,0.284591217075473,0.3583877,0.2898202
0.2935074,0.27764156,0.20237420214245214,0.72474664,0.27051353
0.23067455,0.27993482,0.18001833080109986,0.61578506,0.24664728
0.29660925,0.5069332,0.3151714689102882,0.6479717,0.33819085
0.23378631,0.3920254,0.15020348901220934,0.7040866,0.29153237
0.054663345,0.28011525,0.11883173112990388,0.24788478,0.16015904
0.65857244,0.6789126,0.643833198629992,0.54721224,0.6707263
0.092003554,0.31953454,0.13074641784478508,0.25120753,0.12857747
0.14771198,0.22449277,0.1362405181744311,0.34001482,0.2201513
0.0,0.334268,0.05934495056069704,0.12878296,0.08643187
0.18883207,0.2164779,0.08616838517010311,0.63576216,0.16051197
0.26296788,0.3183413,0.19893905193634315,0.57668835,0.25061837
0.17975992,0.21035224,0.06292797377567842,0.6724562,0.24412817
0.28413543,0.33339623,0.20102766206165973,0.66381776,0.2476348
0.07745804,0.24392094,0.10592160635529639,0.22242154,0.11268685
0.33777076,0.5055536,0.29116387746983263,0.7207833,0.37587878
0.16506507,0.28602946,0.1370588182235291,0.38850552,0.16163433
0.23112571,0.47741485,0.2413050344783021,0.54540414,0.2574142
0.052667752,0.2527887,0.10160545109632707,0.27844048,0.13538466
0.3091577,0.3928201,0.32761485965689163,0.53129435,0.33066237
0.32315183,0.33851492,0.22803284368197063,0.75050527,0.30021045
0.24655879,0.51097494,0.2751737965104278,0.5605458,0.30329767
0.25887764,0.1439332,0.1701148302068898,0.68878627,0.2562019
0.027572326,0.18663107,0.03575307014518421,0.084707886,0.07718036
0.20204267,0.18667835,0.1389313683358821,0.3396818,0.23206359
0.21786442,0.053034052,0.09052229543133773,0.9210758,0.2811971
0.082111895,0.24017373,0.09131457547887453,0.20948799,0.11739212
0.45360893,0.55847883,0.4677267680636061,0.59050107,0.44368812
0.18716726,0.33337417,0.10732854643971279,0.5952353,0.2076542
0.27185905,0.2979463,0.20352573221154394,0.6770991,0.30647993
0.31701666,0.29949915,0.19212339152740351,0.86161125,0.31824636
0.15815118,0.2965036,0.16861191011671461,0.41834855,0.21633305
0.5805982,0.61230457,0.5322705319362319,0.74853146,0.6032338
0.26885092,0.30689764,0.1869741512184491,0.7116277,0.26191503
0.3003567,0.42534763,0.33622976017378564,0.33082354,0.2767163
0.2613181,0.43899727,0.2776462566587754,0.49883378,0.29999092
0.20443183,0.22618106,0.1394414883664893,0.65324026,0.1968455
0.3783244,0.5710517,0.3972650738359044,0.6940759,0.42782566
0.20917451,0.5043066,0.275644416538665,0.43916243,0.3068933
0.27951145,0.37075275,0.2986088879165333,0.53301305,0.33041498
0.17962016,0.31144056,0.14933981896038914,0.43557048,0.17988406
0.29519093,0.27054647,0.19869896192193773,0.72275084,0.2655949
0.3142951,0.42917538,0.285724817143489,0.6369006,0.3238336
0.7469583,0.7672815,0.7015163720909824,0.82027125,0.73874176
0.302014,0.50197387,0.35616942137016533,0.49173635,0.3806033
0.19532341,0.2549527,0.12214998132899887,0.6259595,0.23044086
0.15516397,0.23477599,0.16876746012604762,0.4310034,0.22871919
0.3428741,0.6212183,0.4135217948113077,0.54882205,0.4100103
0.10127069,0.2859766,0.06782211406932685,0.24286015,0.083347775
0.31371492,0.4494542,0.270265616215937,0.7182917,0.32473993
0.16960703,0.35928395,0.18953666137219968,0.29942966,0.19270462
0.20962077,0.2176421,0.09805924588355476,0.58022726,0.22186154
0.4474823,0.50807625,0.4373833262429996,0.5178401,0.45746425
0.26560885,0.43758026,0.29218627753117665,0.5700823,0.32737958
0.28351998,0.2775519,0.18212831092769866,0.69188654,0.28241184
0.1877977,0.22050089,0.13489531809371907,0.6022516,0.22981676
0.19490567,0.28709373,0.2185676231140574,0.47757196,0.2359897
0.057534825,0.13599722,0.08017901081074065,0.20967874,0.15153927
0.24485518,0.22820921,0.16585338995120338,0.69256794,0.21312253
0.31590816,0.34335172,0.2172095430325726,0.7501063,0.33666268
0.5404971,0.5695602,0.4577062074623725,0.8359078,0.5363098
0.05825038,0.24991138,0.08199097491945849,0.18561925,0.09931386
0.12859909,0.4330389,0.1964151217849073,0.43282038,0.22729105
0.26129496,0.24708706,0.14617963877077833,0.7161133,0.246524
0.1489735,0.23852687,0.11916383314982999,0.3366189,0.12849215
0.45178026,0.5450729,0.4215711252942675,0.6309082,0.48134547
0.6821992,0.7432866,0.6801578408094705,0.614068,0.6735539
0.18754473,0.22223479,0.1881749012904941,0.4844191,0.2129317
0.07607862,0.24182111,0.08127734487664069,0.21567282,0.1042045
0.22102296,0.34879196,0.19900461194027672,0.5037409,0.20675816
0.3922432,0.5557064,0.38376467302588035,0.5268603,0.44363147
0.13015494,0.16772948,0.12442680746560845,0.40612346,0.18551359
0.15939544,0.3132248,0.14540495872429754,0.48597598,0.22212747
0.2885073,0.31046394,0.20966288257977297,0.75415486,0.33044162
0.16816498,0.43313324,0.18125271087516265,0.4231025,0.18595234
0.18343149,0.38026202,0.1372606382356383,0.48083204,0.16726731
0.26429343,0.37206066,0.23575773414546405,0.58804846,0.24575137
0.09588341,0.19912924,0.09235475054128504,0.25951892,0.16236952
0.22949225,0.3599005,0.1614076096844566,0.58067286,0.1965702
0.22311553,0.3181482,0.18712903122774188,0.50140536,0.21527725
0.29896897,0.49818277,0.3360015701600942,0.54086685,0.3611907
0.08751421,0.30401707,0.02983480179008811,0.09357856,0.09087472
0.31818628,0.51401764,0.35041486102489167,0.60393274,0.37330368
0.21081172,0.29730475,0.20196366211781971,0.5021608,0.21623555
0.1875714,0.35545963,0.225675983540559,0.44822222,0.25714418
0.14272003,0.18861106,0.06138610368316622,0.34716386,0.13974524
0.33235338,0.17739275,0.13866684832001092,0.900756,0.32078156
0.51078725,0.54232705,0.5004606300276379,0.5406023,0.56373835
0.1355952,0.3062033,0.164717699883062,0.31218418,0.18576625
0.541228,0.7006202,0.497137249828235,0.7300995,0.6192463
0.1610597,0.16479085,0.12662830759769847,0.40439665,0.1776274
0.4306227,0.59712213,0.44802066688124004,0.6427805,0.45177606
0.24365269,0.10556508,0.11464101687846102,0.94621855,0.31609544
0.28087956,0.2639575,0.16004004960240298,0.6427491,0.23134492
0.18899411,0.36635828,0.20213149212788953,0.48961663,0.21786886
0.20839539,0.1526391,0.1438146486288789,0.39748406,0.24146914
0.27103364,0.22044769,0.15777507946650476,0.60165286,0.25840303
0.26868296,0.2000005,0.1698806701928402,0.66124415,0.2402828
0.17978692,0.20019439,0.1630199097811946,0.587877,0.20448999
0.28655455,0.43757904,0.31870783912247036,0.4498961,0.31260854
0.61002153,0.7136568,0.6175501370530082,0.6854874,0.6065228
0.50738776,0.5528868,0.4749115284946917,0.5054293,0.5034977
0.53158224,0.6680811,0.547908932874536,0.6592066,0.5375803
0.266653,0.4507877,0.29162286749737204,0.5312335,0.32632387
0.55823267,0.657229,0.521956131317368,0.7356395,0.55015284
0.47050107,0.50235486,0.4091536245492175,0.7281867,0.50657
0.24679057,0.4155981,0.2733682864020972,0.51716954,0.2855228
0.09798658,0.30474204,0.14458944867536694,0.30558255,0.18050244
0.26213253,0.5232677,0.34927460095647606,0.5082773,0.35580292
0.31165424,0.23881447,0.1614352396861144,0.69688445,0.27237678
0.23193887,0.35096553,0.25048731502923893,0.4856614,0.2964169
0.1449752,0.21590123,0.059573983574439014,0.4292313,0.14975974
0.20873053,0.413841,0.21335478280128697,0.50677174,0.2345945
0.62656957,0.6336829,0.5984146359048782,0.5570674,0.6110674
0.5048238,0.65605474,0.5015550300933018,0.69430965,0.52838546
0.4227869,0.515087,0.40013502400810147,0.7117661,0.42446098
0.515677,0.49420935,0.4619982277198937,0.7832434,0.5670962
0.24820538,0.16667588,0.1670501800230108,0.4049822,0.30917946
0.6124801,0.75194436,0.6186574371194463,0.6637736,0.63323814
0.2657808,0.45869416,0.29213341752800503,0.5107274,0.3238981
0.2948954,0.45714825,0.3040205682412341,0.40834516,0.34408638
0.14126433,0.1370787,0.03838350230301014,0.65525144,0.17076153
0.5315109,0.60965884,0.5026978301618698,0.58873576,0.49469617
0.30827814,0.18088067,0.14474097868445873,0.7698542,0.28317901
0.13063382,0.4232324,0.19358347161500833,0.36470145,0.18593743
0.13267127,0.3657766,0.18288311097298665,0.3630821,0.21020027
0.061952654,0.27108133,0.10106757106405427,0.18192025,0.14478736
0.08564785,0.10980186,0.07752677465160647,0.34072632,0.15748307
0.4891733,0.42881048,0.3598081415884885,0.7865007,0.5519921
0.32681683,0.46366698,0.3180133590808015,0.4888233,0.37290898
0.20657611,0.31907648,0.17070430024225802,0.56856614,0.22404663
0.31596297,0.21017535,0.1678155800689348,0.7902595,0.26700795
0.25954056,0.23559448,0.17990292079417525,0.6504319,0.21721946
0.47687155,0.4159209,0.3666803720008223,0.78110284,0.49115387
0.15493898,0.44214052,0.12654579759274784,0.45419145,0.15127079
0.28299364,0.22607882,0.18698820121929208,0.757632,0.28702742
0.22019866,0.3428489,0.1632508397950504,0.5959137,0.25757626
0.1759017,0.24350014,0.0827866149671969,0.50593925,0.18370289
0.18529397,0.27969533,0.17268443036106584,0.48792827,0.22506069
0.798262,0.75282556,0.7786826467209589,0.5681557,0.7725238
0.2182124,0.26762703,0.20163913209834794,0.5697792,0.25117496
0.1792501,0.21109755,0.17563250053795004,0.41278356,0.24354446
0.41822124,0.5531492,0.4078473644708419,0.61281973,0.49045852
0.28722936,0.4021735,0.23425911405554684,0.6631345,0.28380415
0.21175605,0.2225118,0.18649101118946065,0.5517366,0.22884536
0.19224341,0.41282937,0.2540492152429529,0.5257739,0.27721572
0.18016763,0.27142134,0.15540393932423635,0.41777927,0.18069206
0.3151266,0.22721794,0.17338356040301361,0.9257926,0.32165495
0.057003852,0.13108954,0.056374061382443684,0.12779877,0.07875037
0.13758177,0.19027479,0.17756567065394024,0.4442026,0.22345355
0.17412108,0.3905053,0.1673254100395246,0.5082475,0.2086951
0.20037903,0.1254643,0.15212223912733436,0.503826,0.23499508
0.15594245,0.4375158,0.20353065221183916,0.43782145,0.2417485
0.33802396,0.41201204,0.34805804088348247,0.62057644,0.39784494
0.16478497,0.29764724,0.16065574963934498,0.35531157,0.1983776
0.19408035,0.15402514,0.15429857925791476,0.5528206,0.20833701
0.42017996,0.5699797,0.3933096435985787,0.7269926,0.4439809
0.24567938,0.10440382,0.16743611004616663,0.5917914,0.2643103
0.28969735,0.17549397,0.12157476729448605,0.8519601,0.25597292
0.53277653,0.646614,0.5696784341807061,0.5016558,0.56010306
0.3254615,0.41348642,0.36564307193858436,0.40363616,0.3800259
0.5415575,0.6122364,0.534124232047454,0.680119,0.5568657
0.4568292,0.5422922,0.4696790881807453,0.57140183,0.49590024
0.3998199,0.57679635,0.40364065421843925,0.6798357,0.40763745
0.34634405,0.32713816,0.17864979071898746,0.9309444,0.35555506
0.12853508,0.045837075,0.06768589406115365,0.6578714,0.2468782
0.18474665,0.15538476,0.08348800000928,0.4658599,0.19291721
0.25913897,0.3225154,0.2469447148166829,0.6119942,0.290946
0.26279107,0.30587703,0.18315513098930786,0.64261955,0.24352035
0.24137746,0.27207363,0.14766921886015313,0.8212543,0.28295922
0.2718739,0.23671822,0.14560927873655674,0.71968395,0.24864921
0.10851975,0.23760007,0.1313480478808829,0.32234812,0.1895511
0.72739816,0.75186175,0.7177820430669226,0.6400187,0.73342633
0.17005384,0.46066317,0.22495871349752283,0.44825196,0.25733936
0.22203784,0.27193317,0.12748600764916046,0.7803474,0.30822077
0.22603235,0.45761365,0.3089792585387555,0.45327175,0.33093607
0.060328644,0.15751694,0.09328955559737334,0.23131463,0.14017566
0.18955147,0.3984869,0.20759648245578896,0.5642574,0.23901622
0.18820325,0.15664405,0.10807099048425943,0.28016543,0.22966589
0.295753,0.29130512,0.16980598018835882,0.8139722,0.29190198
0.15559089,0.23856378,0.09085468045128083,0.5913664,0.18849869
0.31456313,0.20874977,0.18052497083149827,0.8833427,0.3177747
0.2009847,0.3328493,0.24262551455753087,0.58312416,0.24873814
0.2833373,0.24609406,0.17565251053915062,0.7363198,0.27855244
0.18463,0.4526952,0.2380458442827507,0.550071,0.24770531
0.3706848,0.3760373,0.29065026743901606,0.5881945,0.38713872
0.2973907,0.24980639,0.12253466735208005,0.8349221,0.2650351
0.28513676,0.47600222,0.3093663385619803,0.51594454,0.30005923
0.08068805,0.37547874,0.0807944448476667,0.3863787,0.12372817
0.26676387,0.21715099,0.1355258081315485,0.7235,0.29148123
0.20410275,0.17092794,0.12230961733857704,0.63315487,0.21223883
0.24649075,0.3701102,0.21157993269479597,0.5282987,0.25255314
0.12183108,0.34108797,0.1317505779050347,0.38735598,0.17047314
0.2399857,0.28498483,0.1962985917779155,0.559521,0.20647648
0.17067537,0.39914706,0.15641488938489337,0.43890643,0.18909562
0.26252896,0.28184575,0.1925871115552267,0.64269984,0.25009638
0.22270937,0.44535458,0.23084446385066784,0.49113584,0.22708832
0.2900167,0.39789003,0.29076863744611825,0.63361496,0.337949
0.30907965,0.37473595,0.2534144152048649,0.6952168,0.33812287
0.19257253,0.26872948,0.16977666018659962,0.57319945,0.22345643
0.23272353,0.2168324,0.1651768599106116,0.628987,0.2427626
0.4212091,0.5152843,0.4362101861726112,0.40839213,0.42422467
0.1327293,0.24828076,0.0844884150693049,0.3312596,0.117919564
0.37823695,0.4635834,0.37632360257941616,0.70968014,0.41489044
0.5144475,0.5611833,0.42306912538414754,0.81867,0.5445169
0.22171658,0.4232787,0.18066146083968765,0.5741065,0.2529434
0.46107173,0.5339702,0.4300727458043648,0.68008727,0.44724128
0.37074494,0.5354391,0.3366865702011942,0.6740491,0.38112545
0.37755072,0.5202085,0.3625366217521973,0.64799565,0.37541518
0.06898743,0.2804495,0.0449427766965666,0.1752531,0.09856027
0.27409726,0.27880985,0.18303668098220088,0.61248803,0.22360855
0.15394859,0.21652357,0.08014853480891208,0.31888682,0.09988827
0.23205566,0.2692822,0.17625891057553464,0.70020574,0.24364892
0.28838593,0.28846347,0.17720545063232704,0.68208843,0.3491132
0.33351272,0.5134208,0.33300249998015,0.6199631,0.3719964
0.15915512,0.33787814,0.168405350104321,0.40741032,0.18763013
0.4697954,0.4674356,0.4257141855428512,0.5424346,0.45925555
0.19050422,0.2974127,0.15775008946500535,0.36917382,0.18114622
0.6099144,0.6523906,0.6015808960948538,0.62538844,0.6442651
0.20801342,0.24722591,0.1702451402147084,0.47146392,0.23832335
0.57018536,0.64961404,0.55220633313238,0.60179424,0.59320617
0.013258703,0.23798792,0.054148118248887094,0.18589082,0.09433438
0.26640767,0.4149075,0.27537916652275,0.5865549,0.2948782
0.16736354,0.40529954,0.20725706243542374,0.43717617,0.24904458
0.15975186,0.29103282,0.09921819595309175,0.22266595,0.14461976
0.30616823,0.29547545,0.2534084452045067,0.75662625,0.30400994
0.22744823,0.18409921,0.17922289075337344,0.5712104,0.24037234
0.32156938,0.533999,0.32471047948262877,0.61973035,0.3736167
0.22953996,0.20218745,0.17329405039764303,0.36678207,0.22222808
0.17506124,0.44231188,0.13484775809086547,0.50837135,0.16957013
0.19783165,0.28762794,0.1385125883107553,0.6896915,0.22026736
0.1648185,0.2816077,0.20176705210602314,0.36116332,0.23230958
0.30920562,0.40059888,0.282668616960117,0.616366,0.3612642
0.6436847,0.6806958,0.6263487675809261,0.6562348,0.6109939
0.32453024,0.10878996,0.18239636094378167,0.7432515,0.32194746
0.17547195,0.20405038,0.1649455698967342,0.5805732,0.24001347
0.52236235,0.6378229,0.5561836333710181,0.47159606,0.5565607
0.33491743,0.37223405,0.23565115413906926,0.6951587,0.3254525
0.6488442,0.6902561,0.647434098846046,0.5964228,0.63897693
0.30331594,0.40462625,0.25054655503279327,0.65102917,0.30031088
0.0962041,0.032730877,0.03230402193824132,0.15228306,0.22631666
0.32810593,0.48211074,0.3361705701702342,0.4919212,0.32140273
0.2056189,0.4139037,0.21112599266755955,0.5340587,0.25100785
0.25605345,0.21514058,0.1878885112733107,0.55853873,0.26826626
0.25638422,0.3268977,0.17894271073656265,0.6194646,0.28382513
0.20026655,0.41932112,0.25741238544474315,0.5427032,0.25772795
0.23861465,0.33535063,0.2565862153951729,0.34730548,0.22996679
0.3752367,0.5186437,0.37568692254121533,0.5792364,0.41831225
0.51871294,0.61269665,0.5139818308389099,0.53432906,0.4971652
0.40898454,0.48888087,0.32452557947153476,0.7874318,0.4014849
0.20119034,0.4436423,0.26077319564639173,0.43069804,0.2790183
0.15887511,0.239217,0.1617000397020024,0.40990412,0.2174922
0.12229824,0.2451083,0.11341523680491422,0.35051197,0.14477858
0.18382438,0.19353585,0.15589033935342037,0.42451036,0.24148175
0.28141707,0.32324716,0.20896419253785156,0.71393687,0.27004874
0.27828622,0.24686925,0.21945564316733862,0.63792235,0.23130105
0.29327264,0.21262631,0.1599045795942748,0.86117685,0.30030033
0.14814007,0.4505002,0.23729629423777765,0.4066893,0.24718432
0.2052424,0.3278604,0.17604355056261303,0.47913092,0.18987815
0.21677259,0.26085195,0.1675098100505886,0.44528288,0.23216832
0.21536294,0.20598398,0.11340965680457941,0.68021655,0.24450149
0.22100936,0.28935784,0.2447530946851857,0.47910202,0.26831976
0.5142285,0.62863505,0.46350522781031367,0.7365015,0.53029054
0.20426133,0.21397063,0.17427575045654506,0.51822454,0.26784077
0.5417448,0.5939036,0.4719171283150277,0.6709319,0.5379333
0.3105386,0.17171735,0.15180540910832455,0.7542078,0.29249007
0.23382851,0.3110095,0.2468955548137333,0.5561702,0.2771312
0.21516708,0.3908226,0.23786410427184626,0.47878963,0.26480427
0.5336785,0.5229128,0.48323512899410775,0.6778285,0.5571506
0.2973799,0.4318807,0.26241965574517934,0.66443145,0.33019292
0.26200277,0.29314306,0.19425158165509493,0.61405593,0.22317381
0.19427136,0.22273085,0.13844839830690392,0.54834056,0.21165144
0.20135655,0.41543576,0.1670148600208916,0.51703423,0.2578747
0.4304179,0.43802142,0.3806022928361376,0.53393114,0.42663878
0.40897608,0.53605515,0.3622303217338193,0.8439462,0.43940893
0.06694688,0.1574026,0.08902614534156873,0.25700763,0.18357724
0.35261893,0.5662495,0.3875436432526186,0.5375701,0.42070854
0.25030166,0.39732882,0.25679244540754675,0.553726,0.29015946
0.6416036,0.6338553,0.5583750935025057,0.7025823,0.66651934
0.23694175,0.287315,0.1337584480255069,0.7454448,0.26536813
0.087141216,0.16528611,0.07887182873230972,0.28288814,0.100662164
0.075881355,0.1353216,0.10073484604409078,0.1743978,0.09085246
0.18973395,0.30668336,0.1880252512815151,0.35553396,0.19446373
0.37172914,0.4388737,0.3219402893164173,0.7485269,0.3855875
0.24319655,0.18382214,0.13912566834754012,0.50202215,0.2676632
0.21984887,0.32386327,0.20469059228143555,0.51510507,0.25225818
0.3914392,0.34922972,0.23601415416084928,0.88282394,0.43558726
0.1385997,0.19141653,0.09820952089257125,0.58511186,0.16405639
0.16265629,0.34048256,0.0802304648138279,0.40745562,0.18020706
0.27709216,0.37786913,0.23094806385688382,0.55707335,0.26421663
0.6880271,0.75455695,0.6523810991428659,0.7712458,0.6666633
0.2698695,0.3086128,0.2181228530873712,0.6427284,0.28228617
0.39973545,0.5550609,0.37925034275502056,0.70369965,0.43255892
0.217183,0.36574942,0.1704194202251652,0.6021064,0.23453335
0.13049224,0.28727558,0.19950653197039192,0.20395824,0.13209087
0.18412633,0.26554748,0.21093674265620455,0.54821247,0.22922207
0.24959065,0.35575986,0.19810988188659293,0.6173131,0.22727697
0.14090711,0.23303826,0.15326760919605656,0.395006,0.21875851
0.17852879,0.28280237,0.20654062239243737,0.4911552,0.22781663
0.2578597,0.3941926,0.26595176595710596,0.4654538,0.3149147
0.24463339,0.46892947,0.3044114182646851,0.56972295,0.31281394
0.16676886,0.32880583,0.15475129928507797,0.4919927,0.20986168
0.17057298,0.058520406,0.13111160786669648,0.5437677,0.24769093
0.24442494,0.13072552,0.11861369711682182,0.66267526,0.2703429
0.09466875,0.38464165,0.15755463945327838,0.30367213,0.16698708
0.17880845,0.326959,0.17639327058359625,0.4992618,0.23746535
0.05470433,0.29450864,0.07653410459204628,0.29339468,0.10168385
0.17481516,0.45449162,0.25737418544245116,0.50957143,0.2609334
0.1405458,0.2930255,0.1117310867038652,0.39066517,0.16782169
0.2518723,0.37509865,0.23502255410135325,0.6890239,0.27442807
0.30669188,0.4197783,0.2919069175144151,0.68475634,0.33043715
0.27844357,0.23701677,0.15521875931312556,0.6526074,0.26940107
0.06256573,0.16573417,0.05150759909045595,0.22391644,0.07485198
0.26009032,0.3059309,0.18087664085259847,0.6585636,0.315786
0.40501404,0.50882053,0.3190261891415714,0.7394849,0.4951239
0.15965763,0.39276084,0.09973125598387536,0.37275112,0.13248517
0.3296793,0.58762926,0.37815802268948134,0.5952502,0.42755935
0.19258708,0.2861883,0.19739468184368092,0.45661813,0.21267343
0.25716788,0.2868402,0.1646318098779086,0.7312055,0.2547905
0.24402419,0.37825012,0.21318922279135336,0.5695067,0.27517092
0.13678896,0.23503198,0.17605756056345365,0.25216004,0.16247599
0.30284932,0.3311184,0.25329317519759054,0.6869732,0.28485054
0.32344815,0.47975975,0.3394908203694492,0.629904,0.35060298
0.2975905,0.15312153,0.18151232089073926,0.5256201,0.29331303
0.21433702,0.25883988,0.18285121097107265,0.60322875,0.21651167
0.11311728,0.30177236,0.09869802592188155,0.2776025,0.12332447
0.23946616,0.3454641,0.17155621029337262,0.6172015,0.23339204
0.24499875,0.40857995,0.25734664544079877,0.66573304,0.29999968
0.24642234,0.26915684,0.1641871098512266,0.7528074,0.23402862
0.25271082,0.53514296,0.32106609926396595,0.47890097,0.32921624
0.21504852,0.38362494,0.23411747404704844,0.5083582,0.24321873
0.3559743,0.14926594,0.17762872065772323,0.8618178,0.296657
0.25370076,0.28013462,0.19986978199218694,0.526006,0.22443274
0.1937499,0.3715746,0.21162638269758297,0.49118352,0.22428083
0.38319504,0.5189707,0.37957587277455235,0.4425729,0.43897855
0.17219836,0.22165972,0.1739744904384694,0.4314975,0.21780986
0.124047585,0.17848371,0.13517773811066428,0.3690138,0.1664341
0.4915371,0.5946143,0.5040009902400595,0.5614965,0.5006946
0.16520298,0.36904037,0.1415776084946565,0.53203666,0.20123038
0.17390034,0.40690613,0.21156227269373637,0.41125327,0.21995057
0.34379968,0.47750717,0.34230708053842485,0.68643564,0.37568045
0.043272927,0.16298658,0.05852386751143206,0.26482326,0.16344413
0.25057042,0.29046428,0.22680608360836502,0.60637003,0.2402613
0.2704243,0.21785651,0.17980851078851065,0.66229475,0.27943614
0.20422304,0.16667813,0.14141881848512913,0.6333815,0.21706021
0.60546863,0.64861643,0.5867867352072041,0.5384274,0.55786407
0.11719351,0.08083083,0.07960480977628859,0.45826095,0.18672211
0.24234475,0.27143165,0.22483827349029642,0.5412146,0.22677265
0.22560838,0.43646282,0.22893403373604201,0.5237702,0.2415975
0.2335267,0.21510531,0.09484705569082334,0.7190293,0.26273614
0.35745287,0.38961947,0.2464873347892401,0.8529941,0.36416745
0.19383031,0.28667954,0.15801390948083457,0.6657438,0.2284112
0.23138657,0.2981152,0.16580549994833,0.53902483,0.21834879
0.16847321,0.3363556,0.20124081207444872,0.31572086,0.18895507
0.23048091,0.17839564,0.1666710100002606,0.5444259,0.22644678
0.23925722,0.39278316,0.2982112978926779,0.5389228,0.30880052
0.26427752,0.15837705,0.17196252031775125,0.7578124,0.25131315
0.58250105,0.6170443,0.5335384320123059,0.6592944,0.5723299
0.28754604,0.38448277,0.2985683179140991,0.5722568,0.3192095
0.5490069,0.5519181,0.48373342902400573,0.7842286,0.5775807
0.43293458,0.4502811,0.3654679219280753,0.7702335,0.48969764
0.12115352,0.36187297,0.20945109256706557,0.41617656,0.22521141
0.2718314,0.084026396,0.16843608010616481,0.6020837,0.2961337
0.23981293,0.29829866,0.09694202081652126,0.7834843,0.2608356
0.33965367,0.21310988,0.1686139801168388,0.9551194,0.38622084
0.29599297,0.4539541,0.28367953702077225,0.66450524,0.30714563
0.23002784,0.091705635,0.09363358561801513,1.0,0.3464829
0.62979734,0.611758,0.6138093868285632,0.4912613,0.57593745
0.26485714,0.5252522,0.286418917185135,0.5453957,0.31143123
0.2340043,0.33124933,0.18234689094081344,0.6197314,0.21048456
0.14428592,0.3389686,0.17531867051912023,0.43923467,0.21458504
0.30606353,0.2568446,0.1739633104377986,0.8070566,0.29267085
0.20253935,0.2516303,0.11948964716937883,0.47370684,0.19421944
0.17001525,0.36854053,0.19295361157721672,0.4461748,0.21687922
0.326801,0.38713744,0.3125859987551599,0.68869054,0.35883096
0.3428265,0.47616887,0.3136207988172479,0.6851759,0.3252078
0.07941257,0.28005445,0.11769898706193922,0.25773084,0.14877446
0.2242997,0.2243834,0.1910718314643099,0.59792554,0.21983464
0.17221057,0.17397939,0.09386099563165974,0.3712743,0.12379195
0.39258444,0.5907323,0.37157120229427215,0.5721517,0.40804103
0.28883874,0.48913175,0.3261384195683052,0.49503106,0.3158966
0.28963315,0.37609768,0.31389756883385417,0.5200104,0.3147197
0.27226573,0.43367365,0.23902712434162746,0.6761788,0.3235941
0.2806818,0.4711463,0.29146863748811824,0.5413684,0.2849942
0.13204087,0.12345664,0.11516503190990192,0.30210608,0.21681844
0.19741058,0.27644938,0.1961154017669241,0.47036618,0.20943455
0.40455955,0.450808,0.35930707155842434,0.6451865,0.44502696
0.31450048,0.3929282,0.263150415789025,0.71061355,0.29236156
0.08358502,0.20486583,0.08310372898622374,0.25947833,0.11026143
0.060017414,0.32206416,0.09512009570720575,0.17726555,0.09392742
0.09326309,0.17527574,0.11178997670739861,0.28511578,0.1507726
0.34946162,0.35930854,0.25640261538415693,0.64649385,0.39379025
0.4549725,0.50718504,0.44703122682187363,0.5580133,0.47016492
0.12157222,0.2163976,0.12904084774245086,0.37177032,0.1646687
0.24457483,0.16321562,0.1451422687085361,0.78306895,0.23421097
0.24238831,0.2283371,0.07795201467712089,0.85464835,0.2447346
0.23849283,0.21783179,0.1385552783133167,0.45154727,0.20457919
0.27044308,0.34561217,0.20632751237965075,0.5847103,0.27067557
0.32700187,0.2326752,0.16288179977290798,0.81096244,0.29954246
0.1521987,0.38146973,0.1629515397770924,0.4942538,0.19916968
0.26054466,0.28814387,0.1643574598614476,0.59997195,0.243386
0.12995647,0.39750484,0.17324528039471684,0.36710638,0.2054102
0.17763315,0.30921012,0.17697760061865603,0.38826048,0.20211186
0.30155954,0.3866855,0.3030878481852709,0.37594384,0.33145005
0.34546942,0.44302598,0.34313758058825483,0.61601585,0.38037893
0.14044,0.034602493,0.006640300398418024,0.2554282,0.11228057
0.34432232,0.5475255,0.385435783126147,0.5138166,0.42615783
0.0039784014,0.108382136,0.0,0.0,0.10387443
0.12857805,0.43486232,0.2457381347442881,0.40750015,0.2554192
0.25326687,0.2682914,0.20680606240836374,0.60989535,0.25472265
0.15522453,0.14119397,0.1108432766505966,0.47757655,0.15238322
0.35545433,0.45309633,0.323773199426392,0.6835785,0.40517685
0.15763327,0.35007918,0.15755823945349437,0.3712536,0.17641918
0.4739796,0.46328455,0.383093082985585,0.7298202,0.54715914
0.19282132,0.29597685,0.17712257062735426,0.44696748,0.20955962
0.3669684,0.4587931,0.3471588408295304,0.61152905,0.36639088
0.19180888,0.16594931,0.14367442862046573,0.36819786,0.2589255
0.17473915,0.41412008,0.1374682282480937,0.46665847,0.1621285
0.055896927,0.13086069,0.020646629238797756,0.31048757,0.0876415
0.22582796,0.4071342,0.2690995761459746,0.56219774,0.26240912
0.15678291,0.31961167,0.11739545304372719,0.5138108,0.21374539
0.19093716,0.26106358,0.1108997266539836,0.48660737,0.18390702
0.19900715,0.43148106,0.18400305104018308,0.51018506,0.23658477
0.3008603,0.34346837,0.20761607245696434,0.7047405,0.2909289
0.23498484,0.31077594,0.19532604171956253,0.5449275,0.22154368
0.5337529,0.65599793,0.5219212313152739,0.68508697,0.5338837
0.064799905,0.3074522,0.08933924536035473,0.3057173,0.13157699
0.316825,0.24588403,0.1921697215301833,0.9123956,0.32638225
0.277144,0.3580884,0.28210295692617743,0.36456054,0.24475837
0.1842573,0.16960223,0.11857858711471524,0.6446353,0.21733673
0.21249919,0.30087543,0.1607242296434538,0.6716633,0.29049486
0.5669405,0.75814617,0.5736461344187681,0.662619,0.5802429
0.37651676,0.39253256,0.29058321743499305,0.76275504,0.41197392
0.39471972,0.47438222,0.3651260619075637,0.65003055,0.40666693
0.22344741,0.22144301,0.18241414094484848,0.5165629,0.24118353
0.13806796,0.18262753,0.1371122982267379,0.3715939,0.22068435
0.19409755,0.46070337,0.23545299412717965,0.4615956,0.276881
0.15582806,0.2560452,0.08538638512318311,0.3763867,0.13256654
0.2506029,0.5459762,0.2770631766237906,0.5539352,0.33035967
0.2261458,0.38591075,0.1670475100228506,0.51907843,0.20158067
0.2741934,0.21403007,0.170475250228515,0.6631171,0.22239372
0.2845633,0.2893994,0.20861223251673394,0.6836994,0.24484454
0.18732631,0.40054226,0.24044755442685325,0.55728173,0.26357737
0.14164212,0.247124,0.15739322944359377,0.31755525,0.18596293
0.079660505,0.24791309,0.09474707968482478,0.1832987,0.08877672
0.15492047,0.3940424,0.1906169514370171,0.3945802,0.1896268
0.2701932,0.34652257,0.18880333132819987,0.6596549,0.26831752
0.49308926,0.50923663,0.40730258443815504,0.860784,0.5408334
0.18122934,0.32333344,0.1906463314387799,0.5935073,0.25142276
0.08193269,0.20999727,0.111425766685546,0.27247345,0.17074962
0.18757436,0.2726454,0.20423093225385594,0.38197756,0.22359659
0.1107388,0.16303097,0.10940573256434395,0.31209406,0.18598521
0.876546,0.90135986,0.8521541511292491,0.7209858,0.8225932
0.29437926,0.3033866,0.27015037620902255,0.50528544,0.34744316
0.19810241,0.111675695,0.12738003764280226,0.715482,0.21028958
0.3794046,0.42613333,0.33406394004383644,0.6548203,0.3728646
