size_D,duration_D,app,har,dba,ifc,source,nlan,telonuse,t01,t02,t03,t04,t05,t06,t07,t08,t09,t10,t11,t12,t13,t14,t15,Generated_Var_1,Generated_Var_2,Generated_Var_3,Generated_Var_4,Generated_Var_5,Generated_Var_6,Generated_Var_7,Generated_Var_8,Generated_Var_9,Generated_Var_10,Generated_Var_11,Generated_Var_12,Generated_Var_13,Generated_Var_14,Generated_Var_15,Generated_Var_16,Generated_Var_17,Generated_Var_18,effort_D
0.143335192414947,0.2,0.0,0.0,0.6979651364831616,0.0,0.0,0.0,0.0,1.0,0.5,0.3333333333333333,0.0,0.5,1.0,0.75,0.6666666666666666,0.3333333333333333,0.3333333333333333,0.0,0.6666666666666666,0.5,1.0,0.5,0.50446707,0.04326395,0.112886876,0.10456732,0.96669734,0.95526475,0.057952154,0.9150592,0.113252364,0.0,0.79873043,0.11793573,0.0010994298,0.09874525,0.84712416,0.88228184,0.09481929,0.2501136,0.0075898020947219
0.1670384829894032,0.24,1.0,0.619852032890937,0.6979651364831616,1.0,1.0,0.6666666666666666,0.0,0.75,0.5,1.0,0.3333333333333333,0.5,0.6666666666666666,0.75,1.0,0.6666666666666666,1.0,0.6666666666666666,0.6666666666666666,0.75,0.75,1.0,0.71811086,0.827876,0.6800387,0.8244465,0.1731899,0.1581923,0.75471824,0.109278165,0.84926593,0.82512397,0.006072173,0.8599155,0.81432307,0.8400006,0.49407727,0.13534789,0.8476669,0.9179117,0.1154790765476699
0.0228667038482989,0.02,1.0,0.619852032890937,0.6979651364831616,1.0,1.0,0.6666666666666666,0.0,0.25,0.5,0.3333333333333333,0.3333333333333333,0.5,0.6666666666666666,0.25,0.0,0.6666666666666666,0.3333333333333333,0.6666666666666666,0.6666666666666666,0.75,0.75,0.75,0.7545831,0.4494878,0.59299695,0.5059431,0.5561455,0.5246363,0.44704664,0.5730814,0.46021384,0.4967281,0.63579357,0.45917904,0.47269312,0.44431147,0.4707083,0.5469545,0.44929424,0.4563668,0.0041514157595347
0.0574456218627997,0.08,0.0,0.619852032890937,0.6979651364831616,1.0,1.0,0.3333333333333333,0.0,0.5,0.5,0.0,0.3333333333333333,0.5,1.0,0.25,0.3333333333333333,0.6666666666666666,1.0,0.6666666666666666,0.3333333333333333,0.25,0.5,0.5,0.7381904,0.3347984,0.40571982,0.39219782,0.667099,0.6387649,0.32040754,0.64499587,0.37438297,0.3722623,0.6185047,0.37460405,0.34807435,0.35200894,0.67181605,0.62529624,0.34522033,0.422049,0.0276813867630048
0.2810931399888455,0.24,0.8795232095320975,0.619852032890937,0.6979651364831616,1.0,1.0,0.6666666666666666,0.0,0.25,0.25,0.6666666666666666,0.0,0.25,0.0,0.5,1.0,0.6666666666666666,0.6666666666666666,1.0,0.6666666666666666,0.5,0.25,0.5,0.62373114,0.4883955,0.3955335,0.49973258,0.5275732,0.4880096,0.4130836,0.45881724,0.50179356,0.5282157,0.24719654,0.52585113,0.49416703,0.48515275,0.7085391,0.47642815,0.49959028,0.54363513,0.3278192391183787
0.0934188510875627,0.16,1.0,0.619852032890937,0.6979651364831616,1.0,1.0,0.3333333333333333,0.0,0.5,0.5,0.3333333333333333,0.6666666666666666,0.5,0.6666666666666666,0.75,0.3333333333333333,0.6666666666666666,0.6666666666666666,0.3333333333333333,0.6666666666666666,1.0,0.75,0.75,0.66372406,0.5187257,0.5577365,0.5528963,0.48520383,0.45589495,0.49583903,0.46840763,0.53074473,0.5541241,0.4055738,0.5410769,0.5329328,0.52168876,0.5313949,0.46291932,0.5280832,0.5564597,0.0576920029788784
0.0828220858895705,0.16,1.0,1.0,0.6979651364831616,1.0,1.0,1.0,1.0,0.25,0.5,0.3333333333333333,0.3333333333333333,0.5,0.6666666666666666,0.25,0.0,0.6666666666666666,0.6666666666666666,0.6666666666666666,0.6666666666666666,0.75,1.0,0.75,0.9910046,0.777427,0.9645966,0.84414065,0.20969003,0.1948467,0.84512925,0.27839935,0.80317307,0.79570293,0.5686344,0.76394254,0.7970762,0.7863506,0.07608801,0.2362179,0.7818318,0.78025466,0.035540555529147
0.0448968209704406,0.46,1.0,0.619852032890937,0.6979651364831616,1.0,1.0,0.3333333333333333,0.0,0.75,0.5,1.0,0.6666666666666666,0.5,0.3333333333333333,0.5,1.0,1.0,1.0,0.3333333333333333,0.6666666666666666,0.75,0.25,0.5,0.54739845,0.5857293,0.5136206,0.59714687,0.41907105,0.39123118,0.5366023,0.36763513,0.6017821,0.6053329,0.20653087,0.6199661,0.589405,0.5964401,0.58281845,0.38080728,0.5996022,0.6490048,0.1067484273739918
0.0886781929726715,0.4,1.0,0.619852032890937,0.6979651364831616,1.0,1.0,0.0,0.0,0.25,0.5,0.3333333333333333,0.0,0.25,0.3333333333333333,0.75,1.0,0.6666666666666666,0.3333333333333333,0.3333333333333333,0.3333333333333333,0.5,0.25,0.5,0.41798085,0.3329205,0.23808324,0.32603204,0.6910334,0.65256304,0.24784343,0.6187533,0.34548315,0.37478235,0.3110137,0.37288806,0.33954346,0.3228069,0.8140539,0.6382202,0.3523261,0.38104206,0.1353488298394891
0.3159509202453988,1.0,1.0,0.8249376887731341,1.0,1.0,0.0,0.3333333333333333,0.0,0.75,0.5,0.3333333333333333,0.0,0.0,0.3333333333333333,0.75,1.0,0.3333333333333333,0.0,0.0,0.0,0.5,0.75,0.25,0.3090101,0.33493498,0.34082913,0.32216358,0.6625922,0.64666533,0.3139386,0.63007885,0.36455682,0.3554399,0.39269873,0.36737472,0.34537876,0.3513767,0.72062373,0.63555163,0.35163587,0.4147861,0.1793189776742564
0.0370886781929726,0.18,0.0,0.619852032890937,0.6979651364831616,1.0,1.0,0.3333333333333333,0.0,0.25,0.5,0.0,0.3333333333333333,0.5,0.6666666666666666,0.25,1.0,0.3333333333333333,0.6666666666666666,0.0,0.3333333333333333,0.25,0.5,0.5,0.41555128,0.21543883,0.20463021,0.24274556,0.7916428,0.7660198,0.18762642,0.7382596,0.26089925,0.24162261,0.53365475,0.27294314,0.22465889,0.2450345,0.8164575,0.73019147,0.23348224,0.3233383,0.0588962304511099
0.1926938092582264,0.34,1.0,0.0991880356339056,0.6979651364831616,1.0,0.0,0.0,0.0,1.0,0.5,0.6666666666666666,0.0,0.5,0.0,0.5,0.3333333333333333,0.3333333333333333,0.0,0.0,0.0,0.0,0.0,0.25,0.0,0.023592627,0.3217207,0.0,1.0,1.0,0.0064555956,1.0,0.0,0.057243925,0.88009286,0.0,0.0,0.0,0.83712626,1.0,0.0,0.0,0.0565194657032846
0.0167317345231455,0.06,0.8795232095320975,0.0,0.6979651364831616,1.0,1.0,0.3333333333333333,0.0,0.25,0.25,0.0,0.6666666666666666,0.5,0.6666666666666666,0.0,0.6666666666666666,0.6666666666666666,0.3333333333333333,0.6666666666666666,0.6666666666666666,0.0,1.0,0.0,0.6704696,0.19784288,0.45864734,0.33028352,0.7684967,0.74737734,0.3152757,0.8126291,0.28363782,0.22002219,1.0,0.23799127,0.22630465,0.2679506,0.48184246,0.7521853,0.22255152,0.33569458,0.0050228961670707
0.0,0.12,0.8795232095320975,0.0991880356339056,0.6979651364831616,1.0,1.0,0.6666666666666666,0.0,0.25,0.5,0.3333333333333333,0.6666666666666666,0.25,0.3333333333333333,0.25,0.6666666666666666,0.6666666666666666,0.3333333333333333,1.0,0.3333333333333333,0.5,0.75,0.25,0.7415032,0.31761667,0.50598407,0.41178623,0.6727628,0.64137685,0.36740336,0.69991964,0.3601323,0.356283,0.7998974,0.34440544,0.34254372,0.33722243,0.49436763,0.6577152,0.32873946,0.38241956,0.0
0.0560513106525376,0.3,0.0,0.619852032890937,0.6979651364831616,1.0,1.0,0.3333333333333333,0.0,0.25,0.5,0.0,0.6666666666666666,0.5,0.6666666666666666,0.5,1.0,0.6666666666666666,0.3333333333333333,0.3333333333333333,0.6666666666666666,0.25,0.75,0.5,0.42156306,0.24620086,0.29249075,0.2783127,0.76244545,0.7322004,0.22989617,0.7345582,0.2744744,0.2857063,0.56642175,0.28510436,0.26370975,0.26435694,0.72539365,0.7201036,0.25855833,0.30464584,0.0314049848679311
0.0900725041829336,0.14,1.0,0.619852032890937,0.6979651364831616,1.0,1.0,0.3333333333333333,0.0,0.5,0.75,0.3333333333333333,0.3333333333333333,0.5,0.6666666666666666,0.5,0.3333333333333333,1.0,1.0,0.0,0.6666666666666666,0.5,0.5,0.5,0.66509116,0.49137357,0.5878935,0.5585733,0.49070975,0.47103316,0.5586393,0.5027141,0.54718554,0.4997818,0.5525905,0.5252087,0.50678515,0.53721225,0.39756557,0.4705105,0.5109322,0.5892898,0.0548874205764446
0.0454545454545454,0.18,1.0,0.619852032890937,0.6979651364831616,1.0,1.0,0.0,0.0,0.25,0.5,0.0,0.6666666666666666,0.5,0.6666666666666666,0.75,0.6666666666666666,0.6666666666666666,0.3333333333333333,0.0,0.6666666666666666,0.5,0.5,0.5,0.44923803,0.31868175,0.3271016,0.33988452,0.6967557,0.6587949,0.28006294,0.66078824,0.33042577,0.36786205,0.4487345,0.34889197,0.335795,0.31962854,0.71033883,0.6586501,0.33111924,0.34764785,0.0148468571247484
0.5022308979364194,0.56,1.0,0.619852032890937,0.6979651364831616,1.0,1.0,1.0,1.0,0.75,0.0,0.3333333333333333,0.3333333333333333,0.5,1.0,0.75,1.0,0.6666666666666666,0.6666666666666666,0.6666666666666666,0.6666666666666666,0.5,0.5,0.75,0.7578396,0.8951021,0.90392524,0.913409,0.08932041,0.08946768,0.9106791,0.095321275,0.9242713,0.87943447,0.18974964,0.90747803,0.8935055,0.92672116,0.2102416,0.08720438,0.9109561,0.9637286,0.4013088051211357
0.6787506971556051,0.68,1.0,0.619852032890937,0.6979651364831616,1.0,1.0,1.0,1.0,0.75,0.5,0.6666666666666666,0.3333333333333333,0.75,1.0,1.0,0.6666666666666666,1.0,0.6666666666666666,1.0,1.0,0.5,0.0,0.75,0.7572379,1.0,0.9488586,1.0,0.0,0.0,0.96044236,0.0,1.0,1.0,0.06889032,1.0,1.0,1.0,0.18166056,0.0,1.0,1.0,0.5815626435962035
0.1076408254322364,0.72,0.8795232095320975,1.0,0.6979651364831616,1.0,1.0,1.0,0.0,0.5,0.25,0.3333333333333333,0.3333333333333333,0.5,0.3333333333333333,0.75,1.0,0.6666666666666666,0.6666666666666666,0.6666666666666666,0.6666666666666666,0.75,0.25,0.5,0.5816109,0.67056733,0.52017605,0.6554832,0.35792956,0.30524746,0.5517267,0.28363696,0.6391328,0.72530085,0.0,0.6839779,0.6781763,0.6281313,0.6141444,0.32637778,0.6770092,0.64365983,0.2292627275752246
0.0680423870607919,0.5,1.0,0.619852032890937,0.6979651364831616,1.0,1.0,0.6666666666666666,0.0,0.75,0.5,0.6666666666666666,0.6666666666666666,0.75,0.3333333333333333,0.5,0.6666666666666666,1.0,1.0,0.3333333333333333,0.6666666666666666,0.75,0.25,0.5,0.6478983,0.6319514,0.59831035,0.64821887,0.37548015,0.34381256,0.5857662,0.3415677,0.6347907,0.6632368,0.22632477,0.65185744,0.6404553,0.6272716,0.5091602,0.3521581,0.6433256,0.66075504,0.1656763480217394
0.8103736754043502,0.2,0.8795232095320975,1.0,0.6979651364831616,1.0,1.0,1.0,0.0,0.75,0.75,0.0,0.3333333333333333,0.5,0.6666666666666666,0.75,0.3333333333333333,0.6666666666666666,0.6666666666666666,1.0,0.3333333333333333,0.25,0.5,0.5,0.799303,0.79940605,0.81339705,0.80246687,0.20737328,0.19215618,0.77144444,0.20734727,0.8043295,0.8178717,0.26276082,0.79858536,0.80737364,0.79820055,0.30736116,0.2022996,0.7972679,0.7986063,0.2838966265785679
0.071388733965421,0.2,1.0,1.0,0.6979651364831616,1.0,1.0,0.0,0.0,0.75,0.5,0.0,0.6666666666666666,0.5,0.6666666666666666,0.75,0.6666666666666666,1.0,0.6666666666666666,0.3333333333333333,0.6666666666666666,0.25,0.75,0.5,0.66703254,0.542466,0.58832955,0.58052874,0.45616916,0.42778304,0.55541724,0.4500862,0.566806,0.5702853,0.41281185,0.5645766,0.55901885,0.5587335,0.44834444,0.4367485,0.55398077,0.5865894,0.1392150338292849
0.0850529838259899,0.48,1.0,0.0991880356339056,0.6979651364831616,1.0,0.0,0.0,0.0,0.75,0.5,0.0,0.3333333333333333,0.25,0.6666666666666666,0.25,0.6666666666666666,0.6666666666666666,0.6666666666666666,0.0,0.0,0.5,0.5,0.5,0.4572177,0.13543501,0.3549221,0.24114895,0.8324522,0.8251319,0.2599351,0.8640758,0.23652266,0.12888138,0.99457103,0.19692704,0.15748313,0.22655822,0.5387148,0.79334986,0.14975043,0.30364662,0.1045934940026302
0.1447295036252091,0.24,1.0,0.619852032890937,0.6979651364831616,1.0,1.0,1.0,1.0,0.25,0.25,0.0,0.6666666666666666,0.5,0.6666666666666666,0.75,0.6666666666666666,1.0,1.0,1.0,0.6666666666666666,0.25,0.25,0.75,0.95581234,0.8187442,0.92122513,0.858749,0.18020771,0.15846342,0.82810855,0.21501665,0.8207316,0.84786105,0.3729082,0.80560625,0.83355796,0.80717117,0.18424077,0.19819292,0.82377243,0.8036947,0.1562960498169891
0.1168432794199665,0.18,1.0,0.619852032890937,0.6979651364831616,1.0,1.0,0.6666666666666666,1.0,0.75,0.5,0.6666666666666666,0.3333333333333333,0.5,0.6666666666666666,0.5,0.3333333333333333,0.6666666666666666,0.6666666666666666,0.3333333333333333,0.3333333333333333,0.25,0.5,0.5,0.72072226,0.65501416,0.7737401,0.6981213,0.33171383,0.32832515,0.68960255,0.35988605,0.69122136,0.65537995,0.51523596,0.66901463,0.6656358,0.68768746,0.294601,0.32792774,0.6596429,0.7131687,0.071572309106178
0.9258226436140546,0.82,1.0,0.619852032890937,0.6979651364831616,1.0,1.0,0.6666666666666666,0.0,0.75,0.5,0.3333333333333333,0.6666666666666666,0.5,0.6666666666666666,0.75,1.0,0.6666666666666666,0.6666666666666666,0.6666666666666666,0.6666666666666666,0.75,0.25,0.75,0.76638925,0.8207751,0.7817615,0.82816315,0.17270157,0.16769128,0.8147361,0.15583645,0.85684687,0.81149584,0.19605342,0.84131724,0.81776315,0.8519472,0.32468143,0.15160781,0.83223444,0.8960871,1.0
0.0571667596207473,0.0,0.8795232095320975,0.619852032890937,0.6979651364831616,1.0,1.0,0.3333333333333333,1.0,0.5,0.5,0.3333333333333333,0.6666666666666666,0.5,1.0,0.25,0.6666666666666666,0.6666666666666666,0.3333333333333333,0.0,0.6666666666666666,0.75,0.25,0.75,0.55239236,0.5157958,0.58479,0.53220665,0.48851097,0.47304922,0.50508505,0.48671177,0.5338942,0.5370829,0.48507014,0.53409076,0.5321005,0.53398067,0.4780644,0.46748292,0.50980985,0.54063994,0.0169225650045158
0.041271611823759,0.12,0.2389808690832257,1.0,0.6979651364831616,1.0,1.0,0.6666666666666666,1.0,0.0,0.75,0.0,0.3333333333333333,0.5,1.0,0.25,0.3333333333333333,0.0,0.3333333333333333,0.0,0.6666666666666666,0.25,0.75,0.5,0.63942736,0.40512186,0.5999834,0.46965712,0.58399075,0.57247347,0.46506032,0.62427187,0.4524693,0.42078406,0.78659725,0.42576256,0.4282905,0.44361493,0.39308992,0.5725931,0.40213376,0.45965755,0.01373770024243
0.0382041271611823,0.16,0.0,0.619852032890937,0.6979651364831616,1.0,1.0,1.0,0.0,0.5,0.75,0.0,0.3333333333333333,0.5,1.0,0.5,1.0,0.3333333333333333,0.3333333333333333,0.3333333333333333,0.6666666666666666,0.75,1.0,0.5,0.58497167,0.4665916,0.4021773,0.49194384,0.5368177,0.505942,0.42804867,0.47806275,0.49904868,0.4903933,0.30149183,0.51334655,0.47111127,0.48680907,0.6761532,0.4853185,0.48489052,0.5618627,0.0184120042464863
0.0945343000557724,0.04,0.8795232095320975,0.619852032890937,0.6979651364831616,1.0,1.0,0.3333333333333333,0.0,0.25,0.75,0.3333333333333333,0.0,0.25,0.3333333333333333,0.5,0.6666666666666666,1.0,0.6666666666666666,0.6666666666666666,0.6666666666666666,0.5,0.5,0.75,0.7121498,0.44998035,0.5060855,0.49680585,0.54944205,0.52002573,0.46690232,0.5394333,0.48765606,0.4809854,0.5123948,0.479965,0.4669345,0.47235066,0.5190663,0.5193381,0.46102685,0.514018,0.0192517944573846
0.1065253764640267,0.48,0.3801766679984392,0.619852032890937,0.6979651364831616,1.0,1.0,0.3333333333333333,0.0,0.0,0.5,0.3333333333333333,0.3333333333333333,0.5,0.3333333333333333,0.75,1.0,0.3333333333333333,0.0,0.3333333333333333,0.3333333333333333,0.5,0.75,0.5,0.32282156,0.25625092,0.16794331,0.24465801,0.77190584,0.73713577,0.16256276,0.7027757,0.2594698,0.3021655,0.35976785,0.29534787,0.2644635,0.24384081,0.8685734,0.71779066,0.2690322,0.28174162,0.0376162634089144
0.0435025097601784,0.04,1.0,0.619852032890937,0.6979651364831616,1.0,1.0,0.3333333333333333,0.0,0.5,0.75,0.0,0.3333333333333333,0.5,0.6666666666666666,0.5,0.6666666666666666,0.3333333333333333,0.6666666666666666,0.0,0.6666666666666666,0.5,0.5,0.5,0.5766192,0.40543807,0.49220315,0.45955816,0.5856273,0.56516355,0.43309516,0.5820952,0.44902462,0.42306814,0.5731388,0.44243768,0.42110574,0.4415588,0.52938193,0.5561746,0.41729036,0.49162528,0.0060211373611573
0.0064138315672058,0.04,1.0,0.619852032890937,0.6979651364831616,1.0,1.0,0.0,0.0,0.5,0.5,0.3333333333333333,0.6666666666666666,0.5,0.6666666666666666,0.25,0.3333333333333333,0.6666666666666666,0.0,0.3333333333333333,0.6666666666666666,0.25,0.75,0.5,0.57447326,0.27349722,0.41009554,0.32528797,0.7321155,0.70266944,0.27433148,0.73600835,0.2965314,0.3186247,0.7226633,0.299857,0.29951084,0.28494284,0.61386263,0.70502335,0.26925734,0.30349538,0.0102993139072427
0.2208588957055214,0.04,0.0,1.0,0.6979651364831616,0.0,0.0,0.6666666666666666,0.0,0.75,0.25,0.6666666666666666,0.3333333333333333,1.0,0.6666666666666666,0.75,1.0,1.0,0.6666666666666666,0.3333333333333333,1.0,0.75,0.75,1.0,0.069550574,0.44871062,0.21010129,0.40403515,0.5706659,0.5484989,0.31500003,0.44803175,0.46456853,0.4482709,0.05436813,0.512377,0.43880826,0.46799216,0.8847844,0.4890565,0.45359644,0.5394646,0.0421004262331447
0.4461795872838817,0.14,1.0,1.0,0.6979651364831616,0.0,0.0,1.0,0.0,0.75,0.25,0.6666666666666666,0.3333333333333333,1.0,0.6666666666666666,1.0,0.3333333333333333,1.0,1.0,0.6666666666666666,1.0,0.5,0.75,1.0,0.50793,0.7543048,0.6796082,0.7550108,0.24091235,0.23882693,0.70209765,0.20205545,0.774525,0.7426566,0.14294294,0.786129,0.74763095,0.77932006,0.45924982,0.2107902,0.76370955,0.83274686,0.1492132908684698
0.2752370329057446,0.08,1.0,1.0,0.6979651364831616,0.0,0.0,1.0,0.0,0.75,0.25,0.6666666666666666,0.3333333333333333,1.0,0.6666666666666666,1.0,0.3333333333333333,1.0,1.0,0.6666666666666666,1.0,0.5,0.75,1.0,0.51295984,0.73546374,0.65299505,0.7373504,0.2629807,0.25693813,0.6701282,0.21886966,0.7496635,0.7312238,0.13567695,0.76738536,0.72945744,0.7522897,0.4948909,0.23126937,0.7447545,0.80661345,0.0985089762481976
0.139431121026213,0.36,0.8795232095320975,0.619852032890937,0.6979651364831616,1.0,1.0,0.0,0.0,0.5,0.5,0.6666666666666666,0.0,0.5,0.3333333333333333,0.5,0.6666666666666666,0.3333333333333333,0.3333333333333333,0.3333333333333333,0.6666666666666666,0.75,0.5,0.5,0.44097754,0.30254313,0.25126186,0.3184561,0.71299237,0.6767425,0.23229022,0.6454378,0.3228696,0.34306133,0.40333417,0.35012496,0.3123544,0.31125936,0.82582283,0.6527764,0.31018856,0.3702871,0.0517659362076341
0.5593976575571667,0.54,0.8795232095320975,1.0,0.6979651364831616,1.0,1.0,0.6666666666666666,1.0,0.75,0.5,0.6666666666666666,0.6666666666666666,0.75,0.6666666666666666,0.5,0.6666666666666666,0.6666666666666666,0.6666666666666666,1.0,1.0,0.75,0.5,0.75,0.7801826,0.8986217,0.9333501,0.9067185,0.10413122,0.10156444,0.87355125,0.12570773,0.89480644,0.91135204,0.24740036,0.8903445,0.90783316,0.89430285,0.18707645,0.11224061,0.89079034,0.87492776,0.2125936841438101
0.0708310094813162,0.44,0.3801766679984392,0.619852032890937,0.6979651364831616,1.0,1.0,0.3333333333333333,0.0,0.25,0.5,0.0,0.6666666666666666,0.5,0.6666666666666666,0.5,0.6666666666666666,0.3333333333333333,0.3333333333333333,0.3333333333333333,0.3333333333333333,0.25,0.75,0.5,0.5697719,0.2788365,0.4016065,0.33935577,0.7209517,0.6907776,0.29266962,0.71947646,0.3123413,0.31754437,0.6951625,0.31275916,0.3021951,0.29962805,0.61322695,0.690099,0.28328824,0.3371547,0.0824578916512177
0.3134411600669269,0.36,0.8795232095320975,1.0,0.6979651364831616,1.0,1.0,0.6666666666666666,1.0,0.75,0.25,0.0,0.3333333333333333,0.75,1.0,0.75,0.0,0.6666666666666666,0.0,0.6666666666666666,0.3333333333333333,0.75,0.5,0.75,0.6730406,0.7000383,0.68971986,0.68227166,0.3350932,0.29620236,0.5989414,0.31029058,0.6592167,0.75338364,0.23332183,0.6880608,0.7153741,0.6577319,0.44228786,0.32283625,0.6847744,0.61651754,0.1444597613728193
0.0571667596207473,0.06,0.0,0.0991880356339056,0.6979651364831616,0.0,1.0,0.0,0.0,0.5,0.5,0.3333333333333333,0.0,0.25,0.6666666666666666,0.5,0.3333333333333333,0.6666666666666666,0.3333333333333333,0.3333333333333333,0.6666666666666666,0.75,0.75,0.5,0.60416716,0.0,0.0,0.070393264,0.9924202,0.96589345,0.0,0.92941004,0.07894339,0.030333944,0.70422006,0.084802836,0.007997241,0.055117056,1.0,0.90837693,0.028220585,0.1872203,0.0081919158308377
0.0499163413273842,0.2,1.0,0.619852032890937,0.6979651364831616,1.0,1.0,0.3333333333333333,0.0,0.5,0.75,0.0,0.6666666666666666,0.5,0.6666666666666666,0.5,0.3333333333333333,1.0,1.0,0.3333333333333333,0.3333333333333333,0.25,0.5,0.5,0.8014569,0.5188198,0.68553644,0.59916365,0.4658014,0.443346,0.59477025,0.5066326,0.56529343,0.53922296,0.66507494,0.53495187,0.54033357,0.5482244,0.30141237,0.46358076,0.5311786,0.5768323,0.0791462661025811
0.0030674846625766,0.04,1.0,0.619852032890937,0.6979651364831616,1.0,1.0,0.6666666666666666,0.0,0.75,0.5,0.3333333333333333,0.3333333333333333,0.5,0.6666666666666666,0.25,0.3333333333333333,0.6666666666666666,0.3333333333333333,0.3333333333333333,0.6666666666666666,0.5,0.5,0.5,0.6145859,0.44135073,0.5049757,0.47352195,0.56664705,0.5377877,0.41033852,0.5519265,0.4506232,0.48214272,0.49158034,0.46362448,0.4588357,0.44221815,0.58276856,0.5416905,0.44318113,0.46822378,0.0075581118980843
0.0699944227551589,0.04,0.0,0.619852032890937,0.6979651364831616,1.0,1.0,1.0,1.0,0.5,0.5,0.6666666666666666,0.6666666666666666,0.75,1.0,0.5,0.6666666666666666,0.6666666666666666,0.3333333333333333,1.0,0.6666666666666666,0.5,0.25,0.5,0.5505857,0.60944515,0.4912472,0.5893495,0.42460382,0.39267462,0.45637968,0.35770485,0.5796984,0.660629,0.16174935,0.62574506,0.6154703,0.56804645,0.67828107,0.38397148,0.59477365,0.5752284,0.0744085817052494
0.1042944785276073,0.22,0.8795232095320975,0.619852032890937,0.6979651364831616,1.0,1.0,0.0,0.0,0.5,0.5,0.3333333333333333,0.6666666666666666,0.5,0.6666666666666666,0.5,0.3333333333333333,1.0,0.3333333333333333,0.6666666666666666,0.6666666666666666,0.5,0.25,0.75,0.6104749,0.36981413,0.46445197,0.3947705,0.64980036,0.6169692,0.3225745,0.6407242,0.3642278,0.42471045,0.58092296,0.3836369,0.39347583,0.35818297,0.6125563,0.6249483,0.35956028,0.35420188,0.1193769707341034
0.2816508644729503,0.1,1.0,0.0991880356339056,0.6979651364831616,1.0,0.0,0.6666666666666666,0.0,0.75,0.75,0.3333333333333333,1.0,0.75,1.0,1.0,0.3333333333333333,0.6666666666666666,0.6666666666666666,0.3333333333333333,1.0,0.25,0.75,0.75,0.57339966,0.5029154,0.61978704,0.5470238,0.4828274,0.4861661,0.5113778,0.49114883,0.54613423,0.49791974,0.5965692,0.535937,0.5089616,0.54595387,0.48120156,0.46032408,0.50687635,0.60118735,0.1287731140371726
0.0047406581148912,0.1,0.0,0.0991880356339056,0.0,1.0,1.0,0.6666666666666666,0.0,0.75,0.25,0.0,0.3333333333333333,0.5,0.3333333333333333,0.75,0.6666666666666666,0.6666666666666666,0.6666666666666666,0.3333333333333333,0.6666666666666666,0.75,1.0,0.5,0.33205414,0.12627512,0.1591631,0.17967841,0.8708522,0.8416579,0.1443593,0.83421654,0.18499704,0.15353566,0.61271334,0.18640237,0.13874505,0.1707806,0.8043727,0.81484973,0.1595067,0.25240192,0.0033750059419118
0.0953708867819297,0.44,0.8795232095320975,1.0,0.6979651364831616,1.0,1.0,0.6666666666666666,0.0,1.0,1.0,0.3333333333333333,0.3333333333333333,0.25,0.6666666666666666,0.75,1.0,1.0,0.6666666666666666,0.6666666666666666,0.6666666666666666,0.5,0.75,0.75,0.8393313,0.81557584,0.79487467,0.83138365,0.18237178,0.1653247,0.8086102,0.17180733,0.8372616,0.8254652,0.19657044,0.8269656,0.8188488,0.8281302,0.30917177,0.17037882,0.82876354,0.85999244,0.1654228264486381
0.0404350250976017,0.18,1.0,0.619852032890937,0.6979651364831616,1.0,1.0,0.3333333333333333,0.0,0.75,0.75,0.0,0.3333333333333333,0.75,0.6666666666666666,0.25,0.0,0.3333333333333333,0.3333333333333333,0.3333333333333333,0.3333333333333333,0.25,0.75,0.75,0.6780155,0.412742,0.6141186,0.4778003,0.58172053,0.5669734,0.435334,0.62007624,0.4434201,0.4469749,0.7855999,0.42685467,0.43902296,0.42829728,0.42082974,0.57664627,0.40743622,0.44326186,0.0185704552296747
0.4121583937534858,0.48,0.0,0.619852032890937,0.6979651364831616,1.0,1.0,1.0,1.0,0.75,0.5,0.0,0.3333333333333333,0.5,0.6666666666666666,0.5,0.3333333333333333,0.6666666666666666,0.3333333333333333,0.6666666666666666,0.6666666666666666,0.75,0.5,0.5,0.66827714,0.51431984,0.5642913,0.5311108,0.50112677,0.46926573,0.4790302,0.4909821,0.51477915,0.560887,0.44295177,0.52410936,0.53455013,0.5052974,0.5135934,0.48198214,0.5084904,0.50353193,0.0847395858091299
0.1469604015616285,0.18,0.8795232095320975,1.0,0.6979651364831616,1.0,1.0,0.3333333333333333,1.0,0.25,0.5,0.3333333333333333,0.3333333333333333,0.5,0.6666666666666666,0.75,0.0,0.6666666666666666,0.3333333333333333,0.6666666666666666,0.6666666666666666,0.25,0.5,0.5,0.7350727,0.5402144,0.66492903,0.57069105,0.47294,0.4458482,0.52035666,0.4892069,0.53786683,0.5844652,0.55270106,0.5396775,0.562507,0.5304471,0.4153688,0.46692145,0.5313374,0.51549673,0.0613680657888482
0.1285554935861684,0.18,1.0,0.619852032890937,0.6979651364831616,1.0,1.0,0.0,0.0,0.25,0.5,0.3333333333333333,0.6666666666666666,0.5,0.6666666666666666,0.5,0.6666666666666666,0.6666666666666666,0.3333333333333333,0.0,0.6666666666666666,0.75,0.25,0.5,0.34869298,0.3104003,0.28696263,0.31216165,0.7119534,0.6768558,0.241347,0.6634028,0.31413874,0.356567,0.41547388,0.34153163,0.32467166,0.30461308,0.761983,0.6687148,0.316697,0.3279692,0.0478046616279254
0.1491912994980479,0.16,0.3801766679984392,0.619852032890937,0.6979651364831616,1.0,1.0,0.6666666666666666,0.0,0.0,0.75,0.6666666666666666,0.0,0.5,0.6666666666666666,0.25,0.3333333333333333,0.0,0.0,0.0,0.6666666666666666,1.0,0.5,0.5,0.36147732,0.22399011,0.13898432,0.21625045,0.8031666,0.7708614,0.11596545,0.72477716,0.23243149,0.26813117,0.41331863,0.27135682,0.2313745,0.21818042,0.93209374,0.73728335,0.22594765,0.26749423,0.0629684207190505
0.0744562186279977,0.2,0.8795232095320975,0.619852032890937,0.6979651364831616,1.0,1.0,0.3333333333333333,0.0,0.75,0.5,1.0,0.3333333333333333,0.5,0.6666666666666666,0.75,1.0,0.6666666666666666,0.3333333333333333,0.3333333333333333,0.6666666666666666,0.5,0.5,0.5,0.378062,0.5237137,0.32857314,0.5038043,0.49550697,0.46121222,0.40340367,0.39096403,0.53174776,0.54584426,0.06926714,0.5724757,0.51915795,0.52528983,0.79728794,0.4286165,0.53222466,0.5920944,0.1294386081665636
0.0250976017847183,0.16,0.8795232095320975,0.619852032890937,0.6979651364831616,1.0,1.0,0.3333333333333333,0.0,0.5,0.75,1.0,0.3333333333333333,0.5,0.6666666666666666,0.5,0.3333333333333333,0.6666666666666666,0.6666666666666666,0.0,0.6666666666666666,0.75,0.5,0.5,0.51726407,0.44068244,0.44346434,0.4692065,0.5581846,0.53831655,0.41609117,0.5213232,0.4734714,0.45702043,0.41683382,0.48360172,0.44804317,0.4687513,0.63585436,0.5154059,0.45180905,0.5308721,0.0452694458969117
0.058282208588957,0.1,1.0,1.0,0.6979651364831616,1.0,1.0,0.6666666666666666,0.0,0.5,0.75,0.3333333333333333,0.3333333333333333,0.5,0.6666666666666666,0.5,0.6666666666666666,0.6666666666666666,0.6666666666666666,0.6666666666666666,0.6666666666666666,0.75,0.75,0.5,0.7427189,0.66555166,0.70969677,0.6970913,0.33200654,0.31208304,0.66146916,0.33091152,0.68209314,0.6860057,0.3505219,0.6795915,0.67595,0.6751789,0.38513735,0.3215813,0.67593294,0.7041308,0.0221514474497314
0.1045733407696598,0.52,1.0,0.619852032890937,0.6979651364831616,1.0,1.0,0.0,0.0,0.25,0.5,0.3333333333333333,0.0,0.25,0.3333333333333333,0.75,1.0,0.6666666666666666,0.3333333333333333,0.3333333333333333,0.6666666666666666,0.75,0.25,0.5,0.42261758,0.32945687,0.25114253,0.33419946,0.69160646,0.6521009,0.2610767,0.62548256,0.34374166,0.37305608,0.33289176,0.36985284,0.33831733,0.32560295,0.79002154,0.63938755,0.34819892,0.37711373,0.2078401546481595
0.1246514221974344,0.32,0.3801766679984392,0.0991880356339056,0.6979651364831616,1.0,0.0,0.6666666666666666,0.0,0.75,0.25,0.6666666666666666,0.3333333333333333,0.5,0.6666666666666666,0.5,0.3333333333333333,1.0,0.3333333333333333,0.3333333333333333,0.6666666666666666,0.5,0.75,0.75,0.34941465,0.20456691,0.27776206,0.24595769,0.7917788,0.7761876,0.19620621,0.76145756,0.2504455,0.22180505,0.6555997,0.2610444,0.21882789,0.2499764,0.76382667,0.73795563,0.20918049,0.3155835,0.1033417312354423
0.1600669269380925,0.24,0.8795232095320975,1.0,0.6979651364831616,1.0,1.0,1.0,1.0,0.25,0.5,0.3333333333333333,0.6666666666666666,0.5,0.6666666666666666,0.5,0.6666666666666666,0.6666666666666666,0.3333333333333333,0.6666666666666666,0.3333333333333333,0.25,0.75,0.5,0.82095325,0.76660144,0.858914,0.79263395,0.23238474,0.21743286,0.7799909,0.26137474,0.77656966,0.786171,0.39025065,0.7608397,0.7816321,0.7708419,0.22359698,0.24082154,0.76619,0.762211,0.0987624978212989
0.0435025097601784,0.16,0.0,0.619852032890937,0.6979651364831616,1.0,1.0,0.3333333333333333,1.0,0.5,0.5,0.3333333333333333,0.3333333333333333,0.5,1.0,0.75,1.0,1.0,1.0,1.0,0.6666666666666666,0.5,0.25,0.5,0.7420058,0.60928524,0.49903613,0.60993195,0.40544844,0.37275273,0.5194684,0.33725217,0.6234837,0.64016294,0.17561103,0.6405417,0.60801184,0.6019198,0.6526686,0.35986957,0.62210727,0.6709407,0.0639666619131371
0.158393753485778,0.22,0.8795232095320975,1.0,0.6979651364831616,1.0,1.0,1.0,1.0,0.25,0.5,0.0,0.3333333333333333,0.5,0.3333333333333333,0.5,1.0,1.0,0.6666666666666666,1.0,1.0,0.0,1.0,0.75,0.9767938,0.8481982,1.0,0.91074306,0.13250096,0.119510315,0.94561416,0.19950062,0.88672584,0.8526486,0.47271872,0.83853316,0.86572987,0.87383944,0.0,0.15777299,0.85967654,0.8701803,0.1088241352537592
1.0,0.58,0.8795232095320975,1.0,0.6979651364831616,1.0,1.0,0.6666666666666666,0.0,0.25,0.75,0.3333333333333333,0.3333333333333333,0.5,0.6666666666666666,0.75,0.3333333333333333,1.0,1.0,1.0,0.6666666666666666,0.75,1.0,0.75,1.0,0.9001038,0.9864089,0.955628,0.0724411,0.07164066,1.0,0.11768335,0.963987,0.8801625,0.3761153,0.9083078,0.90485406,0.95159113,0.033541,0.08029661,0.9214069,0.9887462,0.6163109442094088
