size_D,duration_D,app,har,dba,ifc,source,nlan,telonuse,t01,t02,t03,t04,t05,t06,t07,t08,t09,t10,t11,t12,t13,t14,t15,Generated_Var_1,Generated_Var_2,Generated_Var_3,effort_D
0.143335192414947,0.2,0.0,0.0,0.6979651364831616,0.0,0.0,0.0,0.0,1.0,0.5,0.3333333333333333,0.0,0.5,1.0,0.75,0.6666666666666666,0.3333333333333333,0.3333333333333333,0.0,0.6666666666666666,0.5,1.0,0.5,0.48267284,0.96578217,0.27064383,0.0075898020947219
0.1670384829894032,0.24,1.0,0.619852032890937,0.6979651364831616,1.0,1.0,0.6666666666666666,0.0,0.75,0.5,1.0,0.3333333333333333,0.5,0.6666666666666666,0.75,1.0,0.6666666666666666,1.0,0.6666666666666666,0.6666666666666666,0.75,0.75,1.0,0.4698302,0.18345559,0.7149477,0.1154790765476699
0.0228667038482989,0.02,1.0,0.619852032890937,0.6979651364831616,1.0,1.0,0.6666666666666666,0.0,0.25,0.5,0.3333333333333333,0.3333333333333333,0.5,0.6666666666666666,0.25,0.0,0.6666666666666666,0.3333333333333333,0.6666666666666666,0.6666666666666666,0.75,0.75,0.75,0.81061333,0.3172271,0.36482227,0.0041514157595347
0.0574456218627997,0.08,0.0,0.619852032890937,0.6979651364831616,1.0,1.0,0.3333333333333333,0.0,0.5,0.5,0.0,0.3333333333333333,0.5,1.0,0.25,0.3333333333333333,0.6666666666666666,1.0,0.6666666666666666,0.3333333333333333,0.25,0.5,0.5,0.4721691,0.6110562,0.39998254,0.0276813867630048
0.2810931399888455,0.24,0.8795232095320975,0.619852032890937,0.6979651364831616,1.0,1.0,0.6666666666666666,0.0,0.25,0.25,0.6666666666666666,0.0,0.25,0.0,0.5,1.0,0.6666666666666666,0.6666666666666666,1.0,0.6666666666666666,0.5,0.25,0.5,0.55384386,0.62876344,0.4902444,0.3278192391183787
0.0934188510875627,0.16,1.0,0.619852032890937,0.6979651364831616,1.0,1.0,0.3333333333333333,0.0,0.5,0.5,0.3333333333333333,0.6666666666666666,0.5,0.6666666666666666,0.75,0.3333333333333333,0.6666666666666666,0.6666666666666666,0.3333333333333333,0.6666666666666666,1.0,0.75,0.75,0.79707307,0.1070548,0.49896914,0.0576920029788784
0.0828220858895705,0.16,1.0,1.0,0.6979651364831616,1.0,1.0,1.0,1.0,0.25,0.5,0.3333333333333333,0.3333333333333333,0.5,0.6666666666666666,0.25,0.0,0.6666666666666666,0.6666666666666666,0.6666666666666666,0.6666666666666666,0.75,1.0,0.75,0.53718203,0.56476086,0.41938728,0.035540555529147
0.0448968209704406,0.46,1.0,0.619852032890937,0.6979651364831616,1.0,1.0,0.3333333333333333,0.0,0.75,0.5,1.0,0.6666666666666666,0.5,0.3333333333333333,0.5,1.0,1.0,1.0,0.3333333333333333,0.6666666666666666,0.75,0.25,0.5,0.45182833,0.24709064,0.66427267,0.1067484273739918
0.0886781929726715,0.4,1.0,0.619852032890937,0.6979651364831616,1.0,1.0,0.0,0.0,0.25,0.5,0.3333333333333333,0.0,0.25,0.3333333333333333,0.75,1.0,0.6666666666666666,0.3333333333333333,0.3333333333333333,0.3333333333333333,0.5,0.25,0.5,0.88223547,0.3649386,0.3564516,0.1353488298394891
0.3159509202453988,1.0,1.0,0.8249376887731341,1.0,1.0,0.0,0.3333333333333333,0.0,0.75,0.5,0.3333333333333333,0.0,0.0,0.3333333333333333,0.75,1.0,0.3333333333333333,0.0,0.0,0.0,0.5,0.75,0.25,0.58303064,1.0,0.29214126,0.1793189776742564
0.0370886781929726,0.18,0.0,0.619852032890937,0.6979651364831616,1.0,1.0,0.3333333333333333,0.0,0.25,0.5,0.0,0.3333333333333333,0.5,0.6666666666666666,0.25,1.0,0.3333333333333333,0.6666666666666666,0.0,0.3333333333333333,0.25,0.5,0.5,0.567392,0.76413316,0.2546575,0.0588962304511099
0.1926938092582264,0.34,1.0,0.0991880356339056,0.6979651364831616,1.0,0.0,0.0,0.0,1.0,0.5,0.6666666666666666,0.0,0.5,0.0,0.5,0.3333333333333333,0.3333333333333333,0.0,0.0,0.0,0.0,0.0,0.25,0.8490123,0.74828666,0.099977605,0.0565194657032846
0.0167317345231455,0.06,0.8795232095320975,0.0,0.6979651364831616,1.0,1.0,0.3333333333333333,0.0,0.25,0.25,0.0,0.6666666666666666,0.5,0.6666666666666666,0.0,0.6666666666666666,0.6666666666666666,0.3333333333333333,0.6666666666666666,0.6666666666666666,0.0,1.0,0.0,0.3937241,0.68639183,0.6259814,0.0050228961670707
0.0,0.12,0.8795232095320975,0.0991880356339056,0.6979651364831616,1.0,1.0,0.6666666666666666,0.0,0.25,0.5,0.3333333333333333,0.6666666666666666,0.25,0.3333333333333333,0.25,0.6666666666666666,0.6666666666666666,0.3333333333333333,1.0,0.3333333333333333,0.5,0.75,0.25,0.57978755,0.55083716,0.49231702,0.0
0.0560513106525376,0.3,0.0,0.619852032890937,0.6979651364831616,1.0,1.0,0.3333333333333333,0.0,0.25,0.5,0.0,0.6666666666666666,0.5,0.6666666666666666,0.5,1.0,0.6666666666666666,0.3333333333333333,0.3333333333333333,0.6666666666666666,0.25,0.75,0.5,0.46301162,0.5306307,0.5470705,0.0314049848679311
0.0900725041829336,0.14,1.0,0.619852032890937,0.6979651364831616,1.0,1.0,0.3333333333333333,0.0,0.5,0.75,0.3333333333333333,0.3333333333333333,0.5,0.6666666666666666,0.5,0.3333333333333333,1.0,1.0,0.0,0.6666666666666666,0.5,0.5,0.5,0.72435,0.2814151,0.44961965,0.0548874205764446
0.0454545454545454,0.18,1.0,0.619852032890937,0.6979651364831616,1.0,1.0,0.0,0.0,0.25,0.5,0.0,0.6666666666666666,0.5,0.6666666666666666,0.75,0.6666666666666666,0.6666666666666666,0.3333333333333333,0.0,0.6666666666666666,0.5,0.5,0.5,0.86377895,0.1537204,0.47195765,0.0148468571247484
0.5022308979364194,0.56,1.0,0.619852032890937,0.6979651364831616,1.0,1.0,1.0,1.0,0.75,0.0,0.3333333333333333,0.3333333333333333,0.5,1.0,0.75,1.0,0.6666666666666666,0.6666666666666666,0.6666666666666666,0.6666666666666666,0.5,0.5,0.75,0.049507793,0.60139066,0.8762515,0.4013088051211357
0.6787506971556051,0.68,1.0,0.619852032890937,0.6979651364831616,1.0,1.0,1.0,1.0,0.75,0.5,0.6666666666666666,0.3333333333333333,0.75,1.0,1.0,0.6666666666666666,1.0,0.6666666666666666,1.0,1.0,0.5,0.0,0.75,0.20384707,0.17577639,1.0,0.5815626435962035
0.1076408254322364,0.72,0.8795232095320975,1.0,0.6979651364831616,1.0,1.0,1.0,0.0,0.5,0.25,0.3333333333333333,0.3333333333333333,0.5,0.3333333333333333,0.75,1.0,0.6666666666666666,0.6666666666666666,0.6666666666666666,0.6666666666666666,0.75,0.25,0.5,0.4539767,0.5472085,0.5795185,0.2292627275752246
0.0680423870607919,0.5,1.0,0.619852032890937,0.6979651364831616,1.0,1.0,0.6666666666666666,0.0,0.75,0.5,0.6666666666666666,0.6666666666666666,0.75,0.3333333333333333,0.5,0.6666666666666666,1.0,1.0,0.3333333333333333,0.6666666666666666,0.75,0.25,0.5,0.45145383,0.31248847,0.62995446,0.1656763480217394
0.8103736754043502,0.2,0.8795232095320975,1.0,0.6979651364831616,1.0,1.0,1.0,0.0,0.75,0.75,0.0,0.3333333333333333,0.5,0.6666666666666666,0.75,0.3333333333333333,0.6666666666666666,0.6666666666666666,1.0,0.3333333333333333,0.25,0.5,0.5,0.36459494,0.48607248,0.67482495,0.2838966265785679
0.071388733965421,0.2,1.0,1.0,0.6979651364831616,1.0,1.0,0.0,0.0,0.75,0.5,0.0,0.6666666666666666,0.5,0.6666666666666666,0.75,0.6666666666666666,1.0,0.6666666666666666,0.3333333333333333,0.6666666666666666,0.25,0.75,0.5,0.5301201,0.18077402,0.74178225,0.1392150338292849
0.0850529838259899,0.48,1.0,0.0991880356339056,0.6979651364831616,1.0,0.0,0.0,0.0,0.75,0.5,0.0,0.3333333333333333,0.25,0.6666666666666666,0.25,0.6666666666666666,0.6666666666666666,0.6666666666666666,0.0,0.0,0.5,0.5,0.5,0.7179062,0.5795972,0.25928533,0.1045934940026302
0.1447295036252091,0.24,1.0,0.619852032890937,0.6979651364831616,1.0,1.0,1.0,1.0,0.25,0.25,0.0,0.6666666666666666,0.5,0.6666666666666666,0.75,0.6666666666666666,1.0,1.0,1.0,0.6666666666666666,0.25,0.25,0.75,0.33488777,0.29950464,0.76851803,0.1562960498169891
0.1168432794199665,0.18,1.0,0.619852032890937,0.6979651364831616,1.0,1.0,0.6666666666666666,1.0,0.75,0.5,0.6666666666666666,0.3333333333333333,0.5,0.6666666666666666,0.5,0.3333333333333333,0.6666666666666666,0.6666666666666666,0.3333333333333333,0.3333333333333333,0.25,0.5,0.5,0.43863449,0.603264,0.48979962,0.071572309106178
0.9258226436140546,0.82,1.0,0.619852032890937,0.6979651364831616,1.0,1.0,0.6666666666666666,0.0,0.75,0.5,0.3333333333333333,0.6666666666666666,0.5,0.6666666666666666,0.75,1.0,0.6666666666666666,0.6666666666666666,0.6666666666666666,0.6666666666666666,0.75,0.25,0.75,0.32578358,0.29721478,0.8238447,1.0
0.0571667596207473,0.0,0.8795232095320975,0.619852032890937,0.6979651364831616,1.0,1.0,0.3333333333333333,1.0,0.5,0.5,0.3333333333333333,0.6666666666666666,0.5,1.0,0.25,0.6666666666666666,0.6666666666666666,0.3333333333333333,0.0,0.6666666666666666,0.75,0.25,0.75,0.55599385,0.15109368,0.54036534,0.0169225650045158
0.041271611823759,0.12,0.2389808690832257,1.0,0.6979651364831616,1.0,1.0,0.6666666666666666,1.0,0.0,0.75,0.0,0.3333333333333333,0.5,1.0,0.25,0.3333333333333333,0.0,0.3333333333333333,0.0,0.6666666666666666,0.25,0.75,0.5,0.73096555,0.70129645,0.15216866,0.01373770024243
0.0382041271611823,0.16,0.0,0.619852032890937,0.6979651364831616,1.0,1.0,1.0,0.0,0.5,0.75,0.0,0.3333333333333333,0.5,1.0,0.5,1.0,0.3333333333333333,0.3333333333333333,0.3333333333333333,0.6666666666666666,0.75,1.0,0.5,0.4329007,0.58440477,0.5186662,0.0184120042464863
0.0945343000557724,0.04,0.8795232095320975,0.619852032890937,0.6979651364831616,1.0,1.0,0.3333333333333333,0.0,0.25,0.75,0.3333333333333333,0.0,0.25,0.3333333333333333,0.5,0.6666666666666666,1.0,0.6666666666666666,0.6666666666666666,0.6666666666666666,0.5,0.5,0.75,0.81760794,0.22824664,0.4529784,0.0192517944573846
0.1065253764640267,0.48,0.3801766679984392,0.619852032890937,0.6979651364831616,1.0,1.0,0.3333333333333333,0.0,0.0,0.5,0.3333333333333333,0.3333333333333333,0.5,0.3333333333333333,0.75,1.0,0.3333333333333333,0.0,0.3333333333333333,0.3333333333333333,0.5,0.75,0.5,0.75381416,0.60378796,0.31419915,0.0376162634089144
0.0435025097601784,0.04,1.0,0.619852032890937,0.6979651364831616,1.0,1.0,0.3333333333333333,0.0,0.5,0.75,0.0,0.3333333333333333,0.5,0.6666666666666666,0.5,0.6666666666666666,0.3333333333333333,0.6666666666666666,0.0,0.6666666666666666,0.5,0.5,0.5,0.88490987,0.23108867,0.3640289,0.0060211373611573
0.0064138315672058,0.04,1.0,0.619852032890937,0.6979651364831616,1.0,1.0,0.0,0.0,0.5,0.5,0.3333333333333333,0.6666666666666666,0.5,0.6666666666666666,0.25,0.3333333333333333,0.6666666666666666,0.0,0.3333333333333333,0.6666666666666666,0.25,0.75,0.5,0.72894526,0.2499688,0.50803876,0.0102993139072427
0.2208588957055214,0.04,0.0,1.0,0.6979651364831616,0.0,0.0,0.6666666666666666,0.0,0.75,0.25,0.6666666666666666,0.3333333333333333,1.0,0.6666666666666666,0.75,1.0,1.0,0.6666666666666666,0.3333333333333333,1.0,0.75,0.75,1.0,0.0,0.74085057,0.6203776,0.0421004262331447
0.4461795872838817,0.14,1.0,1.0,0.6979651364831616,0.0,0.0,1.0,0.0,0.75,0.25,0.6666666666666666,0.3333333333333333,1.0,0.6666666666666666,1.0,0.3333333333333333,1.0,1.0,0.6666666666666666,1.0,0.5,0.75,1.0,0.17709485,0.6481265,0.65366125,0.1492132908684698
0.2752370329057446,0.08,1.0,1.0,0.6979651364831616,0.0,0.0,1.0,0.0,0.75,0.25,0.6666666666666666,0.3333333333333333,1.0,0.6666666666666666,1.0,0.3333333333333333,1.0,1.0,0.6666666666666666,1.0,0.5,0.75,1.0,0.22308546,0.6110276,0.63153386,0.0985089762481976
0.139431121026213,0.36,0.8795232095320975,0.619852032890937,0.6979651364831616,1.0,1.0,0.0,0.0,0.5,0.5,0.6666666666666666,0.0,0.5,0.3333333333333333,0.5,0.6666666666666666,0.3333333333333333,0.3333333333333333,0.3333333333333333,0.6666666666666666,0.75,0.5,0.5,0.88155353,0.36826122,0.32858023,0.0517659362076341
0.5593976575571667,0.54,0.8795232095320975,1.0,0.6979651364831616,1.0,1.0,0.6666666666666666,1.0,0.75,0.5,0.6666666666666666,0.6666666666666666,0.75,0.6666666666666666,0.5,0.6666666666666666,0.6666666666666666,0.6666666666666666,1.0,1.0,0.75,0.5,0.75,0.21589334,0.17560461,0.8893828,0.2125936841438101
0.0708310094813162,0.44,0.3801766679984392,0.619852032890937,0.6979651364831616,1.0,1.0,0.3333333333333333,0.0,0.25,0.5,0.0,0.6666666666666666,0.5,0.6666666666666666,0.5,0.6666666666666666,0.3333333333333333,0.3333333333333333,0.3333333333333333,0.3333333333333333,0.25,0.75,0.5,0.66610944,0.5809459,0.3533735,0.0824578916512177
0.3134411600669269,0.36,0.8795232095320975,1.0,0.6979651364831616,1.0,1.0,0.6666666666666666,1.0,0.75,0.25,0.0,0.3333333333333333,0.75,1.0,0.75,0.0,0.6666666666666666,0.0,0.6666666666666666,0.3333333333333333,0.75,0.5,0.75,0.4419035,0.36170554,0.60647583,0.1444597613728193
0.0571667596207473,0.06,0.0,0.0991880356339056,0.6979651364831616,0.0,1.0,0.0,0.0,0.5,0.5,0.3333333333333333,0.0,0.25,0.6666666666666666,0.5,0.3333333333333333,0.6666666666666666,0.3333333333333333,0.3333333333333333,0.6666666666666666,0.75,0.75,0.5,0.6856819,0.8580097,0.15876922,0.0081919158308377
0.0499163413273842,0.2,1.0,0.619852032890937,0.6979651364831616,1.0,1.0,0.3333333333333333,0.0,0.5,0.75,0.0,0.6666666666666666,0.5,0.6666666666666666,0.5,0.3333333333333333,1.0,1.0,0.3333333333333333,0.3333333333333333,0.25,0.5,0.5,0.6660273,0.24898255,0.50109565,0.0791462661025811
0.0030674846625766,0.04,1.0,0.619852032890937,0.6979651364831616,1.0,1.0,0.6666666666666666,0.0,0.75,0.5,0.3333333333333333,0.3333333333333333,0.5,0.6666666666666666,0.25,0.3333333333333333,0.6666666666666666,0.3333333333333333,0.3333333333333333,0.6666666666666666,0.5,0.5,0.5,0.6205814,0.41282392,0.4758108,0.0075581118980843
0.0699944227551589,0.04,0.0,0.619852032890937,0.6979651364831616,1.0,1.0,1.0,1.0,0.5,0.5,0.6666666666666666,0.6666666666666666,0.75,1.0,0.5,0.6666666666666666,0.6666666666666666,0.3333333333333333,1.0,0.6666666666666666,0.5,0.25,0.5,0.15022819,0.4242204,0.73447895,0.0744085817052494
0.1042944785276073,0.22,0.8795232095320975,0.619852032890937,0.6979651364831616,1.0,1.0,0.0,0.0,0.5,0.5,0.3333333333333333,0.6666666666666666,0.5,0.6666666666666666,0.5,0.3333333333333333,1.0,0.3333333333333333,0.6666666666666666,0.6666666666666666,0.5,0.25,0.75,0.7373618,0.0,0.5928754,0.1193769707341034
0.2816508644729503,0.1,1.0,0.0991880356339056,0.6979651364831616,1.0,0.0,0.6666666666666666,0.0,0.75,0.75,0.3333333333333333,1.0,0.75,1.0,1.0,0.3333333333333333,0.6666666666666666,0.6666666666666666,0.3333333333333333,1.0,0.25,0.75,0.75,0.64857394,0.013475843,0.7233854,0.1287731140371726
0.0047406581148912,0.1,0.0,0.0991880356339056,0.0,1.0,1.0,0.6666666666666666,0.0,0.75,0.25,0.0,0.3333333333333333,0.5,0.3333333333333333,0.75,0.6666666666666666,0.6666666666666666,0.6666666666666666,0.3333333333333333,0.6666666666666666,0.75,1.0,0.5,0.6272426,0.5210193,0.4395444,0.0033750059419118
0.0953708867819297,0.44,0.8795232095320975,1.0,0.6979651364831616,1.0,1.0,0.6666666666666666,0.0,1.0,1.0,0.3333333333333333,0.3333333333333333,0.25,0.6666666666666666,0.75,1.0,1.0,0.6666666666666666,0.6666666666666666,0.6666666666666666,0.5,0.75,0.75,0.48795432,0.13184725,0.7827101,0.1654228264486381
0.0404350250976017,0.18,1.0,0.619852032890937,0.6979651364831616,1.0,1.0,0.3333333333333333,0.0,0.75,0.75,0.0,0.3333333333333333,0.75,0.6666666666666666,0.25,0.0,0.3333333333333333,0.3333333333333333,0.3333333333333333,0.3333333333333333,0.25,0.75,0.75,0.88592255,0.29248998,0.3040882,0.0185704552296747
0.4121583937534858,0.48,0.0,0.619852032890937,0.6979651364831616,1.0,1.0,1.0,1.0,0.75,0.5,0.0,0.3333333333333333,0.5,0.6666666666666666,0.5,0.3333333333333333,0.6666666666666666,0.3333333333333333,0.6666666666666666,0.6666666666666666,0.75,0.5,0.5,0.27484676,0.7154442,0.55413073,0.0847395858091299
0.1469604015616285,0.18,0.8795232095320975,1.0,0.6979651364831616,1.0,1.0,0.3333333333333333,1.0,0.25,0.5,0.3333333333333333,0.3333333333333333,0.5,0.6666666666666666,0.75,0.0,0.6666666666666666,0.3333333333333333,0.6666666666666666,0.6666666666666666,0.25,0.5,0.5,0.71506566,0.33901852,0.4578147,0.0613680657888482
0.1285554935861684,0.18,1.0,0.619852032890937,0.6979651364831616,1.0,1.0,0.0,0.0,0.25,0.5,0.3333333333333333,0.6666666666666666,0.5,0.6666666666666666,0.5,0.6666666666666666,0.6666666666666666,0.3333333333333333,0.0,0.6666666666666666,0.75,0.25,0.5,0.8225373,0.12851031,0.439348,0.0478046616279254
0.1491912994980479,0.16,0.3801766679984392,0.619852032890937,0.6979651364831616,1.0,1.0,0.6666666666666666,0.0,0.0,0.75,0.6666666666666666,0.0,0.5,0.6666666666666666,0.25,0.3333333333333333,0.0,0.0,0.0,0.6666666666666666,1.0,0.5,0.5,1.0,0.62775284,0.0,0.0629684207190505
0.0744562186279977,0.2,0.8795232095320975,0.619852032890937,0.6979651364831616,1.0,1.0,0.3333333333333333,0.0,0.75,0.5,1.0,0.3333333333333333,0.5,0.6666666666666666,0.75,1.0,0.6666666666666666,0.3333333333333333,0.3333333333333333,0.6666666666666666,0.5,0.5,0.5,0.5145181,0.28821924,0.66541976,0.1294386081665636
0.0250976017847183,0.16,0.8795232095320975,0.619852032890937,0.6979651364831616,1.0,1.0,0.3333333333333333,0.0,0.5,0.75,1.0,0.3333333333333333,0.5,0.6666666666666666,0.5,0.3333333333333333,0.6666666666666666,0.6666666666666666,0.0,0.6666666666666666,0.75,0.5,0.5,0.8034193,0.31200624,0.34235075,0.0452694458969117
0.058282208588957,0.1,1.0,1.0,0.6979651364831616,1.0,1.0,0.6666666666666666,0.0,0.5,0.75,0.3333333333333333,0.3333333333333333,0.5,0.6666666666666666,0.5,0.6666666666666666,0.6666666666666666,0.6666666666666666,0.6666666666666666,0.6666666666666666,0.75,0.75,0.5,0.59688544,0.22950387,0.5867751,0.0221514474497314
0.1045733407696598,0.52,1.0,0.619852032890937,0.6979651364831616,1.0,1.0,0.0,0.0,0.25,0.5,0.3333333333333333,0.0,0.25,0.3333333333333333,0.75,1.0,0.6666666666666666,0.3333333333333333,0.3333333333333333,0.6666666666666666,0.75,0.25,0.5,0.92531776,0.2902506,0.39126778,0.2078401546481595
0.1246514221974344,0.32,0.3801766679984392,0.0991880356339056,0.6979651364831616,1.0,0.0,0.6666666666666666,0.0,0.75,0.25,0.6666666666666666,0.3333333333333333,0.5,0.6666666666666666,0.5,0.3333333333333333,1.0,0.3333333333333333,0.3333333333333333,0.6666666666666666,0.5,0.75,0.75,0.40925,0.6723177,0.49543345,0.1033417312354423
0.1600669269380925,0.24,0.8795232095320975,1.0,0.6979651364831616,1.0,1.0,1.0,1.0,0.25,0.5,0.3333333333333333,0.6666666666666666,0.5,0.6666666666666666,0.5,0.6666666666666666,0.6666666666666666,0.3333333333333333,0.6666666666666666,0.3333333333333333,0.25,0.75,0.5,0.28452554,0.6360223,0.60378355,0.0987624978212989
0.0435025097601784,0.16,0.0,0.619852032890937,0.6979651364831616,1.0,1.0,0.3333333333333333,1.0,0.5,0.5,0.3333333333333333,0.3333333333333333,0.5,1.0,0.75,1.0,1.0,1.0,1.0,0.6666666666666666,0.5,0.25,0.5,0.21554095,0.26054204,0.80808765,0.0639666619131371
0.158393753485778,0.22,0.8795232095320975,1.0,0.6979651364831616,1.0,1.0,1.0,1.0,0.25,0.5,0.0,0.3333333333333333,0.5,0.3333333333333333,0.5,1.0,1.0,0.6666666666666666,1.0,1.0,0.0,1.0,0.75,0.22678038,0.4798567,0.8490226,0.1088241352537592
1.0,0.58,0.8795232095320975,1.0,0.6979651364831616,1.0,1.0,0.6666666666666666,0.0,0.25,0.75,0.3333333333333333,0.3333333333333333,0.5,0.6666666666666666,0.75,0.3333333333333333,1.0,1.0,1.0,0.6666666666666666,0.75,1.0,0.75,0.38469395,0.39842916,0.7297465,0.6163109442094088
