AFP,Input,Output,Enquiry,Added,PDR_UFP,Dev.Type,N_effort,Effort
0.0059380457,-0.006131625,0.05214601,0.07441003,-0.006716893,0.33489594,-0.00047874916,0.13409081,0.1157469
0.00812776,-0.0028493144,0.023389507,0.022674043,0.0072779926,0.27803552,-0.0007683933,0.0300707,0.027072852
0.014811221,0.017687855,-0.0021793558,0.054189313,0.012634254,0.10266478,-0.0012486689,0.04707422,0.040938117
0.03370482,0.016469235,0.06810082,0.13932623,0.037626714,0.050084494,-0.0011235811,0.065684006,0.06368826
0.04498817,0.03655251,0.06170923,0.097649015,0.05008322,0.10040627,-0.0005629808,0.1414029,0.12608562
0.026330221,0.019768434,0.05543646,0.063396715,0.017006759,0.070139974,0.00011366792,0.10273695,0.08583574
0.012196947,0.007059913,0.041648015,-0.011177201,0.012056753,0.11012639,-0.00027875789,0.036755566,0.026369495
0.0076115634,0.0028738584,0.025288403,0.029467037,0.010047443,0.14363077,-0.0008591339,0.04889424,0.0472196
0.022796277,0.024685962,0.06708091,-0.02108163,0.011124312,0.14980507,-0.00159413,0.11513593,0.1144708
0.008294504,-0.0041604172,0.055569585,-0.020377927,-0.001153233,0.23989022,-0.0008197287,0.11019619,0.11137451
0.016672743,0.002089657,0.075863175,0.004593778,0.030555394,0.13062611,-0.001394608,0.04252892,0.04758222
0.023715675,0.0033487026,0.068490595,0.04046673,0.038594827,0.16225363,-0.0015469212,0.055711314,0.06099285
0.012008926,0.009763844,-0.00928628,0.048316795,0.011944426,0.029607788,-0.0012466926,0.0038027763,0.0013612867
0.008518908,0.0047785677,0.002810468,0.05752295,0.009390307,0.06638113,-0.0011093635,0.03495823,0.02224672
0.009050604,0.0017121565,0.022300918,0.023167942,0.0059577716,0.072603285,-0.00070479326,0.01593183,0.008477818
0.0133488225,0.0157102,-0.0063662003,0.014018666,0.009634519,0.104507655,-0.0014845431,0.047283582,0.03978494
0.016107287,0.014072904,0.014225167,0.028300395,0.022614941,0.06549015,-0.0012089172,0.030136183,0.026728818
0.010987374,0.013539417,-0.03648181,0.047168545,0.005235569,0.17062855,-0.0011656601,0.0668599,0.058023274
0.00471198,0.00233992,0.008517244,-0.0065455637,0.004993162,0.06050944,-0.0018144818,0.011378795,0.007102272
0.0077394787,0.0040760674,0.01420422,-0.016634084,0.0049538133,0.03984552,-0.0025760913,0.005310964,0.0022946675
0.0056464933,0.0031937584,0.01583691,-0.0039239456,0.0054151886,0.09444395,-0.0014887275,0.023832353,0.013853466
0.01710691,0.019245138,0.0042791124,0.0345458,0.0020262923,0.10830997,-0.0009403173,0.036339227,0.0386398
0.011457287,0.0028598886,0.059699286,0.055735525,-0.0025069504,0.10917324,-0.0013594674,0.08160415,0.070498936
0.0062949955,2.4605542e-06,0.007810927,0.049416434,0.0060457727,0.037141614,-0.0007155379,0.014484517,0.009971175
0.01744046,0.016823182,0.023024432,0.03324008,0.011932905,0.10767693,-0.000839998,0.04090729,0.035961457
0.017674262,0.0035414845,0.017145872,0.07954998,0.01254148,0.13050614,0.00056171045,0.05349035,0.05236742
0.032271665,0.015284607,0.054880094,0.09766903,0.02904723,0.051674757,-0.0012572492,0.04147434,0.04610538
0.017429572,0.008403873,0.04641897,0.050617553,0.02056322,0.055518787,-0.0022425586,0.022987736,0.022259483
-0.004944194,-0.007073108,0.026824445,0.021183768,0.00063986424,0.09749929,-0.00050301757,0.025499236,0.024526292
0.008360734,-0.0020456705,0.053098742,-0.0092487,0.01511182,0.10408676,-0.0017234059,0.019836074,0.021537893
0.017915944,0.015756732,0.039192166,0.0566081,0.01825346,0.071799904,-0.00025404058,0.051004075,0.043910585
0.046173576,0.042762443,0.063716896,0.06529234,0.0464049,0.11143823,-0.0007143682,0.17450234,0.15439117
0.018638667,0.012950895,0.0023394404,0.10705669,0.016885296,0.22052768,-0.0006368784,0.12746805,0.113315836
0.021335255,0.012816569,0.0687055,-0.020227138,0.01881755,0.08326466,-0.00047446135,0.031920925,0.03193395
0.022020679,0.019625248,0.0023290701,0.08505483,0.019232057,0.06351749,-0.00076816604,0.046354473,0.038765915
0.004193248,0.0033529159,0.022861533,0.002051626,-0.009271983,0.1712094,-0.0019469336,0.018104509,0.010580812
0.0067817867,0.008661481,0.01814885,0.008605785,-0.0020270902,0.19788054,-0.0008947514,0.037303656,0.043676972
0.008165266,0.008374818,0.0012175152,0.021992585,0.011551561,0.075634226,-0.0015164064,0.012572575,0.013319401
0.007016778,-0.0021687467,0.036411285,0.038152643,0.009665446,0.14398757,-0.00026784278,0.0561192,0.046230935
0.0026180688,-0.00014411844,0.011024446,0.010684765,0.00743082,0.062198717,-0.0013164179,0.013328109,0.008143345
0.004965272,0.0065818373,0.010645575,0.02186805,0.000210742,0.11459723,-0.0009784764,0.03659066,0.03749637
0.0056032557,0.0033475943,0.01701577,0.036294617,0.004431222,0.08256559,-0.00039106328,0.036217496,0.03285594
0.023855738,0.014751894,0.04330705,0.09479809,0.0045036958,0.028328989,-0.0012933612,0.037407216,0.023618998
0.0047692023,-0.0027719755,0.019000415,0.0074964827,0.0042222305,0.2177563,-0.00043865386,0.02533828,0.033284277
0.0151975,0.006839456,0.023433425,0.04249474,0.018718526,0.12798752,-0.0005242033,0.059070922,0.0555647
0.0019739438,-0.0036555175,0.0460172,0.0048278505,-0.0048720585,0.10238759,-0.0008995915,0.029688744,0.024020476
0.010751593,0.0070430376,0.027487107,0.13077798,0.014268292,0.34551695,0.00053301547,0.23539193,0.21604283
0.013770109,0.011213535,0.012343577,0.019161541,0.02067261,0.045782614,-0.0021130163,0.009554554,0.0102614835
-0.0019758549,0.0045440625,0.018716604,-0.014749473,-0.0051526465,0.035072483,-0.001851541,0.041559834,0.032924406
0.04322743,0.038346723,0.04936877,0.07848306,0.051884696,0.19468129,-0.0011510607,0.22414002,0.19815277
0.0066097826,0.007220773,0.00884108,0.044472896,0.0018551201,0.052229296,-0.001262188,0.011803787,0.0072771176
0.0035605691,0.00027489476,-0.014024711,0.09785387,0.00021974277,0.05363617,-0.0013619894,-0.00071758404,-0.0011830903
0.014213744,0.012030518,-0.005237527,0.02718766,0.020880358,0.13347334,-0.0007792236,0.08329951,0.067894846
0.011924126,0.000849165,0.06893268,-0.009451419,0.012501836,0.32699552,-0.0015213611,0.022194384,0.019391097
0.009541096,0.0059731826,0.01317302,0.02606074,0.0040238076,0.09349826,-0.0014930079,0.03568258,0.02130547
0.018978616,0.010427637,0.051473208,0.033885013,0.019360889,0.047740243,-0.0014084168,0.02173046,0.022203377
0.01765791,0.0032786336,0.061715137,0.09553784,0.019199172,0.13327014,8.272659e-05,0.09548772,0.08244966
0.010886061,0.0062738247,0.04946828,-0.034052756,0.012151504,0.059925538,-0.0010797558,0.011616278,0.014747422
0.013943977,0.011404688,-0.0024084123,0.063651,0.01611976,0.21239296,-0.0014065839,0.07872856,0.0707532
0.02220085,0.014165318,0.046180848,0.027100673,0.028746484,0.093189314,-0.0021957569,0.046143755,0.04601775
0.0074691027,-0.00039586797,0.048755568,-0.016431266,0.009850518,0.082240984,-0.00036105607,0.017945468,0.016528321
0.00043605827,-0.00063989125,0.003856711,-0.0027107191,0.0010334305,0.13964519,-0.0015684767,0.016148832,0.017686518
0.009979159,0.004219657,0.05124389,0.09427081,-0.0021038386,0.13094378,-0.00029879622,0.16149566,0.13599642
0.043099016,0.0443106,0.043295253,0.077631846,0.046841145,0.10776299,-0.0007163882,0.14942789,0.14017415
0.007123748,0.0076462775,-0.0039525707,0.017821373,0.0042150524,0.09842476,-0.0014258316,0.01306117,0.0129636135
0.00723421,0.0042421017,0.034928724,0.020241192,0.006188129,0.10044926,-0.0011415323,0.022255978,0.022727435
0.03312041,0.019974912,0.081601165,0.028350841,0.041662946,0.045731813,-0.0019779326,0.051111598,0.04961329
0.0039041508,0.004551936,0.05192221,-0.025002152,-0.007582817,0.18299031,-0.0021900078,0.062461503,0.041690253
0.00023885816,0.00036379136,0.043607008,-0.0123048965,-0.008166433,0.17856559,-0.00016972981,0.046937,0.03211917
0.027330637,0.0107869785,0.055501904,0.054764286,0.035739377,0.049747728,-0.0012500715,0.03460371,0.030271737
0.0060231555,0.0023486875,0.016690463,0.004045896,0.009504419,0.082676,-0.0008013807,0.00999498,0.009557752
0.023315141,0.021024602,-0.007000113,0.056773435,0.022361882,0.079265565,-0.002095608,0.03426576,0.031754203
0.0036917422,-0.00035787746,0.011190691,0.06865028,0.005913759,0.19693187,-0.0021614805,0.07600747,0.06902397
-0.0025605503,-0.0051528867,0.020944305,-0.0018070317,-0.00252569,0.09907931,-0.0018439665,0.01397489,0.010656713
0.0127657605,0.0037737824,-0.008995262,0.11258764,0.011634123,0.37500554,0.00020176265,0.15468702,0.14234318
0.010569135,0.0059800427,0.014049274,0.08969526,0.011635524,0.07588891,-0.00075193495,0.040968996,0.038829118
0.017677829,0.0132402275,0.0054959245,0.07846205,0.018960709,0.045390762,-0.0008902708,0.015965583,0.013122123
0.005967794,-0.00643579,0.035476428,-0.0029913164,0.018288739,0.15044168,-0.0018358026,0.06980633,0.05777482
0.003977027,-3.3458695e-05,0.024088278,0.015098672,0.00010246318,0.16930671,-0.0015343986,0.032025285,0.02671435
0.008573817,0.009121599,0.033185866,-0.026946483,0.001696121,0.05842396,-0.0009056702,0.011618808,0.011649581
0.01620802,0.013793023,-0.0061811367,0.055750012,0.018546611,0.064118505,-0.0010562781,0.0208094,0.027552964
0.017511085,0.00878581,0.039361596,0.027131196,0.017228015,0.33445594,-0.00016758218,0.06829855,0.07176739
0.010701982,0.00765064,0.0055219578,0.03374861,0.013308633,0.061612073,-0.0015127119,0.02009156,0.014710216
0.03983862,0.032275155,0.08420142,0.08154488,0.043616183,0.1712107,0.0004054876,0.19610244,0.1854574
0.01943282,0.0073538646,0.052391075,-0.023079751,0.028036876,0.03272262,-0.0013857717,0.013341282,0.007550731
0.012609026,0.0114833545,-0.042017736,0.14254716,0.0047639753,0.20362437,0.0010228744,0.10706228,0.10601806
0.023115031,0.02469288,-0.008643053,0.060450234,0.024826916,0.08598324,-0.00077526644,0.06143588,0.052239016
0.003695134,0.004143985,-0.020650493,0.02843049,0.000766231,0.17394195,-0.00086470135,0.032162648,0.025497613
0.007021107,0.0019504763,0.025502466,0.013164977,-0.0007305145,0.13318929,-0.0011865096,0.052931767,0.04197321
0.032608587,0.014800815,0.081646696,0.096659735,0.02988313,0.06476248,-0.0009808214,0.06342315,0.04890117
0.016987607,0.013548536,0.036176298,0.029211938,0.018668232,0.0750423,-0.0012491783,0.029695163,0.027283097
0.007537814,0.006211875,-0.008817931,0.035096433,0.010529163,0.03844025,-0.0011539394,0.0063132793,0.00554252
0.014123706,0.008939199,0.046531625,0.0005149096,0.015739392,0.13469341,-0.0005969675,0.038005058,0.03534738
0.023304373,0.010223789,0.06763785,0.10229593,0.0188183,0.11337522,-0.00096984673,0.10578506,0.09422885
-0.0058264043,-0.011845359,0.037951645,0.0016531001,-0.013495371,0.14220169,-0.0014053937,0.019600913,0.020524831
-0.004053369,-0.0013169777,-0.01195859,0.09385678,-0.016514136,0.10830763,-0.0004323637,0.031699114,0.030406596
0.033263516,0.0122323055,0.0750908,0.078521915,0.04543063,0.17496371,-0.0009633899,0.10664515,0.104380384
0.0030835383,0.0015053749,0.029666983,-0.0023246272,-0.010804904,0.088300765,-0.0019634925,0.01322538,0.00819326
0.037275195,0.039341792,0.03254967,0.05196308,0.031052379,0.16582762,-0.0022154497,0.19426593,0.17141096
0.0055749826,0.0028709248,0.00021930132,0.025030088,-0.001863529,0.33975875,-0.0009997115,0.049166568,0.039506074
0.0070312973,0.0024775956,-0.015145888,0.078925796,0.00065254583,0.0471948,-0.0012463508,0.014575485,0.009814413
0.0029275436,0.0058779307,0.037428852,-0.044820588,-0.006900712,0.09049371,-0.00039618276,0.009412587,0.015765466
0.008233985,0.0067103375,0.011558804,0.015444774,-0.00061720517,0.12037917,-0.0011954075,0.077603094,0.06038712
0.031542305,0.028231079,0.018772915,0.08783078,0.031996578,0.110903546,-0.0003526155,0.10778118,0.0908147
0.009939892,0.0005694702,-0.0028450685,0.058767643,0.016711593,0.25592303,-0.001962305,0.05807314,0.060247377
0.010316924,0.0045880117,-0.009172486,0.031225521,0.013443133,0.1393922,-0.0014366023,0.039383013,0.036771633
0.015586331,0.011700405,0.039251816,0.0047883093,0.0009302634,0.098319486,-0.0012257788,0.061563086,0.044696935
-0.0139053855,-0.00015325099,0.008348578,-0.019060137,-0.02636563,0.09366366,-0.004172167,0.032599725,0.021022622
0.03586079,0.025248168,0.08159271,0.06549993,0.033869404,0.08182339,-0.00068011973,0.1076548,0.09203449
0.0109621,0.0077280384,0.027004085,0.00073354365,-0.004597566,0.19385311,-0.00068756286,0.053588226,0.03804704
0.031810828,0.020089773,0.049670707,0.13109837,0.025482513,0.058243133,0.00031509157,0.109082654,0.09382759
0.029801024,0.018870397,0.11738335,0.035157494,0.03423668,0.19709885,0.00010727253,0.24201916,0.21078224
0.022051137,0.0035599936,0.060715575,0.05090865,0.032090317,0.2899624,-0.0016591586,0.12493275,0.12530561
0.009004461,0.014745606,0.0081101945,0.028926516,-0.0032126196,0.12980267,-0.0025456753,0.050568987,0.04955883
0.0251378,0.0084932055,0.086100146,0.22171961,-0.0037149042,0.031197693,-0.0006876895,0.09931801,0.07276979
0.00810146,0.0069159027,0.006369957,-0.0039009922,0.0012894103,0.1203613,-0.0014784914,0.04234352,0.033821385
-0.001258459,-0.009588553,0.030260999,0.020970069,-0.0064744754,0.18634775,-0.0005983114,0.0146118775,0.0061624157
-0.00060367025,0.004333472,0.01192518,-0.02313087,-0.01896068,0.17498982,-3.453344e-06,0.015929209,0.031755745
0.032779094,0.01910008,0.070066646,0.12704173,0.02322678,0.00761991,-0.0008675102,0.08410165,0.0655527
0.0048137363,0.0007567331,-0.006587162,0.025170874,0.008436624,0.21472287,-0.00106603,0.04670702,0.048109032
0.019552995,0.012031766,0.027358472,0.09020095,0.022150237,0.06970887,-0.0011158949,0.033403084,0.030742435
0.022864543,0.014361633,0.025253512,0.07347576,0.027560186,0.123500794,-0.00019877218,0.085116126,0.07646069
0.022650296,0.010730604,0.07351954,0.121787086,-0.005043649,0.027585596,-0.0007860474,0.05727221,0.04481188
0.0067563597,0.005888123,0.017648984,0.02119576,0.0042022923,0.08564359,-0.0013923692,0.021713987,0.014853265
0.004937399,-0.010350026,0.06477007,-0.0143652,0.008561244,0.22369963,-0.0016420949,0.03244514,0.022374151
0.017832395,0.008391252,0.02028181,0.016822243,0.0052306247,0.4027013,0.00029350165,0.110253595,0.09912415
0.0016828384,-0.0076698903,0.038723327,0.039367616,-0.004529169,0.2367441,-2.9844232e-05,0.12634927,0.11451925
0.012633963,0.012006147,0.015691977,0.05252197,0.0073459586,0.084745765,-0.0007890165,0.056309327,0.04733783
0.015927404,0.010212889,0.046379745,0.016921258,0.015716285,0.084291846,-0.0009808112,0.032114625,0.035584815
0.016891241,0.007599501,0.047019523,0.041359074,0.012868853,0.1581798,-0.0007586079,0.10655987,0.090284094
0.010609105,0.009096896,0.03332503,0.016186222,0.023682732,0.0689165,-0.0014699372,0.0247109,0.022731738
0.016929653,0.015342241,0.073268674,-0.023230799,0.008715001,0.0803205,-0.000367851,0.09910777,0.08567822
0.03370955,0.019122032,0.0793577,0.06723949,0.041920297,0.10752466,8.438714e-06,0.12882097,0.11085786
0.014201618,0.009552443,0.03986149,0.032210547,0.00864296,0.07600677,-0.0018408485,0.049594395,0.03608349
0.029011173,0.018184463,0.015328635,0.07452563,0.028232105,0.09894709,-0.0010914262,0.09569122,0.08391847
0.017107297,0.011774575,0.0019875625,0.06024462,0.010685025,0.089445546,-0.00062920526,0.02028832,0.029074306
0.004000347,0.0051118527,0.08619938,-0.047887616,-0.008107366,0.3955997,-0.0014479738,0.056129783,0.033755988
0.012428792,0.0065074023,0.028293148,0.022649204,-0.0025701593,0.17700648,-0.0005780617,0.054188743,0.04456526
0.0035330243,-0.0031142905,0.0119038215,0.026190363,0.00094887544,0.10773685,-0.00088787545,0.042246435,0.024635518
0.010287568,0.0073624775,0.024286736,0.012932306,-0.0044481717,0.322714,-0.001869387,0.045635685,0.03563627
0.014173901,0.002469696,0.06071988,0.023316652,0.026541362,0.12226077,-0.0010670153,0.07020233,0.059071288
-0.0040091164,-0.0039103273,0.011262287,0.026810266,-0.008192637,0.07109939,-0.0008106157,0.012434531,0.01108109
0.0057584886,-0.00041111745,0.015697882,0.026719533,0.009612614,0.11429691,-0.0014944524,0.023747457,0.021182522
0.0154169,0.01556349,-0.011447523,0.04371713,0.021770684,0.0712384,-0.0008399291,0.034095243,0.030576667
0.008787237,-0.0031420197,0.020272862,0.02655805,0.013110724,0.32559928,-0.0016815783,0.06338251,0.05554442
0.0054871216,0.0015144218,0.0131174205,0.013535302,0.0039792405,0.11407359,-0.0011162665,0.019207245,0.017484967
0.010692737,0.011024306,0.0058466243,0.024833255,0.006510419,0.09351747,-0.0017711017,0.04546369,0.035972532
0.033356488,0.020152016,0.08213875,0.01007209,0.038012497,0.0047828406,-0.0018855585,0.034537934,0.0313503
0.0050657317,-0.00064301305,-0.016325057,0.03846453,0.007917361,0.21639067,-0.001297568,0.05176698,0.04730218
0.0056210496,0.0018326528,0.02169549,0.06357147,0.00013617566,0.09590392,-0.0010107011,0.05191089,0.04667926
0.02825346,0.022055453,0.06925268,0.005151721,0.03143098,0.09555261,-0.0012220237,0.08843289,0.08181719
0.010012072,0.0038018022,0.012551426,0.007571701,0.01500152,0.04451844,-0.0009888103,0.014892053,0.0054305415
0.010390798,0.0067267735,0.04127118,0.0072109504,0.0086729005,0.12755528,-0.0010406347,0.028291285,0.02884729
0.007941954,0.001560295,0.053296145,0.023910461,-0.009402585,0.068276085,-9.771716e-05,0.010120042,0.010591822
0.018145587,0.008404382,0.01801901,0.039756805,0.011782959,0.4184998,0.0004237406,0.122117005,0.11263341
0.024122315,0.01299444,0.07801736,-0.018873224,0.028823216,0.076751836,-0.00093321316,0.03761318,0.032807153
0.04491204,0.035781793,0.045241654,0.044067465,0.039683178,0.12869619,0.0010638377,0.16159964,0.13827567
0.015294644,0.011112174,0.032270636,0.035732675,0.016013835,0.03625094,-0.00068380684,0.01615128,0.014211735
0.026598487,0.019281512,0.0035880692,0.097282834,0.020979123,0.15809953,-0.00029790122,0.09895186,0.095262796
0.008631762,0.008211207,0.014702256,0.008376112,0.0065213516,0.12019669,-0.0018641762,0.044657476,0.0444737
-0.0036710985,-0.005266417,0.016215958,0.02665863,-0.005330826,0.14526254,-0.002211527,0.035525292,0.020371987
0.0101798875,0.0036001746,0.023559913,0.004250131,-0.0006373157,0.19388175,-0.00061589014,0.020889616,0.023737377
0.010541301,0.0058907755,-0.0056486833,0.03361989,0.011990735,0.1246015,-0.0010362538,0.026478795,0.026922422
0.022014339,0.0070936885,0.08293173,-0.012832755,0.02874851,0.04585249,-0.0008564312,0.022299161,0.031112717
0.020043552,0.009662397,0.032193158,0.23755948,-0.012104241,0.071611986,0.0002519898,0.09480448,0.07570049
0.025830718,0.015621932,0.0703433,0.028341653,0.03196886,0.050880205,-0.00096961856,0.048836593,0.04923317
0.014958907,0.01169976,-0.027367182,0.077427015,0.022089845,0.16729772,-0.00094033964,0.06318399,0.057175256
0.00026233867,0.0026125778,0.003564882,-0.0072991266,-0.009159191,0.11308552,-0.0010321587,0.008702856,0.012362691
0.009532774,0.005722752,-0.001033986,0.046478588,0.010477355,0.033391327,-0.0014427342,0.0008184351,0.00081373146
0.0032358747,-0.0025292877,0.020872261,0.010726476,-0.006484139,0.20912147,-5.972106e-05,0.031706803,0.023237517
0.002701247,-0.0027671717,-0.015177559,0.04363809,-0.0028095841,0.23113945,-0.0009392835,0.027509311,0.02887507
0.018867822,0.011997735,0.037794974,0.027477533,0.017765846,0.14415467,-0.001001562,0.051417556,0.051800407
0.004878847,-0.00023359992,0.022875518,0.00930588,0.00032227114,0.29698557,-0.00045488868,0.03171572,0.023402054
0.008930547,0.0007101912,0.020909872,-0.011051606,0.006121371,0.07571982,0.00016307831,-0.001079008,-0.00069474196
0.010660509,0.00887762,0.025392197,0.0583899,0.008722582,0.092690766,-0.0007955115,0.054230012,0.04207022
0.0044614784,0.016100878,-0.061948977,0.07297175,0.0060565514,0.24362075,-0.0011908356,0.07120842,0.0589493
0.017683364,0.0098938625,0.0031086458,0.06490977,0.02360675,0.19159442,-0.0005996851,0.07924643,0.07085175
0.015231168,0.0046495646,0.011436238,0.056081723,0.016109694,0.078159586,-0.0007719137,0.02409681,0.01988245
0.023685247,0.01375168,0.07716845,0.0015924543,0.033966653,0.09760952,-0.0012738053,0.06900385,0.063405134
0.02081874,0.021798411,-0.013124816,0.07587122,0.024403263,0.090852305,-0.0015179226,0.040189754,0.038275465
0.04422182,0.030799052,0.055641282,0.10273642,0.048698187,0.048485074,0.00034773722,0.098634854,0.086512186
0.016031824,0.010861905,0.022969998,0.07855374,0.019575167,0.109896705,-0.0008221939,0.06373397,0.05578213
-0.0017585866,0.0018092599,-0.0010019531,0.040226556,-0.002690745,0.033676825,-0.0017712256,-0.0021293499,-0.00022907322
0.028223922,0.021080734,0.036679793,0.019764112,0.0346496,0.039486147,-0.0007062657,0.043260306,0.03892996
0.0046378393,0.0077994578,-0.008205898,0.0028655955,-0.009667455,0.20058739,-0.00056791864,0.062156368,0.05897657
0.008861797,0.0069306437,0.006401862,0.00030972296,0.013868946,0.056223474,-0.00087666325,0.025973361,0.017717307
0.008196695,-0.0006796215,0.040823326,-0.008995324,0.011421062,0.09136832,-0.0011026841,0.024615392,0.020385098
0.041497007,0.01738366,0.08687752,0.11234317,0.04712636,0.044468146,-0.0010426957,0.06569714,0.06461699
0.013119289,0.002238471,0.02340991,0.07906823,0.003272321,0.12685405,-0.0013567638,0.05961469,0.048333153
0.010767109,0.0037474632,0.048155546,0.012196666,0.0048494358,0.32568058,-0.00040526222,0.058892608,0.048514046
0.013264857,0.00417649,0.05641051,-0.019315109,0.014540133,0.07355714,-0.001057609,0.032625508,0.01755985
0.020177413,0.014451819,0.023659669,0.04208221,0.0031775108,0.08505371,-0.002064458,0.025578603,0.040992048
0.015961032,-8.352101e-06,0.03964377,0.06462695,0.0066679,0.24528196,3.275182e-05,0.06214815,0.06105358
-0.0005475618,-0.004354585,0.007547454,-0.013633439,-0.007717265,0.20058295,-0.001230129,0.022784809,0.018490747
0.016467549,0.013931228,0.028853651,0.05856888,0.030784389,0.01861183,-0.0016740449,0.013958465,0.016936734
0.017111197,0.0070221424,0.024590045,0.037144653,0.018642511,0.06773345,-0.00072384346,0.026650641,0.027779123
0.00763887,-0.0047733653,0.061540913,0.016697666,0.0032038656,0.14603545,-0.0005329214,0.07265127,0.07280695
0.015696006,0.007597141,0.01683103,0.04913016,0.017483894,0.2250278,-2.0647421e-05,0.07609444,0.07296342
0.004878355,0.0041414946,0.02438933,-0.005898466,0.006247808,0.08875814,-0.0013055168,0.009955861,0.011965485
0.046945244,0.02709031,0.07708844,0.11254966,0.059527673,0.0006023161,-0.0014835214,0.07422842,0.067513786
0.0046835113,0.0076459497,0.003101104,0.02748765,0.0024870902,0.09713919,-0.0010262383,0.022689974,0.023453955
0.06979191,0.055537388,0.094425924,0.24826235,0.077057704,0.14733839,-0.00013901014,0.30246785,0.26500708
0.0029517505,-0.0022538118,-0.010333857,0.041751724,0.00244827,0.11253202,-0.001146283,0.01285775,0.013073251
0.047863327,0.036822997,0.0852847,0.18183866,0.048712566,0.0711624,0.0009569675,0.2139717,0.189057
0.0035033487,-0.0018471275,0.038164444,-0.014611216,-0.0019301968,0.10035917,-0.00014087837,0.016547477,0.014319697
0.011347579,0.0043753423,-0.023116902,0.041387904,0.014602262,0.10037871,-0.0016085068,0.030526955,0.028365174
0.010270966,0.006886376,0.057418603,0.0077157146,0.007298048,0.06956734,-0.00038978737,0.036989577,0.021297075
0.014051077,0.007174082,0.043085657,0.018812316,0.015337423,0.2311194,8.70768e-05,0.06780571,0.058156043
0.013904099,0.018175336,0.023549717,-0.020164123,0.011940885,0.07147461,-6.677676e-05,0.04219322,0.034700964
0.013074325,0.008974627,0.03681513,0.06732627,0.018648056,0.050465405,-0.0014407691,0.03534119,0.03854737
0.013596113,0.007705247,0.031868465,-0.0041297474,0.011010954,0.09885375,-0.0008915672,0.016877092,0.018192358
0.023213515,0.018934118,0.051953334,0.048975557,0.019638378,0.12777483,-0.00095146894,0.13512945,0.118078664
0.019223504,0.02146781,0.0019216463,0.015948629,0.019445661,0.053988587,-0.00054283906,0.04165324,0.035257716
0.0028573684,-0.0010953359,0.04537647,0.0042783474,9.666197e-05,0.08978896,-0.0008844407,0.021326445,0.018518217
0.05820149,0.037212133,0.11019748,0.21145637,0.050101295,0.10754825,0.00020129234,0.14701715,0.13391748
0.006813746,0.005675921,0.0044578947,0.011525174,0.009092476,0.07468721,-0.0012494056,0.01662038,0.015251415
0.013729112,0.011589551,0.0421081,0.029522892,0.029249325,0.04605228,-0.0015056338,0.027717778,0.024837228
0.02059408,0.00999571,0.033656117,0.1456237,0.0044174464,0.09473586,-0.0011819201,0.09083182,0.07821638
0.017019127,0.007114852,0.04110134,0.014888918,0.023265017,0.049478985,-0.0013322774,0.013625056,0.013475351
0.011670666,0.009321045,0.0003413707,0.04569005,0.016853865,0.081753224,-0.0014297338,0.02058782,0.02011999
0.0075986423,-0.0013033245,0.06274753,-0.028336639,0.0075300876,0.1583749,-0.00069085136,0.03447348,0.04364138
0.014133926,0.008565994,-0.017019238,0.11492858,0.0141211925,0.13350056,-0.0009775087,0.06749512,0.0639576
0.012553238,0.006376166,0.035271525,-0.016965022,0.008790471,0.050630335,-0.0006983569,0.010662168,0.005171968
0.00835974,0.007410014,0.026382409,0.010347891,0.0037529157,0.09073095,-0.0016508726,0.04841923,0.03771383
0.021046273,0.0128319245,0.044608213,0.04258649,0.01362013,0.09665899,0.00039828662,0.08424842,0.077529185
0.007922703,0.0062317103,0.012149562,0.01997555,0.0032282933,0.14856163,-0.00096909795,0.049649224,0.041684225
0.022066116,0.010603057,0.047876284,0.053019814,0.028663056,0.054198373,-0.0006561689,0.026850864,0.031239403
0.0075711273,-8.329749e-05,0.01810249,0.028793951,0.0014573815,0.27253175,-0.0016548987,0.04716533,0.040652636
0.009103049,0.004004156,0.032694973,-0.009521939,0.0057335272,0.07820733,-0.00039007794,0.028607713,0.022090925
0.025989214,0.021174865,0.008696605,0.09664808,0.030761829,0.10118045,-0.0011004303,0.07974765,0.075851016
0.013475178,0.0065249056,0.022709403,0.07390205,0.00050758803,0.03831683,-0.00026267022,0.035687625,0.02654243
0.026930416,0.016424345,0.046794962,0.0758045,0.029990489,0.040145718,-0.0008390108,0.031492878,0.034184586
0.010351361,-0.0004557036,0.012621199,0.038612597,0.010349041,0.3733963,-0.00056705996,0.07326126,0.067061566
0.023009852,0.01599651,0.03045566,0.069269165,0.028110327,0.09148841,-0.0013774484,0.08644055,0.07050081
0.002394462,-0.0019048266,-0.0022931877,-0.006015681,-0.007945673,0.18855622,-0.0018920135,0.02658897,0.024836404
0.022728167,0.010455916,0.04676807,0.006309323,0.022594428,0.018050645,-0.0009810599,0.0061989203,0.019020012
0.0038767476,-0.003187012,0.0064459806,0.02500501,0.009552397,0.32818717,-0.00056923646,0.016770102,0.020187207
0.017492425,0.011244396,0.03922692,0.06321325,0.0028173546,0.048414182,-0.00088771153,0.05861059,0.04587987
0.0008876566,-0.0029269364,0.0075004483,0.016008824,0.0030515448,0.063733965,-0.0016376683,0.012633197,0.0011244835
0.0100635635,0.0013709404,0.0056788167,0.027045162,0.0068718614,0.15865764,-0.00059544947,0.03784368,0.040247828
0.012304584,0.008483909,0.008197985,0.027183374,0.005719855,0.1041895,-0.0012481427,0.03388149,0.028895238
0.020235863,0.014698496,0.018700019,0.14688095,0.008537097,0.05192717,-0.0013287105,0.0757028,0.06414902
0.0049954467,0.0063436776,-0.026861966,0.03026478,0.006026819,0.14652981,-0.0019656308,0.03262381,0.033158794
0.0044141393,0.0038996506,-0.017715883,0.028223582,0.005000327,0.14628254,-0.00093716104,0.033001866,0.02509695
0.03331556,0.016374173,0.07149811,0.23762435,0.0066586686,0.05109501,-0.0008493876,0.09547934,0.07720101
0.009251051,0.0037076864,-0.00047412422,0.036110498,0.0067080464,0.061322223,-0.0013380684,0.0034924857,0.0054396936
0.0142561365,0.0042838883,0.023897186,0.018799344,0.011208287,0.18311524,-0.00013992563,0.06796299,0.069776565
0.009128535,0.002355272,0.021135963,0.019818602,0.0062251044,0.18191928,-0.0005070241,0.042625725,0.036467977
0.011453169,0.006902624,0.02033412,0.09571698,0.0019470891,0.20940548,-0.0020142086,0.09278643,0.084256396
0.01716835,0.011032751,0.035316017,0.020380372,0.012550597,0.039270848,-0.0008032108,0.011891514,0.013769073
0.016925814,0.008067755,0.057987932,-0.002931627,0.018862702,0.26726595,-0.00026758295,0.05345694,0.051851396
0.010520982,0.011241803,0.01880496,0.0248039,-0.00057129515,0.05773726,-0.0011827471,0.02710873,0.024236945
0.013869268,-0.002785774,0.07360778,0.008297101,0.028233556,0.091827504,-0.0020586122,0.034192987,0.031393547
0.060272604,0.03970281,0.10521017,0.084816486,0.0734839,0.028223304,-0.0019192174,0.09327114,0.086410925
0.025044559,0.015303219,0.031685118,0.06619216,0.022947697,0.11828349,-0.001179223,0.054356523,0.05953242
0.03757184,0.024678407,0.055100795,0.14659736,0.03815376,0.10220118,9.805709e-05,0.13382483,0.12220299
0.033380855,0.02260288,0.046505284,0.17321366,0.016191121,0.030004472,0.00035355333,0.08474779,0.06972448
0.005946668,0.004067287,-0.012325029,0.023772854,0.010982089,0.12996171,-0.0014198525,0.014736816,0.013875788
0.0109125385,0.0021268707,0.05692442,-0.018218644,0.019642875,0.071239874,-0.0010301899,0.018373068,0.015022481
0.010937739,0.0013497472,0.039641988,0.030363705,0.010122856,0.05915951,-0.0011808379,0.031131525,0.023288747
0.021335736,0.008386185,0.027303241,0.04582774,0.029836588,0.13951233,-0.0007559117,0.044774283,0.046564505
0.031861056,0.014190799,0.08461474,-0.02780156,0.03437525,0.053761017,-0.001189583,0.03955832,0.035068866
0.030821528,0.024150828,0.06225526,0.032413673,0.035519533,0.046762075,-0.0013031429,0.04431815,0.03842497
0.022449937,0.013129605,0.042129807,0.049323995,0.021374596,0.1566864,-0.0012766486,0.10007528,0.08969526
0.024606962,0.007633617,0.07778501,0.19338149,-0.014639927,0.045433242,0.0013963617,0.0922865,0.07271381
0.0061742123,0.00022701733,0.037919357,-0.0068176254,0.0054729907,0.11931773,-0.00084437896,0.038761,0.03210866
0.012651315,0.009246573,0.021003697,0.07257697,0.007593399,0.02916649,-0.0011202311,0.043658916,0.03398333
0.01906361,0.023447322,0.02315928,0.06349205,0.0073163724,0.090692654,-0.0027436744,0.016280869,0.031122366
0.025385512,0.015725309,0.08880189,0.033100236,0.01869273,0.08092517,-0.00079859886,0.080813244,0.07053985
0.009692198,0.0035860445,-0.009349051,0.037825387,0.0094838645,0.40139887,-0.0011280226,0.091273,0.075365186
0.006354904,-0.0075064404,0.040538777,0.015712604,0.009227397,0.12722881,-0.0013110908,0.037278797,0.028354952
0.024161011,0.013838125,0.080803595,0.028986573,0.026837466,0.061545514,-0.000686815,0.06396156,0.051726483
9.8729506e-05,0.000442015,0.013865064,-0.0020612348,-0.010838087,0.3145926,-0.0013766801,0.057162985,0.039088868
0.0030624662,0.014952345,-0.041047513,0.051594738,0.0041558077,0.12883452,-0.00036604702,0.026531497,0.028681768
0.008875709,-0.0069831265,0.06377957,0.030452553,0.003182635,0.10126656,-0.0010991069,0.049785614,0.03811304
0.009136053,0.0010249726,0.04209374,0.0045562917,0.012539528,0.15218663,-0.0013246192,0.058944933,0.0593514
0.018265085,0.010663463,0.06924549,-0.029343953,0.021307703,0.05426168,-0.0011937711,0.02915096,0.02483921
0.0005942993,0.0007950086,0.0058901412,0.010696974,0.0014989804,0.082449876,-0.00093759224,0.023018334,0.01967003
0.022750827,0.013858603,0.04806058,0.040739063,0.024135336,0.09513603,-0.00089524966,0.06920307,0.06724635
0.02247284,0.011976952,0.04776573,0.10656498,0.014207822,0.08085853,-0.0001563998,0.11531664,0.096796066
0.006527338,0.0012560468,0.014740032,0.032559276,0.003173897,0.20264864,-0.0013886513,0.031093154,0.02422162
0.012959937,0.0059753396,0.010446678,0.050192967,0.012905564,0.07127275,6.984081e-05,0.011659101,0.011376647
0.025220225,0.026095202,0.064929724,0.020771157,0.00506101,0.13161501,-0.00077963714,0.16145505,0.1371929
0.017118402,0.017266179,0.017073236,0.0400174,0.011608722,0.10532987,-0.0023369538,0.049830977,0.039213464
0.012777549,0.003827326,0.029206667,-0.004103636,0.0051779854,0.44395956,-0.00014022551,0.071422055,0.06839126
0.008975221,-0.0045676604,0.06900247,0.007781541,0.014896009,0.17158327,-6.6822395e-05,0.06288494,0.05350642
0.028341182,0.016498404,0.05876949,0.058697112,0.025008792,0.2801635,0.00018757768,0.19584219,0.18593504
0.010758727,0.010532284,0.008004959,0.05258235,0.0085747,0.15158069,-0.0009896429,0.06327677,0.0554166
0.00928567,0.0072377045,-0.02789982,0.047568634,0.013432273,0.16897786,-0.0015971446,0.04582189,0.043995857
0.022647336,0.016225407,0.02226014,0.025833039,0.009140287,0.1393423,-0.0012257006,0.05425416,0.0698868
0.0062424596,0.006321596,0.015258499,-0.006597106,-0.006681105,0.09096205,-0.002095366,0.0046835616,0.008491257
0.018934373,0.009662619,0.059495863,0.11224931,0.019231185,0.13505301,-0.0002836585,0.11438621,0.101273686
0.0171321,0.0030919071,0.04407253,0.06752926,0.01982487,0.17151064,-0.0008803597,0.07674079,0.07920307
0.042226627,0.036224775,0.046938922,0.053648982,0.039049633,0.18283054,-0.0019967444,0.17723122,0.16726594
0.012332052,0.010901773,0.026216917,0.0052193515,0.004145142,0.09650719,4.9071386e-06,0.029634647,0.033008832
0.0107450355,0.0067877844,0.025337752,-0.0034319046,0.016691055,0.08359472,-0.000763963,0.014403015,0.0128011815
0.008454174,0.0014478285,0.032223735,0.015196068,0.00033751363,0.20041335,-0.0009793714,0.054521397,0.054347176
0.009222776,0.0007924549,0.035562925,-0.00076403003,0.010507392,0.1623497,-0.0009762002,0.04126987,0.036185782
0.013766633,0.0057340376,0.036926266,0.0001761294,0.014164454,0.13396321,-0.0016998146,0.0402557,0.0433199
0.012982263,0.0051764008,0.007194423,0.014925666,0.013920353,0.14901155,-0.00094695855,0.046803813,0.036728956
0.012420545,0.008447187,0.013967491,0.030100517,0.019498631,0.09600274,-0.0016722474,0.03677599,0.038651314
0.01255611,0.014623562,0.013362016,0.017754605,0.0074970378,0.12219621,-0.0012738584,0.040521268,0.041083924
0.018900251,0.009014649,0.011868647,0.036923703,0.019307788,0.16413823,7.549953e-05,0.090260446,0.08016313
0.012332539,0.0070083644,0.018215183,0.099062085,0.012196471,0.067527756,-0.0011831205,0.05022166,0.03907293
0.006963702,0.0036044512,-0.015350064,0.05146029,0.006769728,0.070679225,-0.0017002411,0.03072844,0.023166718
0.003750706,-0.0017865784,0.014896571,0.053191483,-0.0015446711,0.22119027,-2.742745e-05,0.05560872,0.041201882
0.040820207,0.04689067,0.047125816,0.008632902,0.052815013,0.14755993,-0.0027641319,0.21369937,0.19014527
0.008693695,0.0035171937,0.02034564,0.017906135,0.005414699,0.1357347,-0.0014237491,0.031569734,0.03700808
0.030954715,0.017232941,0.06478762,0.07268798,0.020429501,0.008076198,-0.0011628745,0.053149827,0.039618086
0.036425784,0.014143182,0.09450465,0.10194834,0.02738665,0.03165832,-0.0014341222,0.059618484,0.05117873
0.021441823,0.005264621,0.10456109,-0.0015857946,0.036775313,0.17722923,-3.2437965e-06,0.054213304,0.058119647
0.018511858,0.017336765,0.009023766,0.059214175,0.025121683,0.06726565,-0.0008371724,0.026384288,0.029149989
0.015558839,0.014793104,0.013043816,0.075681016,0.0047982554,0.054266345,-0.00086016767,0.04278846,0.032129046
0.004126122,0.0037737228,-0.010775332,0.03285783,0.0021357166,0.31573394,-0.001272548,0.07250006,0.061152227
0.0125296535,0.013035743,0.026128434,-0.011971267,0.008221548,0.054691955,-0.0011927979,0.016083015,0.015041502
0.008587744,0.016222434,0.021232583,-0.030000994,-0.0001316159,0.08274724,-0.0007553715,0.013968419,0.017350947
0.01721207,0.023058875,-0.03775514,0.08349133,0.013166408,0.128997,-0.0013648337,0.07591203,0.06759781
0.010577931,0.0011526234,0.014299753,0.09991421,0.0034439703,0.08110777,-0.0018625585,0.046047244,0.03282224
0.015206851,0.01635,-0.015889365,0.05556754,0.017737865,0.07050352,-0.0015266128,0.01976055,0.020125631
0.0034978967,-0.001707131,-0.022423577,0.04714992,0.0043207426,0.1629717,-0.0022772094,0.024005705,0.02356739
0.041306812,0.026125604,0.08595105,0.1273692,0.043021247,0.090877146,8.370727e-06,0.15707195,0.14330226
0.021570642,0.014329778,0.06112506,-0.035361987,0.026091622,0.057231463,-0.00080165453,0.031757675,0.028148664
0.008326493,0.00053709,0.006277333,0.0530572,0.012111798,0.14840138,-0.0014935732,0.030855041,0.03323919
0.033980314,0.026805935,0.052557793,0.071008824,0.029810308,0.08028288,-0.00018786173,0.10854082,0.09974162
0.0032234285,-0.007805612,-0.0014651893,0.03973985,-0.00047839992,0.15817812,-0.0027066022,0.033873573,0.03185027
0.008695381,0.009023387,0.013063454,0.020864604,0.01325368,0.061832618,-0.0013688235,0.018333279,0.021285573
0.0063508935,0.010087879,-0.009131919,0.038932595,0.00010413211,0.10364998,-0.0015364839,0.019582318,0.0184071
0.010237221,0.0036876388,0.036789298,0.13087492,-0.009377211,0.09778905,-0.0016667563,0.057918075,0.038066477
0.026359562,0.011985162,0.042420812,0.038596023,0.036010213,0.04141481,-0.0013628528,0.038058348,0.038765326
0.050714135,0.0315426,0.11075451,0.13390361,0.06322072,0.073349155,8.2173385e-05,0.1866573,0.16195075
0.022968883,0.016098337,0.056412768,0.068082705,0.032027446,0.063563004,-0.0018221131,0.058400378,0.046018288
0.007988069,0.0048031844,0.020117223,0.033987615,0.0116091,0.15046394,-0.0010960437,0.03940274,0.034409434
0.0015952773,-0.0022307876,0.031169053,-0.019763555,-0.012152886,0.08943452,-0.001254119,0.0068702623,0.008639775
0.010997051,0.005249748,0.08746017,-0.027588708,-0.00029556453,0.20711157,-0.00081202853,0.10767566,0.08053843
0.00011741929,-0.0036993995,0.0033506276,0.020395953,0.0044151326,0.12094599,-0.0013075527,0.017540079,0.018698523
0.0053758174,0.00803289,-0.025001826,0.08381139,-0.008992774,0.3954088,-0.00067987666,0.14180481,0.12715785
0.0071892515,0.0067362096,-0.0039475225,0.017347177,0.00373925,0.14291894,-0.0010762,0.037682883,0.029921224
0.014642143,0.01036085,0.014648975,0.061632674,0.019339204,0.103502765,-0.00082699955,0.03990868,0.036902264
0.016490618,0.010347152,0.05398726,-0.006265408,0.014244811,0.05161503,-0.00058296975,0.026991194,0.02212772
0.0037305001,-0.00022337027,0.015760534,0.026761208,-0.0007085628,0.07396299,-0.00017321482,0.020044334,0.014617365
0.013912145,0.006036518,0.06608376,-0.0057548205,0.014399842,0.18036494,-0.00078922976,0.10994671,0.10382285
0.00635536,-0.006356937,0.038299736,-0.0012186384,0.0022790956,0.20302024,-0.00024228822,0.017938193,0.02212645
0.013470936,0.008183343,0.0029145647,0.035314634,0.017978024,0.10277136,-0.0010650046,0.02298649,0.022674095
0.00078547373,0.0047758557,-0.0006540138,-0.0076122615,-0.004752172,0.07041908,-0.0015841145,0.005184006,0.004504332
0.01282471,0.0051461197,0.042148717,-0.016897926,0.015907492,0.08773035,-0.0008293623,0.02450893,0.01987588
0.001302097,-0.0060583763,0.046080936,-0.0013903151,-0.013357254,0.29181778,-0.0013614735,0.03958319,0.034523837
0.019759106,0.010917539,0.05997489,-0.005309736,0.02823011,0.032500476,-0.0010031397,0.022613103,0.017988084
0.0032914318,0.0023395345,0.010287161,0.07826111,-0.018170549,0.113939404,-0.00032850076,0.059450746,0.047644004
-0.0008051768,0.0037746932,-0.008631886,0.01764031,-0.006276342,0.21118242,-0.0006177714,0.031457543,0.033034895
0.004717281,0.012129454,-0.01300415,0.015212305,0.008978598,0.10624298,-0.0012010643,0.00326512,0.008243965
0.009683305,0.013282398,0.04850579,-0.035717987,0.004287213,0.10585372,-0.002091038,0.04845997,0.04163964
0.010797305,0.00084614195,0.021371003,0.04027149,0.014170027,0.19193202,-0.00036842655,0.06549738,0.059461124
0.005322816,0.0036847088,0.0053023854,-0.0032654186,-0.0041664755,0.15683988,-0.00055296347,0.028827736,0.02824481
0.01123528,0.012603091,0.008092782,0.013487134,0.0068140104,0.19564176,-0.0012171511,0.09065157,0.07843283
0.0053259563,0.005137477,0.015029992,-0.010889001,0.00018650526,0.13198696,5.914271e-05,0.009468038,0.007199981
0.016987093,0.008392457,0.029157411,0.03245896,0.012890794,0.13857459,-0.0001671398,0.055849172,0.051329482
0.012114586,0.00014108978,0.049993113,-0.0148867,0.010347405,0.27431998,-0.0007418478,0.058091708,0.058685645
0.017914213,0.010187952,6.4970925e-05,0.07581646,0.019252166,0.34569696,-0.0007055849,0.09887324,0.09317475
0.0007136911,0.0075821728,-0.03768161,0.028363178,-0.011994831,0.15194316,-0.0031415094,0.014696363,0.021723574
0.01721568,0.011946244,0.066209175,0.075676434,0.009177568,0.19051802,3.2642856e-05,0.20021437,0.17799802
0.0008091498,-0.00047003664,0.04259634,0.014145957,-0.017593883,0.23023382,-0.001774108,0.02046272,0.015668642
-0.0017581433,-0.002946183,0.050187077,-0.037555967,-0.010693365,0.19582605,-0.0017656889,0.04342582,0.022231342
0.012438245,0.0056207553,0.046237815,-0.013883352,0.006421262,0.12938717,-0.0010541184,0.031796157,0.03586506
0.0069697015,0.002167128,0.031800203,0.040873796,0.0009208666,0.30555063,-0.00034032296,0.13859227,0.12786007
0.0080580525,0.0065343864,0.038028415,-0.010018641,-0.0046047037,0.07809611,-0.0012285626,0.020985136,0.01930614
0.0181247,0.011621783,0.01594764,0.03947156,0.01708633,0.3235145,0.0001776442,0.094907545,0.08698271
0.009344883,0.0010350477,0.012628908,0.024969041,0.008447658,0.16311526,-0.00038009696,0.034821775,0.0341912
0.0054087117,0.003313033,0.0022076974,0.041604254,0.003604302,0.060247004,-0.002087717,0.022454847,0.011240413
0.0070996955,0.006252855,0.0009049792,0.015413016,0.004226629,0.23204902,-0.00079673994,0.06421905,0.06691561
0.02039583,0.015917597,-0.013080774,0.07501358,0.012580376,0.08502676,-0.0012779422,0.015490476,0.029000787
0.013791156,0.012109371,0.020130191,0.016500067,-0.0012260294,0.095654726,-0.0014021024,0.02898773,0.03823667
0.011402571,0.004429573,0.055537943,0.03178777,0.009720193,0.08580724,-0.00035240594,0.053816024,0.04609943
0.026339607,0.023434458,0.022087347,0.08537365,0.0141294785,0.043706845,-0.00033026747,0.027050525,0.016896477
0.027945744,0.019540766,0.033753492,0.086480446,0.02613348,0.17692226,0.000115966424,0.14086273,0.12812029
0.0061946623,9.0926886e-05,0.029108878,0.0015022708,0.005212037,0.112762466,-0.00053620804,0.025161762,0.022994505
0.008531595,-3.5135075e-05,0.05921128,-0.043999795,0.012723103,0.12821789,-0.00019719731,0.035113867,0.03170638
0.02154593,0.018811958,0.023397822,0.05361856,0.024711011,0.0891929,-0.0033871867,0.030145591,0.035535187
0.009645812,0.0070180744,-0.014809573,0.047698524,0.0061525074,0.21295667,-0.0014322372,0.045858238,0.047957998
0.010290869,0.0024789143,0.0052585574,0.04900602,0.017239053,0.17986879,-0.00040784106,0.048582647,0.04789485
0.006342588,0.0053226817,-0.009521478,0.0579678,0.0063745575,0.14628097,-0.0004860144,0.042343013,0.04604663
0.032578196,0.019112246,0.07363283,0.04704008,0.032453276,0.0542535,-0.0018607127,0.052972563,0.0605712
0.006201051,0.0011549797,0.013369993,0.008455799,0.0025543189,0.3462118,-0.0004874654,0.040395517,0.032069065
0.009830553,0.013799818,0.06354224,-0.07168298,-0.0014288011,0.13831493,-0.0012716074,0.07933557,0.06433524
0.03370401,0.021125315,0.047578204,0.05443015,0.042919256,0.057737734,-0.0012957677,0.04768089,0.04558509
0.01163083,0.0060733277,0.01004476,0.045283783,0.015583511,0.1300385,-1.42985955e-05,0.05505789,0.045554608
0.008758398,0.006356219,0.04221634,-0.027124288,-0.0027368232,0.06776693,-0.0002696477,0.020110225,0.014318606
0.00643917,2.3588538e-05,0.02615678,0.016054902,0.009578329,0.13931844,-0.0012655901,0.042789295,0.032956548
0.045554653,0.035296246,0.06705151,0.092018135,0.05347707,0.089365624,-0.0006047534,0.1204065,0.10637251
0.02615365,0.019996,0.08064913,-0.003499013,0.022106148,0.10987338,-0.001384194,0.10804671,0.09364642
0.035428785,0.036939472,0.10230711,-0.010088639,0.03767083,0.12663922,-0.00065959897,0.21694152,0.19305666
0.017368304,0.023141189,-0.008511342,0.014816524,0.005677384,0.107843116,-0.0012799762,0.048761174,0.043100007
0.05400234,0.028574305,0.1314042,0.08267734,0.06786779,0.012827769,-0.001390486,0.09858908,0.09196183
0.01825631,0.010663761,0.046790697,0.03619393,-0.0060384627,0.020827081,-0.0011554267,0.013666585,0.008926932
0.0075098164,0.001119012,0.0048673553,0.049193673,0.020645939,0.03980552,-0.0015597092,0.0390917,0.03406912
0.009277921,0.0026188362,0.03479252,0.12560712,0.0049018497,0.16005766,-0.0009917738,0.09915212,0.08474794
0.023930697,0.0120073315,0.081688255,0.019659685,0.027556572,0.108429514,-0.00037659518,0.099261045,0.08711875
0.029708108,0.02161107,0.041256577,0.06780932,0.03820038,0.04197141,-0.001297906,0.036488235,0.028706027
0.016918376,0.005235782,0.004051458,0.061685435,0.01851055,0.1704523,-0.002439241,0.049499236,0.054157443
0.028213102,0.01771154,0.05241027,0.054327954,0.026256844,0.01861842,-0.0005129315,0.043690268,0.036510155
0.0156232845,0.004762383,0.005308437,0.13317569,0.016202018,0.29861453,-0.0003824765,0.1609129,0.14469667
0.019711066,0.009612912,0.04079933,0.01656669,0.013503613,0.04724417,-0.0014440594,0.022661282,0.031252123
-0.013575336,-0.0019062273,0.0049087293,-0.010351907,-0.017072348,0.04903272,-0.0033785794,0.007222198,0.0042035053
0.016737696,0.0051697735,0.04921681,0.042283442,0.018760107,0.1497145,-0.0001646094,0.044886727,0.04585509
0.011237878,0.0063316934,0.046756957,-0.0046538603,0.003876735,0.2815853,-0.00037320703,0.105486944,0.09525365
0.007695915,-0.00024851412,0.014033676,0.005295785,0.0012393843,0.20240557,-0.0012416858,0.024122495,0.02094282
0.0226138,0.02071906,0.0101765515,0.06694047,0.021876195,0.04066032,-0.0009872848,0.031249357,0.023677627
0.0031999294,-0.0006605461,0.009135024,0.00214111,0.0051173856,0.07806352,-0.00048283022,0.011253636,0.0073307953
0.018810011,0.008203067,0.043074623,0.053531002,0.0269127,0.052081607,-0.0006625438,0.029533133,0.032932814
0.005479865,0.003401896,0.015033524,-0.014565334,0.002148128,0.15763944,0.00010209996,0.04350481,0.0346397
0.00800292,0.0019325614,-0.017266886,0.05903059,0.0047935704,0.103742056,-0.0005244408,0.015857223,0.01622822
0.021447133,0.023575002,0.007304375,0.040868,0.017170712,0.069751196,-0.00039595272,0.050711006,0.042964872
0.024926951,0.020007124,0.03383134,0.0036223582,0.028101344,0.017024092,0.0006243065,0.021952791,0.026599364
0.0065354183,-0.004692411,0.03125116,0.012736214,0.0017963075,0.1697731,-0.00058453716,0.025720974,0.032977644
0.035453137,0.020788053,0.08222092,0.0044533717,0.026826559,0.042928256,-0.002285529,0.029574987,0.047719903
0.02316872,0.01700619,0.011219851,0.0907773,0.019519147,0.06124959,-0.00083123613,0.021820731,0.023429029
0.0037714932,-0.0048210192,0.008555,0.017391348,0.0023366073,0.19857782,-0.0013302816,0.021868078,0.027737668
0.0109613035,0.009315707,0.047284547,-0.02905008,0.015794123,0.14715403,-0.0015745955,0.092350796,0.07962138
0.013359458,0.00420421,0.052037977,0.027551169,-0.0016137841,0.039986905,-0.00040304754,0.009712383,0.007846588
0.0284501,0.015825981,0.067557536,0.15464215,-0.0032025296,0.011493932,-4.7205947e-05,0.028673802,0.02158076
0.012802303,0.0069974493,0.05179549,0.07210176,-0.0010252595,0.1065824,-0.0012361798,0.08288932,0.060847543
0.02367904,0.02043357,0.03595537,0.026292851,0.019267622,0.092473954,-8.9975074e-05,0.036859434,0.03985565
0.017690567,0.011124002,-0.007530895,0.10722439,0.0035419324,0.23253217,-0.0004308559,0.09569746,0.09713866
0.004744623,0.004778413,-0.0097957365,0.014387924,-0.0031861034,0.34830436,-3.755372e-05,0.041776028,0.027232336
0.02100311,0.019923916,0.0055882772,0.042712405,0.02558894,0.1157676,-0.000117409974,0.06357022,0.054100104
0.0190433,0.0094112195,0.0008698376,0.04006734,0.01586647,0.11722408,4.048366e-05,0.026219385,0.021074668
0.012418616,0.0039221514,0.028758321,0.06998208,0.0008275383,0.06472408,-0.000741655,0.020115463,0.012572134
0.0075603817,0.00071021356,-0.0031190487,0.03411603,0.006171552,0.12823936,-0.0009746393,0.0331763,0.034015194
0.011915682,0.008798014,-0.025041182,0.055833716,0.012501918,0.13070756,-0.0015072012,0.049249563,0.04571124
0.027991077,0.009115772,0.12557214,0.13547887,0.02368224,0.09235096,-0.0003153393,0.10381362,0.08310061
0.019678839,0.015714051,0.050550777,0.030504756,0.015993953,0.08743469,-0.0005618073,0.04317405,0.04251665
0.0124192815,0.0073241685,0.012668061,0.08196979,0.008422593,0.064418085,-0.0009273533,0.027316738,0.027336163
0.03041416,0.024655705,0.038348295,0.06524343,0.037602335,0.056248847,-0.0009349929,0.052224893,0.042827178
0.008171443,0.0019969232,0.008245918,0.087489314,0.014731426,0.09972097,-0.0004642941,0.019930309,0.025257649
0.021012118,0.011953874,0.04322491,0.02661283,0.029183924,0.18487772,-0.00048203114,0.0887938,0.08199954
-0.0001260601,0.00036131963,-0.0018914966,0.028298896,-0.0035886941,0.13717575,-0.0011189412,0.034719042,0.029864194
0.025521569,0.016696779,0.03572883,0.17342089,0.013380459,0.028786983,-0.000907219,0.08794262,0.073492795
0.03772912,0.019464878,0.10256237,0.22876741,0.019729938,0.08372822,0.00019330531,0.19454885,0.16050352
0.0033420324,0.010314988,-0.016879901,0.011880456,0.0013440347,0.15797526,-0.0015663905,0.025779745,0.014744611
0.016174167,0.009760659,0.051846884,-0.0106070265,0.025591213,0.13669035,-0.0011879569,0.11885625,0.10379191
0.010169469,0.011331337,-0.015578741,0.022103515,0.011101144,0.06805927,-0.0014367709,0.014748573,0.012744524
0.008916693,0.0017512962,-0.005968156,0.027584553,0.011635655,0.30576393,-0.00048418157,0.056226462,0.059409596
0.022922793,0.015284235,0.057972994,0.045921832,0.02232691,0.06941853,-0.00033766776,0.059792522,0.05193881
0.014480352,0.010537332,0.018418528,0.03477333,0.009005709,0.13680544,-0.0007988727,0.057253115,0.046645936
0.011553696,0.011712702,-0.014303779,0.016756682,0.013062078,0.19186336,-0.0008278964,0.054401122,0.04327802
0.0074018594,0.0094101485,-0.0018976172,0.02503055,0.00040982338,0.08200512,-0.0019408036,0.0121166445,0.01668404
0.013254865,0.009065887,0.008409613,0.038400676,0.020953571,0.033794098,-0.000796251,0.048433933,0.039121203
-0.011573726,0.0036096275,-0.035332248,0.0014446869,-0.016362393,0.22515073,-0.0008306615,0.043177627,0.039574564
0.018728293,0.015460739,0.031217895,0.0031649468,0.023383275,0.14981194,-0.00045817066,0.10145201,0.09002834
0.03166944,0.020261588,0.076853596,0.085428044,0.020368919,0.046919845,-0.0008805925,0.062899396,0.05212227
0.002120046,0.0069892984,-0.0010566628,-0.0019756136,-0.014890512,0.13881917,-0.0014394075,0.018361406,0.029543424
0.022716824,0.017187001,0.027919747,0.028128328,0.019229528,0.09907876,-5.6810677e-05,0.059191436,0.054605547
0.006585812,0.0028876364,0.025056787,-0.0014934493,-0.0027114325,0.20840764,-0.0005968092,0.08083032,0.07443256
0.012695428,0.006318247,0.020436287,0.12380173,-0.0032939534,0.050905406,-0.0016857423,0.031277895,0.025739422
0.00983646,0.0030395575,0.051965043,0.011853373,0.01471386,0.13468775,-0.00059810746,0.057536397,0.044143893
0.0064061154,0.008925198,0.031345703,-0.0129289925,0.0025910765,0.027554292,-0.0015126858,0.014606968,0.016764289
0.01627903,0.0058168396,0.016984105,0.0119818915,0.01951271,0.12213888,-0.0017561903,0.05551558,0.0594375
0.017706495,0.009716554,0.0056603607,0.14698428,0.007653971,0.049858376,-0.0011042524,0.044269945,0.03649892
0.016192235,0.006239174,0.022713337,0.019924983,0.019467752,0.20910013,-0.00209843,0.094455585,0.07759355
0.020513033,0.015332019,0.030914228,-0.010824889,0.01617485,0.038438767,0.0004905006,0.012398109,0.014710804
0.02346746,0.01470294,0.018603556,0.027758773,0.022266103,0.15942782,-0.0001767613,0.050352532,0.055461988
0.012468761,0.0139580015,0.023633298,-0.013987087,0.013124519,0.057979684,-0.0013509644,0.025599914,0.024698878
0.011690769,0.016425388,-0.017528508,0.042778794,0.015286639,0.073080316,-0.0010750154,0.030749924,0.027726645
0.016506594,0.00386242,0.053854253,-0.0071097095,0.018909222,0.09747965,-0.0004171133,0.034626663,0.028148966
0.008354433,-0.0074033327,0.028099991,0.035430837,0.021353822,0.2278274,-0.001538177,0.042906657,0.04259235
-0.00063281134,-0.0065413965,0.0013272474,0.017004706,-0.0118617285,0.24432704,0.0005270438,0.0071801133,0.010477062
0.015512995,0.0058737956,0.05575354,0.016470285,0.022109244,0.17090994,-0.0014061853,0.0723891,0.07498976
0.0026883949,0.00035766885,-0.00044536125,0.01863162,0.0048410883,0.23003137,-0.0005289074,0.036656372,0.0291231
0.01954788,0.01493006,0.05159016,0.024545195,0.02604807,0.060872525,-0.0011860523,0.038270287,0.03699836
0.01284121,0.006231282,0.030334666,0.03802265,0.012057685,0.094341144,-0.0009099664,0.04221359,0.038323846
0.002537625,0.0039344467,-0.0028800159,0.017593853,0.005669813,0.11511023,-0.0007838793,0.019027619,0.022580625
0.00970481,0.0037749372,0.053375658,0.00027052034,0.01064443,0.11573745,-0.0015972881,0.07837477,0.060579754
0.009492688,0.0072965138,0.012639002,0.050981306,0.0029302537,0.17218725,-0.00053981226,0.065356195,0.06577429
0.004850775,0.007792726,0.004375552,0.023105957,-0.0032202639,0.12699667,-0.0015056385,0.031040229,0.034911588
0.02784187,0.01936808,0.046415668,0.032156136,0.03673128,-0.005523499,-0.0025456455,0.03120113,0.028895525
0.005659843,0.0038290303,-0.019056689,0.03724156,0.0028149295,0.18916732,-0.0011303239,0.041051786,0.03266257
0.03862774,0.024143437,0.077430375,0.07097613,0.05224263,0.15427175,-0.00030725542,0.14114477,0.129619
0.015278737,0.0066359844,0.05834193,0.11738006,0.00042534107,0.081763744,-0.001261387,0.086405486,0.06547615
0.008516187,0.0052621868,0.01746865,-0.00082158064,0.0069840746,0.022448502,-0.0017942302,-0.001166489,0.001393524
0.011625811,0.008931449,-0.0013030386,0.036157083,0.017181845,0.04522393,-0.0013395213,0.005380526,0.0044006878
0.0054406747,0.004683193,0.033237025,0.00041398965,-0.0074966755,0.1490736,-0.00056051556,0.010389376,0.025201095
0.011096982,0.002834607,0.01867539,0.053505983,0.015331759,0.13878627,-0.0009788219,0.047983486,0.04486225
0.017928947,0.013642931,-0.019261245,0.085920736,0.019089377,0.1959934,-0.00096757896,0.09069528,0.08102465
-0.00023313612,-0.010924475,0.054059844,0.038704693,-0.009649898,0.17855886,-0.0014045397,0.07789111,0.05539298
0.0106593715,0.009347735,0.0148696685,0.05931022,0.008049097,0.085050784,-0.0015042564,0.033003442,0.0337924
0.0070143323,0.008136481,0.023300957,-0.021183357,0.003179574,0.17273894,-0.00024090614,0.05815134,0.06005791
0.000247946,-0.0017154571,-0.034962144,0.055977035,-0.0007530004,0.239252,-0.0011763843,0.034335453,0.031402864
0.01374706,0.0061058253,0.025884766,0.037435617,0.014836778,0.12978542,0.00042381976,0.05128312,0.050305918
0.007095905,0.0053757858,0.027958669,0.013756584,-0.0024654195,0.12503254,-0.00031116605,0.043184184,0.037567552
0.020986496,0.014633546,0.03745479,0.043921378,0.0107002035,0.08616029,-0.0006455844,0.024977226,0.033895068
0.04740858,0.037184022,0.07918417,0.06375284,0.04651884,0.036015484,-0.0009473413,0.10951138,0.10242185
0.0093548745,0.0017510261,0.011042844,0.03454033,0.009092869,0.26348776,-0.000386063,0.075807735,0.06409026
-0.010012707,-0.000660209,0.014516334,-0.004006946,-0.020955412,0.09443386,-0.0026490353,0.0019429214,0.006477509
-0.0009661466,0.0013023578,0.024493892,-0.026984734,-0.0058587184,0.08747654,-0.002834877,0.023108304,0.021516027
0.028964259,0.00279738,0.08604296,0.052296788,0.04290419,0.10340068,-0.0013121245,0.04976283,0.054021157
0.015100943,0.0070751086,0.05567981,0.025099035,0.0067809187,0.10178749,-0.00034126453,0.06943647,0.055066638
0.011284188,0.007883418,0.019260038,0.012143101,0.007637785,0.08506151,-0.0014330056,0.04892046,0.040971167
0.01534171,0.009065431,0.051536743,0.03472025,0.011795783,0.06436441,-4.1985884e-05,0.07667973,0.061300203
0.03593289,0.013309715,0.1123816,-0.0069825356,0.048419096,0.03587704,-0.0021012835,0.035847183,0.040583443
0.0061496086,0.0052256007,0.041708086,-0.021774458,-0.011518026,0.16381057,-0.00043727644,0.02739096,0.042173967
0.03189916,0.025087433,0.042338558,0.18531272,0.011589555,0.10090192,-0.00033576228,0.10401129,0.111006334
