PCA_1,PCA_2,PCA_3,effort_D
0.057880398735878344,0.09677308844112525,0.2986390234689476,0.16567895
0.01875756374001393,0.15762905275544548,0.08271098663968326,0.22037861
0.08972511814805945,0.06207050077401796,0.26077857470124116,0.18275611
0.0358746476545644,0.28160310683258805,0.033633883742309356,0.30713153
0.6238443589174485,0.26344201701119124,0.503743658093322,0.64375013
0.07799840455189821,0.038735133215119164,0.19772372269513422,0.19485168
0.3520127429135102,0.09532654203923321,0.18028979322134336,0.45111245
0.040886582452293846,0.06354000466147236,0.21597112771859434,0.16020513
0.024211483623165553,0.2488587083332821,0.3935880609589152,0.14298236
0.11755267610243501,0.02778728711674787,0.17870642119347258,0.24560876
0.17963387814187667,0.0066741693836874505,0.16077822441801123,0.29327738
0.026467410120366214,0.29314772756014085,0.11616786959024153,0.27473524
0.024402024269384787,0.09821644118969397,0.3162787673409061,0.10727369
0.07613207853875875,0.05639164295055814,0.23735764912251758,0.18387763
0.0864586144592725,0.13694454595048033,0.4038315863923541,0.15821418
0.0391916401790095,0.15311427043536352,0.4037310804539598,0.10593521
0.3197178321706815,0.06861587610329052,0.21259377615105857,0.39264864
0.04774603545534903,0.061800836808456994,0.2430637188895712,0.15421969
0.10570776554879412,0.07749643058541705,0.3118844546661388,0.17459542
0.01852005425509258,0.1430936965821831,0.11130835210245174,0.20625278
0.05937140500361293,0.24069658141020547,0.5182119731697638,0.08813576
0.15932990487951654,0.5505054323868817,0.011651534627563853,0.49510598
0.03632247932229332,0.12579276290232327,0.10498070511811397,0.21225195
0.019623422605474228,0.1297218251457196,0.3626225833269464,0.091921136
0.030497415757920504,0.06551428265842892,0.26109939401327054,0.12723579
0.10196383855623553,0.07958083565887411,0.35562006079647507,0.14913347
0.11582070248799432,0.03828644284385409,0.18373830121547774,0.23080842
0.38283102852606177,0.08008603640548798,0.20717783867278022,0.46976972
0.03596846970705382,0.07518776907920624,0.24963364957114922,0.13755006
0.2019071891099189,0.09912934012096308,0.37703106001144115,0.26011217
0.1953314277080186,0.07556258930071313,0.3239919234532732,0.27384925
0.03884014472751296,0.16275063585172445,0.13604329731747644,0.20898172
0.1489473222945187,0.062218923866613485,0.1262326051231631,0.27375716
0.10020285890023929,0.28537058758661227,0.13577873836795284,0.3205499
0.375786096728024,0.10047946529940574,0.2628962193584986,0.47627467
0.12649857989889507,0.05144464084180614,0.15618480591798894,0.24264306
0.013514686283732133,0.19436409066747778,0.23101305467272693,0.19271368
0.06229434278896659,0.32622797320871944,0.051970739839971386,0.3314575
0.19927659039214046,0.029126915192517228,0.17230425845255443,0.32314694
0.06676182119235512,0.24974043712543673,0.6330659634740936,0.042574707
0.07660443816207274,0.10305434705333841,0.24463264186604056,0.210194
0.1952311618863282,0.03743848895215532,0.1435439892699879,0.31620473
0.039511428721857395,0.11895294417158059,0.1418641926414379,0.19875129
0.3748777558834761,0.06874881505393443,0.20831202142800456,0.45498234
0.19240150826234412,0.013713900112468494,0.1875055192070754,0.2956217
0.02971161439674129,0.08634689951842578,0.30037653569733314,0.11779855
0.063506589730357,0.3019384372365903,0.6699590186550466,0.055466436
0.057161007344256415,0.04049450662367958,0.21652565136286883,0.17477053
0.03498889342184097,0.1045448457837578,0.2844426316516203,0.15229544
0.05242852054517011,0.13691131864495235,0.4191694929552188,0.096764885
0.06616861649106118,0.04504432370686147,0.18827128996306902,0.18142684
0.063295525694336,0.09183420138669085,0.292858462570531,0.16673158
0.033433033099432644,0.13757473277714363,0.3959629461788883,0.110049844
0.05794328945703034,0.10051804741524568,0.30690130282466754,0.16611664
0.08293096134563452,0.04441215161409852,0.17852095530127715,0.20642143
0.07071450553136718,0.10164322717781764,0.3384739578088529,0.14697848
0.3555903441720748,0.06599802014947573,0.18795750388829802,0.45675677
0.07417413857279082,0.12466340865830901,0.14513083911427882,0.24635768
0.03520217508405363,0.06426653715746952,0.23237252801584407,0.15029252
0.09805926046339944,0.05106332401973153,0.22214138872594727,0.21988414
0.02582280176516541,0.13682876291999238,0.2312636733136095,0.1545216
0.033950771700329826,0.07748165338177522,0.2894764741130714,0.11663053
0.01865528754809305,0.15172122298188132,0.43639372876154425,0.05737003
0.015735443866360735,0.11361333603338236,0.177832040635496,0.18707125
0.0484644553085648,0.17258134729404104,0.10560265748400438,0.25041363
0.19437334964158862,0.053498591113295316,0.26694185269839266,0.27249163
0.1823850011413131,0.0314623467611586,0.14366453817200558,0.31528628
0.1021008724050575,0.20493359843253872,0.05013371748759057,0.33978873
0.5109704524981296,0.13284127030263684,0.2720514677154371,0.5826529
0.14833120571234948,0.03367488640856163,0.2035190411767911,0.25698724
0.24008387550769453,0.0529521336902337,0.30083603459316094,0.29286325
0.054668006385282464,0.038449566790462825,0.21398442802434695,0.16030724
0.158668050358035,0.024700143475599318,0.14444144355602828,0.28468645
0.3160866774800168,0.05753173423560501,0.19148882476406123,0.41768008
0.029738018895481944,0.07338382597200208,0.2762877202997244,0.12624732
0.12694316132378997,0.0944848067256768,0.3112986540923568,0.22591604
0.0525309773382603,0.09474776662428003,0.3128926950419608,0.14930776
0.02880453494459824,0.06417691665179129,0.2600969257038926,0.12877446
0.22582360418594782,0.025502933985740897,0.1389813360327165,0.3467182
0.0270249743620615,0.12054518396219954,0.3192323904001807,0.11779621
0.03915797700121881,0.3542907500105992,0.07975207840502949,0.3180436
0.11683965473214755,0.6127873619074897,0.05236561712154117,0.46783835
0.09437829247737511,0.2566316318590922,0.6165763114157108,0.09637783
0.027021507226548683,0.1189650782780366,0.35658244596141997,0.09425181
0.22835913474799582,0.01618587947247467,0.14695273049785895,0.33791322
0.044155158154475085,0.15027855742337554,0.36642193045715404,0.11574383
0.13867831120485766,0.024618010210681454,0.1783208173665482,0.25405276
0.325958200508153,0.08027115753025846,0.2647918788123544,0.4189819
0.4425319004976396,0.12312021906634377,0.22072734663979013,0.52923137
0.17056833941064342,0.5148104019940987,0.01898034181434588,0.4920342
0.03590278225948414,0.08692330381506716,0.30402955588196534,0.11955276
0.03159173669697497,0.14812195953527152,0.4476696992434413,0.05953607
0.14344807504066148,0.2756405503717195,0.019712396844486973,0.39219356
0.06377607130420526,0.1753544745104199,0.48026210433140304,0.082793206
0.0892529732508057,0.4330424812777073,0.10131776617865632,0.3858077
0.07266067684402178,0.05194080293513226,0.26577503081567966,0.16130616
0.22207723678134317,0.022884399873943848,0.1304647499605714,0.3394444
0.05969223314201713,0.135346153499975,0.3883707671364057,0.1226247
0.03361437636333073,0.1287807610047199,0.3667261993709141,0.11385011
0.0674364863392949,0.04347400042773443,0.19969146983218017,0.19774044
0.33703418691006115,0.06521423237508349,0.19606813768188813,0.42883414
0.048591576327262256,0.10586761175847428,0.35144132866389644,0.119045496
0.03225655547359969,0.3137332302207415,0.45963247133772056,0.13390404
0.03298040520055241,0.34050906639076606,0.10618866204834765,0.30033058
0.13864041262311377,0.04011419541043916,0.24378045612597118,0.225501
0.04445213217337379,0.2521091835976332,0.08762133686985416,0.2740901
0.05812699190394792,0.06869668300675273,0.26462947546718435,0.15115711
0.052037413617060976,0.05359078621793849,0.19542990981172814,0.17353249
0.030623722532265862,0.15222451910585752,0.12885421438486905,0.22612755
0.1312124777400002,0.005894364414840508,0.1484641680933912,0.25367865
0.16392222577082305,0.017901634760418686,0.1416141779008264,0.27951005
0.09260173975394831,0.045714831989053586,0.24791239509253832,0.18268166
0.7733777379346897,0.2802330795354536,0.4479656570525927,0.7887281
0.04374818030456894,0.1008077293434052,0.2442966832984287,0.16742834
0.0371850334438482,0.15677659165387905,0.16013868293513983,0.20075879
0.08623097747264519,0.15990779180407041,0.0557075154154853,0.30502754
0.02839278249498041,0.1417542821979316,0.381173994885862,0.10052802
0.030142001329640206,0.08968764430171403,0.23148712754902134,0.15584636
0.05158144049935845,0.06350464733396403,0.24031449993189052,0.15352595
0.025356741035312033,0.08624386250806257,0.3068559566083906,0.10696496
0.06989285942042038,0.04320359031160874,0.2283363019262477,0.17247792
0.14662465540644767,0.02880653994436219,0.228121923977531,0.23895875
0.12851693259097502,0.04120683946410192,0.19934051511970358,0.24634163
0.03198889201409286,0.09808394710052681,0.33983159848658695,0.10345886
0.04496852189692459,0.22678670434216175,0.5535383447936125,0.054499652
0.02895327306245518,0.07663213835282948,0.2792027527832565,0.123976536
0.19035839037570595,0.029945196839553906,0.22074315387541077,0.27828324
0.14900526695010255,0.03229302790803727,0.2091740164326063,0.25007913
0.08520407846076355,0.0864439119618411,0.28158558986096155,0.18553823
0.055211078269608305,0.10651075170705912,0.34451718275413323,0.1414977
0.2913022209109054,0.08104221211526769,0.24639654111155163,0.39493322
0.09901256446727293,0.1662572762634227,0.4716856500310198,0.13720927
0.04290423845957399,0.2580059689770762,0.14552638565823534,0.26976997
0.1795468321644032,0.015140795140738447,0.15199020082826353,0.29396343
0.4014004199247302,0.0806792286431488,0.2197932983799765,0.4835589
0.15045411752111026,0.045957017353465066,0.25172207624296816,0.24681313
0.01935285614674412,0.15082866817463883,0.2937694263668848,0.13489297
0.32110252758934865,0.05574126611824856,0.1658348553746512,0.42944592
0.06300929213037013,0.05151951678393159,0.24183812049721176,0.15830687
0.04091284970043313,0.0637582855414995,0.19501389115825749,0.18225919
0.08282662796730046,0.04772584293385941,0.25192776462609706,0.18235138
0.047191781701409516,0.06470356538639307,0.2540473365403209,0.14135751
0.04691973857124475,0.08807294109043282,0.23753275238812294,0.16871959
0.5409319066269376,0.1609252444653023,0.2805421129526776,0.605156
0.07952775883572187,0.5942575784038342,0.13101105191239576,0.4223264
0.05830499065925632,0.08135990715174676,0.32111968443463895,0.13450427
0.060257487518532826,0.04435982174569765,0.2238065881513197,0.16708095
0.10586316564275516,0.03899867653914979,0.1813082766754045,0.22337925
0.05197202884292382,0.09908656180422734,0.3213438303304211,0.14803693
0.3668274193012224,0.0639300750587215,0.20083707900984177,0.45125628
0.11341837821355133,0.05397917779910531,0.22127913573771493,0.2260786
0.02751086272687621,0.07085187234499456,0.24732493327701163,0.13389227
0.0299742436780705,0.341415052844696,0.07619199926970777,0.29853147
0.060059071787244456,0.2586770989858068,0.5937899971859978,0.061791163
0.0719475697850024,0.08108516579276273,0.29201840807825075,0.16087146
0.02885163317330744,0.1614802374859226,0.326566240716682,0.1312369
0.09929211816110786,0.24089593211780624,0.11169638599687587,0.32905018
0.3075964849254439,0.04926328823665303,0.15759331872032156,0.40917808
0.4255643347312328,0.11562086825446309,0.24186522838738247,0.51785356
0.026363661836591043,0.2847793215200135,0.11182455749659384,0.26339602
0.19805844327494765,0.804286664156592,0.00928947860021792,0.610173
0.10823203778241842,0.05780805058034651,0.25264802051035395,0.20841849
0.05836315411332926,0.20704874994184871,0.5330679600157375,0.063896626
0.04637374680170615,0.24612017496846922,0.5581866067759477,0.06362723
0.15576977976660328,0.6368841417670541,0.14084190466723653,0.49586356
0.2061679884078596,0.05392402260721246,0.19910829912458258,0.32944155
0.030249183665556886,0.07101569059606828,0.26012114529301517,0.12963203
0.10098590022392273,0.05319837695958049,0.11246523825711816,0.24674419
0.1449814732913974,0.06651902429599015,0.2524934734459038,0.25436574
0.062546791105799,0.03792172013228,0.22027584563713198,0.16685456
0.033361846540734416,0.17082169100001504,0.47108271052218437,0.075648665
0.11480705999816407,0.3604859405399513,0.06188771705342799,0.36907
0.3191640642287143,0.1076721772392835,0.15056593721662886,0.43681484
0.03225102397958611,0.10794678135636142,0.3253507434448401,0.121804856
0.20282531263400927,0.24003021765874402,0.1758127946360628,0.3871587
0.13751332569521144,0.11834777730762776,0.12419520201832374,0.3131895
0.02837904716800109,0.10046568259571431,0.29280529649573017,0.12261088
0.10406536682404613,0.17430307487610963,0.4146774199496978,0.17390709
0.3172511417684733,0.046392959894580185,0.15953235959636475,0.42170626
0.14483362410112727,0.6152535286831351,0.05310913860930805,0.48455805
0.04561355288769424,0.08184318236653329,0.3128556836971333,0.115858085
0.25390854863265555,0.038938971417629975,0.15903789421112957,0.35879177
0.09973988011566626,0.015501365998251429,0.16593778562629183,0.21922955
0.056104210403196866,0.03193359158892149,0.19333544923289991,0.17432123
0.5767835951772036,0.19246257060287653,0.3590000938706175,0.6495039
0.03356095978990263,0.04919523038689268,0.2171297451650973,0.14077768
0.08550639783225931,0.368669450303008,0.046864248206661435,0.37920022
0.025863931331959328,0.12984414728418575,0.38579515814493426,0.080760546
0.11314488850616013,0.036467003772662376,0.20496521364096396,0.2148763
0.18170110020498112,0.09984249134923764,0.3816438281617084,0.21809871
0.04234378444594376,0.05873219265593828,0.24958595110447995,0.1448619
0.0009683122336000827,0.2182209941593095,0.24552935444136736,0.19537318
0.06499715692286516,0.0976454974729164,0.28842416841381235,0.16606317
0.1447519653500598,0.06858984498680529,0.28641273609585455,0.22769268
0.150341173223851,0.6216326518360282,0.006158613912779831,0.5079129
0.1995387861882755,0.001070524373886661,0.14784500621248342,0.31139016
0.7681877228702239,0.29881099328104516,0.4708932813247281,0.7836201
0.11143290216986534,0.4756442106879813,0.00867820435396266,0.43317473
0.02767435862465202,0.1090015121819311,0.3579508918535349,0.09873131
0.03229835881433439,0.1676825289690628,0.33054349022045904,0.14250332
0.24391683761476646,0.0317289394388907,0.17843557445216973,0.3570056
0.06527099918656744,0.055760179536529716,0.18340014431651064,0.19876102
0.20933922164062232,0.016726286811979657,0.16958071308667083,0.319399
0.024236938538308633,0.1463652157434507,0.3904506534827534,0.09595957
0.08653611048882831,0.17123063546662315,0.5166146839785147,0.09670005
0.09699531563062111,0.04780312506850759,0.24343484870391965,0.1970163
0.4258942901999123,0.1080859735578555,0.24265571981112655,0.52653676
0.6136767554811755,0.2094422156354675,0.3625277949589606,0.6733266
0.08248430360568854,0.03213836020285421,0.18178723634773758,0.19165435
0.1348382515770318,0.003851933386163159,0.1689420949808444,0.24394944
0.07527614897143468,0.05653898292761421,0.24974503477418186,0.17797521
0.5887110321919956,0.20730506558999934,0.3616403752791712,0.65406203
0.14286609221918534,0.11526502421491525,0.34107377452874976,0.22920515
0.07730381667679909,0.05428546895269895,0.23086322593049796,0.18380328
0.14858311528059978,0.03166444896523138,0.23665879882275392,0.23480158
0.0843256462208117,0.11653991431299986,0.3660190383516671,0.1551409
0.11260838115561006,0.07428549058231168,0.090409121754498,0.278439
0.04390551816945025,0.10581322306989344,0.2495945816616262,0.171424
0.061330774225684004,0.3070464674623713,0.6839631750252272,0.034613635
0.01859403368708909,0.2254450423265379,0.426222851197292,0.101578504
0.14047675654756592,0.005265263894247529,0.13549721306355678,0.2598403
0.27809850255648216,0.09428864730823694,0.30481837318872335,0.36697978
0.06139557204333894,0.015429139198475175,0.18154419358270202,0.17404674
0.033692504738121035,0.2228191627223635,0.5495967972868515,0.046913486
0.1056796890651924,0.05649010432030854,0.23628283718304446,0.22323008
0.06431916347813536,0.03917629825869352,0.21519927299794617,0.16561976
0.09170055475909886,0.013492382615125725,0.17412770531809424,0.21312796
0.05256644589898089,0.12655726106725068,0.38239244213253326,0.12709919
0.019833259334574457,0.0938638356067013,0.30121792251397256,0.10890426
0.4338395637545607,0.13084165042626716,0.341826255907981,0.48291093
0.2241403821736137,0.24465589720844574,0.14984117973771635,0.41794968
0.05392309786225276,0.04704946501473928,0.2411037078259978,0.15578684
0.09081820018195308,0.05225705443349393,0.24024479698545398,0.20173539
0.04592829400454562,0.11391363455630568,0.3466388631922188,0.13441837
0.3585230441440407,0.06954968908565336,0.20352406158157535,0.44485384
0.02646952561259676,0.13143687128867257,0.1855530914839864,0.16959421
0.14981699929849068,0.24245971486864673,0.02711189522562596,0.3832804
0.1554864013613233,0.013277394429701272,0.1530961138865152,0.2723149
0.07311234818198942,0.1045174228310721,0.30673912080927634,0.17005861
0.03776774815655953,0.10111823392170671,0.32458941085060794,0.12046998
0.351821995457635,0.1005349001085114,0.19351740417000654,0.4545837
0.04166323786257983,0.03722253608285728,0.19618154012946626,0.16806471
0.3358119386142663,0.05772712917661041,0.23998838383108465,0.413554
0.1614621593401373,0.02747500048558306,0.13812883711538076,0.27838513
0.2596316438899552,0.039544745330208325,0.2116330093671118,0.3536312
0.041582128228075804,0.04972082213769714,0.2345931135915551,0.14048958
0.03650036765890402,0.05954772735780284,0.23850105348079534,0.1378661
0.02709290157009145,0.19556270650915283,0.37241038797316256,0.11950348
0.13465722807785643,0.014463109056837703,0.15150974328237907,0.25182587
0.06693602226331972,0.07910122614300896,0.3038029869598142,0.15605555
0.21844355730269263,0.01339094328936756,0.17166088971323054,0.3144179
0.07683585314967066,0.059503577723761636,0.21851185902639397,0.1899116
0.09076851839123062,0.05813832884329062,0.23813170525061922,0.20426701
0.0555144385544534,0.10733901087967654,0.2505202374154287,0.17682035
0.15718549258375356,0.08495935269012075,0.2776906213554844,0.26388213
0.16348004912663994,0.1591847151463451,0.08231016418705059,0.3497556
0.28660388990545427,0.03491160070485323,0.18463191004328505,0.3738842
0.11516691316081751,0.0500539043764507,0.11748055785923509,0.26214117
0.03630062805102159,0.0668220959691419,0.2644492840206857,0.13254851
0.049607974171558517,0.05317941433287267,0.20120940636134688,0.16438048
0.030490363954658345,0.20693582040614616,0.49027821549038864,0.071086906
0.0791847231749935,0.21140456546661676,0.09269101542582156,0.28650486
0.04558224459808029,0.051084254125083176,0.23536438877655996,0.14572632
0.01456695420407142,0.1985289476773025,0.20762296180227632,0.19690701
0.41447922181925234,0.17390778698181256,0.23167523221901928,0.539542
0.047447323762819946,0.21648181187095372,0.05729071898314925,0.30160278
0.29285830572970223,0.046753320654355474,0.16695575128024637,0.41060102
0.347331579726739,0.09721628526060516,0.2452588015980636,0.45769757
0.11923797659326194,0.10893000191325901,0.1883069204612769,0.2474464
0.04064910453067544,0.1561688188999241,0.42318022237432684,0.089992866
0.07526676576486521,0.03284561675672902,0.18037024996802864,0.2107697
0.13797423234626566,0.007705317231991138,0.17173586419570722,0.258197
0.39111195889828054,0.10164337134978826,0.2203859319709807,0.4845634
0.06227828498920862,0.05188033924825371,0.23532199662117337,0.1739693
0.10936846367400155,0.06337882045715508,0.24048292697132634,0.21324813
0.37534658340248084,0.07453497775913227,0.187625015077371,0.46384895
0.027390490311174326,0.1629546839705283,0.2288147664938532,0.1719016
0.47228784858714756,0.13037833731908482,0.26445899064940015,0.55735046
0.1639852688812085,0.8939274070805839,0.1673304327952176,0.60580736
0.020844547124987622,0.16177458990993102,0.3314933424696473,0.12601623
0.1715708492238755,0.05519080069194572,0.1359329705558195,0.29451662
0.14878369827757862,0.009136893675553676,0.1773186102324411,0.2504962
0.040770052351357666,0.05039467546296886,0.2136768987633484,0.15389481
0.026952599073110872,0.10276834508290103,0.330081338587676,0.09725808
0.2335316624679727,0.1536431420528757,0.23790088992744357,0.3798734
0.026578724510861407,0.10598630883575946,0.3252153495732592,0.10863673
0.19367132913242738,0.027336817275327302,0.163385529233542,0.29487526
0.1623103786697882,0.07533267322712627,0.28801595415462417,0.2364106
0.06609304021675895,0.06664034203060624,0.24323290359391964,0.16953482
0.03148083109614434,0.11874052852089487,0.3399984566183675,0.12052347
0.03340757017161959,0.19627445391239579,0.4858187611497188,0.069398195
0.35014027370945955,0.05414745011962306,0.23206009383155754,0.43169618
0.02871869565085,0.16996973046922653,0.3900478912426738,0.10807317
0.03142042830838644,0.22097730484614253,0.4995735804623628,0.06715768
0.024121195503322534,0.09937816561497409,0.3311871123405784,0.09536445
0.09933853102801846,0.09099608266496813,0.24555321366168995,0.2111361
0.12189476529301452,0.02748598783873707,0.22107436588283233,0.21872209
0.08450890122885091,0.12709816049849107,0.3586167914505447,0.16741964
0.04000043229392926,0.05143633120634658,0.267611207871255,0.1291497
0.011518836498290691,0.22095895549168482,0.2725104750716675,0.17648506
0.08228388357512212,0.11036461158230057,0.35569572735861255,0.1633137
0.046760933676202834,0.032953126002161784,0.20597388171559802,0.15416503
0.020636821624048243,0.09186379762408375,0.25912864028618954,0.1394985
0.13359604143405962,0.028312349682759766,0.2275952585500408,0.23367327
0.056970973397376445,0.2683611880075004,0.6930099129930067,0.032164317
0.10135628852304013,0.052296558621289194,0.2284679215664309,0.21618089
0.3853098079984174,0.07149672348590097,0.19716811939032322,0.47641528
0.10029349920251653,0.09221302093361297,0.3343208751189579,0.17767365
0.028896909377910923,0.193398687294353,0.14126551126595288,0.24059696
0.2367578715943096,0.07047356877857279,0.2630017958289396,0.33637697
0.023914541570316014,0.14304906385186536,0.40078836752260033,0.085119665
0.07595521615605241,0.5365406040004276,0.13977525131281276,0.39669687
0.08149396791829316,0.07069822857436861,0.26282396529344565,0.18890399
0.03366276764317194,0.08996225348280815,0.3000363343473654,0.12316816
0.026141441698484078,0.07721981623312257,0.27767096881908576,0.11939315
0.03584834595300644,0.06734527584544617,0.261782558623833,0.13463043
0.0675481476679704,0.044828779103979394,0.19374154516320816,0.17856817
0.35950848234942767,0.06185699041775908,0.22400042823720956,0.43804276
0.1260260065658157,0.12475320016645343,0.41486924832568806,0.1677606
0.027057101974163028,0.1959336530344857,0.09790857917684864,0.24597126
0.18158091477483287,0.07316651641973741,0.2812839491269814,0.27100864
0.036249498077115305,0.2712947341704752,0.07427803446796619,0.2803107
0.06263324749316161,0.10329880169586445,0.07370754782559161,0.25546813
0.053556276675955194,0.2168796393734245,0.1396836764906102,0.26806393
0.11435379965375563,0.11161529477354376,0.33613412772670725,0.20214164
0.05687682064234774,0.07173406145713529,0.2771380357999796,0.1438022
0.03736276389276609,0.092874437379242,0.2886911750515827,0.1442095
0.05534635401062217,0.0685491399210343,0.2476607190922267,0.15314555
0.05691593440842607,0.23479806411307697,0.078241294649956,0.2914815
0.16277165025038973,0.028189760480200582,0.2071731140394788,0.26751366
0.20157266201444984,0.09786000391250074,0.17210340626702134,0.30031598
0.06500139735764926,0.0432200384532323,0.2277461081054365,0.17319287
0.5511491347890156,0.16768377834126585,0.34974131906596084,0.60247296
0.09699944209199637,0.029695850588469283,0.20442866474377464,0.19757041
0.04600149166541223,0.0979581976007492,0.32655689218434714,0.12090518
0.029404648948332224,0.16854948900354572,0.3850908438933618,0.11723583
0.04808420517527949,0.07032530074028824,0.2772835649852216,0.13932523
0.3982160524747641,0.07909727539161376,0.22864128522242702,0.482226
0.019070762791363757,0.16436509671918303,0.1608193016453054,0.19373123
0.06511841518669026,0.13969128238960468,0.3859120845971935,0.1417827
0.11077865276586407,0.07873057030454686,0.2812665656707328,0.2135077
0.03436413867746696,0.18416776939189328,0.21856915159262985,0.19562414
0.07813275263632435,0.5986783733094547,0.1725905368056708,0.4061222
0.04353053791333056,0.05048183916402876,0.2373432189776767,0.1409261
0.27089198317661783,0.05253000445776616,0.14010870416868715,0.3862508
0.031832218734737294,0.2758677406107425,0.1255134053622164,0.27060258
0.027226282468105448,0.09369638702886834,0.32785546071324206,0.10285001
0.5656197600959992,0.18452052338480282,0.3417702711972444,0.62471634
0.02416875071390026,0.20105959015628366,0.3646267781812472,0.1228272
0.0430170407995485,0.06753736753232083,0.2611710383752403,0.14168015
0.03186246213281581,0.09759739358793904,0.32124559230991967,0.11452153
0.042734120392195055,0.07718177868663272,0.28647032717674414,0.14333114
0.13532103123828312,0.01449980934124899,0.1894588776042686,0.24291556
0.08044211279633476,0.3742429430931585,0.07537103726808739,0.34937644
0.03268823891158948,0.11950264672630048,0.3269834500379276,0.12087716
0.04077722965366978,0.09580500238081871,0.31655898606475025,0.1248153
0.0582336613852142,0.061437083899286454,0.26370694227526775,0.16170312
0.02869168085380054,0.0987253774159841,0.3112967740714097,0.11812908
0.07203511668314069,0.0671827126213147,0.2104346979168253,0.1947826
0.06639486572539217,0.13891781920071453,0.15246602345865834,0.24669449
0.11255116094399574,0.2817060379163675,0.06886810618139558,0.3571627
0.07884084502955721,0.02274258629971912,0.1734968225537074,0.19430764
0.03236738518610521,0.13032616171919414,0.3797332552945902,0.09647513
0.03779846647668375,0.09459416934392348,0.3172731451668907,0.12106483
0.04970381105136032,0.4043622031000806,0.12453027173543582,0.3251912
0.09897876697918961,0.06960053512114278,0.2802743301977397,0.19319758
0.14971578187731474,0.0020684880794755167,0.14200080433675566,0.2706862
0.14719716780516884,0.06670497597209792,0.3082791433864398,0.19839774
0.13807099187419367,0.10968921135428666,0.14663176412003642,0.27251104
0.06929742908689943,0.455265043090781,0.1679267375985674,0.33695763
0.019534181067794962,0.13679785982745207,0.3883896269929511,0.080203176
0.10819759209653124,0.03052319540422456,0.20741406136857543,0.20477611
0.2528709838404219,0.04813275815341221,0.24282946806227748,0.35120672
0.1271352839130977,0.040508121119005175,0.1303254013682401,0.25749737
0.45466367604562996,0.10805225936246862,0.2700069705501441,0.5302151
0.055173114467876386,0.3342309972037937,0.1079589117262078,0.31435382
0.11221210711002363,0.057061012924897195,0.26585476265991254,0.20435558
0.05955777024188444,0.12194511767355473,0.3565031180368849,0.14019644
0.02296024983059239,0.1366440257631014,0.35091794414584576,0.10438074
0.10432668350788679,0.043219619043027804,0.21756883961419138,0.2169626
0.203013122919814,0.12597122596547689,0.09079645764622205,0.38075083
0.05064352184692188,0.1521862615841403,0.13474333851328985,0.24342473
0.03035184599239897,0.11738784284959441,0.12244135393877503,0.20156966
0.09887708693915268,0.22526271541170473,0.5727177504260325,0.10654863
0.08970730707309868,0.06676356521436583,0.25213108114904,0.19866107
0.029674118836953672,0.17449652247738723,0.3396096333579386,0.137925
0.31925805770538307,0.09100491001216367,0.27741090338263474,0.4203928
0.05068389115018511,0.18368549930522718,0.051086852076263595,0.27561992
0.1388497298382437,0.1707426578581256,0.06471441080871917,0.34184653
0.12453147236605062,0.009104180613767998,0.16331056833127786,0.23558897
0.05549452338756834,0.10303793620842272,0.361078441327253,0.11701472
0.1374341030245805,0.6526522523034777,0.029467964468651686,0.5122232
0.06397249927183048,0.19354920998029312,0.07567949271227795,0.27598485
0.46311990900411526,0.10853683522663513,0.26841216494153,0.52684486
0.08673171401318408,0.09271200631008755,0.2934279541067832,0.17824465
0.030219412808551088,0.13696277850402522,0.4019568730644362,0.087602094
0.008848527169287163,0.14645550244859726,0.16177706383787926,0.1895973
0.22239573019938425,0.023769139226993224,0.1752883659680048,0.33050144
0.19376249112380758,0.06353508036115932,0.12186163970168465,0.31835848
0.030918201722954827,0.05803266006901443,0.23902394264298077,0.13743803
0.11764618515428077,0.3123543723082963,0.7325057888540215,0.07805212
0.21665682995237323,0.019866564521776126,0.1405224221399775,0.3315488
0.042430310077009065,0.2689385253367321,0.5210646329638623,0.09385848
0.045619350106753276,0.06533139473122297,0.13810970075536327,0.19869421
0.1353201981772393,0.054330207994038746,0.22849014177436217,0.24842662
0.2855064613641275,0.09947643514256557,0.33137042163317787,0.36400425
0.44520291831087455,0.12604578296019897,0.27943884411653863,0.49191773
0.05902844668887164,0.10784276561593682,0.3328030514797658,0.14992438
0.15569249130668023,0.007197862083303419,0.21072574953458006,0.24065416
0.049803976209708764,0.3249309402513645,0.1408240467252024,0.291035
0.008703591302540725,0.275686681949874,0.20575116974004692,0.21961983
0.057463850606853134,0.19075201742716452,0.03321450798248765,0.2873507
0.13523165500976736,0.011279167903325338,0.15545735970085833,0.25929862
0.026553312935170575,0.08338304424947049,0.2848413683426938,0.12272999
0.08824869018944635,0.48750728697553813,0.11023736472692991,0.39416164
0.13163963820866978,0.19767397141862064,0.5936829384554526,0.10645165
0.027410085617521257,0.13017456387600806,0.3973575724006252,0.08724935
0.07848334316659257,0.1390184315435081,0.11074458719697144,0.27374095
0.04970424381659164,0.09292432439282963,0.21643424058304844,0.16538773
0.05212549362183426,0.12335576363211834,0.3703492159325056,0.11294957
0.24705363770190136,0.09963853259404404,0.24269367325757402,0.33988792
0.16939702853552227,0.09018730613211644,0.3985757797892432,0.20867163
0.12070286896135805,0.6352117209773553,0.10156325553209358,0.48348838
0.1200343559780303,0.2908154428183181,0.07726824234587715,0.37379485
0.026721165716091635,0.10396352137483282,0.3481379134042657,0.10272227
0.26912891725611493,0.04518481841867486,0.22483051888102948,0.36509526
0.025531731072441374,0.17935749230997286,0.37740289736622873,0.11108445
0.18022754123662763,0.01500166951229448,0.1988359983313757,0.28826618
0.03800014416784962,0.08096073152232558,0.30542186868943316,0.12456469
0.1348255946147905,0.4459559002892171,0.05353003137196638,0.44714296
0.21658764913924378,0.02597147376724404,0.15512258197637604,0.32438618
0.335990941407979,0.05707878712768771,0.20244975790261882,0.42452705
0.028983992413933832,0.0955991469315986,0.2548484327854483,0.15512618
0.03241701856121945,0.08949816240849198,0.29762469105955314,0.13018617
0.0493423504493226,0.28882090172536246,0.6184089893009389,0.051836707
0.10951396281011877,0.4944135931255464,0.035780448203139276,0.4425074
0.03971706640836864,0.05518706140711373,0.234317372733537,0.13963944
0.11606423630721824,0.009749644713653666,0.1408089627160507,0.23724099
0.0741629591663121,0.6367837372747502,0.31645237956411154,0.35609996
0.10344824776552837,0.055184509488730535,0.20982101948231333,0.2243136
0.504171103025711,0.13872103801862126,0.2685917228911165,0.5732713
0.09169125328285288,0.10772113217073732,0.34402225089759275,0.18249564
0.1534634670157636,0.7750709301675243,0.04754574322071742,0.5612109
0.01204307861611345,0.33669661436550824,0.2987665062365767,0.21122222
0.01989891281167569,0.30909537941603427,0.31402376802877685,0.19409497
0.24890249321090455,0.023548938282734466,0.16828503696138275,0.36138314
0.03947713820926581,0.1617932832218946,0.0902300161911406,0.24757029
0.6391369575654865,0.2054575360052889,0.3516584811957375,0.67734534
0.05045343845099558,0.07545002228142306,0.24628704836640392,0.16547552
0.7747327812157019,0.2837296355618689,0.3834105334506567,0.79651517
0.5651595679694982,0.17833476245384275,0.30655110198786517,0.6401139
0.13227813536704755,0.02718215709915775,0.17779267327941073,0.24926111
0.08051923313790252,0.5120344647422088,0.6590793782540242,0.17399749
0.015015481484802418,0.09606657332056506,0.23644761154129015,0.14272043
0.0897742357258744,0.05278389076220427,0.2684407233933019,0.17760591
0.036376476317597675,0.11793263749432037,0.35861640034784253,0.10927027
0.10504180257772595,0.26512468111574183,0.6152988831103698,0.10471001
0.012026702713927293,0.28113838380521217,0.14588546991025975,0.24626832
0.09991789840450654,0.4460892653928554,0.03356669414232785,0.42208076
0.006921947009380813,0.20587749742971223,0.1485696487372053,0.22243942
0.07353461820639576,0.03424711039610706,0.19626246925875307,0.18884344
0.04461247894952859,0.3542056753094545,0.3412839382391343,0.23473379
0.04407955292013699,0.03556409442692755,0.20140918701447683,0.16194212
0.07351539005733966,0.09619135392642164,0.18187950590421031,0.22985207
0.045482892007148806,0.26224436821580993,0.5880045224183618,0.052759856
0.04665335943230471,0.04994760404080101,0.23224350604175273,0.15355578
0.3726724635582055,0.07099533041499205,0.2485008461843249,0.43657994
0.026682277666038604,0.1499202082754538,0.42541843897752707,0.08131008
0.02111057693836746,0.0927038518029566,0.30752034803165956,0.10694778
0.025366018733731913,0.3972136752026519,0.38286000325619307,0.21218269
0.033601632905335174,0.07216067227486447,0.24422144062169598,0.14304447
0.28164616802825415,0.10759211184536936,0.3426802446120457,0.34436667
0.04500380418283337,0.2213124769515185,0.12121276610903417,0.26714164
0.5238127769693146,0.1432704237015998,0.2826521027261601,0.5948476
0.039495515368782985,0.06560932723619453,0.25893380183942877,0.13713163
0.03271590482745046,0.18483442134571493,0.46398205429697736,0.08663854
0.16475711236279486,0.15603672138936653,0.43758247261359956,0.22466044
0.25148760653811886,0.09643280410308819,0.2533821488489082,0.34428716
0.021193708310591183,0.170915203357832,0.21879756549179638,0.17337057
0.07554700247301822,0.5094146453624171,0.1355414708518841,0.38865232
0.04160859083883439,0.08755209147658535,0.2915290426535017,0.12739304
0.04741666859723545,0.25185732765119284,0.10315235405576742,0.30350822
0.03167599152488573,0.13697209539467833,0.37238833678865035,0.113118306
0.07308625638858629,0.33582901642687,0.010955011397487835,0.35460347
0.1276820243404559,0.01486829517158672,0.15036817715131373,0.24798392
0.3542890353785122,0.0740210265053608,0.21092446253539654,0.44759607
0.03024472859628792,0.1995065464904748,0.13955779676846736,0.22821102
0.038160465139509464,0.14391574734239124,0.38621976277711334,0.110588945
0.09605844255739816,0.02392392526037157,0.17347536381099188,0.20743625
0.6045386154206112,0.21505473863073146,0.40046528354175104,0.63565755
0.07234382980956269,0.3918906214717292,0.020588953435517116,0.35822946
0.2731515082528315,0.055549380957179234,0.21699405869047533,0.3855276
0.41361449725078525,0.09555061499295084,0.23656950709520436,0.49780965
0.04272382406052998,0.1774795527685057,0.090378622147578,0.242304
0.21935366758134,0.021611339608102298,0.13434484921533046,0.3435529
0.37884049585752355,0.06970145077630394,0.2178767681370088,0.45581722
0.029866348125047834,0.07069620055500932,0.17930915615965137,0.16945699
0.1599118096734704,0.04266774972426374,0.21619299526589342,0.2575814
0.02739125916509194,0.1574214758446477,0.36626204602769896,0.11386258
0.08195588130854792,0.046229548913400365,0.2799110728715397,0.16713837
0.15868380414401673,0.019608604883897374,0.16792905306369899,0.27138558
0.24579650674635972,0.11815618092540497,0.13017311146477134,0.40099555
0.02583440987304597,0.13620536611873946,0.39435663692828615,0.08793846
0.09314806250995236,0.008612079223435182,0.17585351488755055,0.20213927
0.06641898274375638,0.4572465673105441,0.056298090927663164,0.39658237
0.03653414624390193,0.04721936836999224,0.2253221655702866,0.1431118
0.06415617036499989,0.12451225624323883,0.12120567799811241,0.24689016
0.09581038926158969,0.05792078303545628,0.22583158635007075,0.21449575
0.04468255560337012,0.12845312718101132,0.08604469639483986,0.2402568
0.22873190865651452,0.057694341099671254,0.15164553288731755,0.3533594
0.019743124785940924,0.09399132618376378,0.31095267049064573,0.09592836
0.06629540544601444,0.07740808967558235,0.29040825297856754,0.16850893
0.04336198326150334,0.5023162909919741,0.37875692278398465,0.28324854
0.09299395032759777,0.5189852990188231,0.047027120934688,0.4189316
0.1132365243014015,0.031710328703380614,0.2216863490573527,0.21069595
0.048466985269851354,0.11646620316566064,0.11592814083704434,0.22498652
0.08225971686768452,0.11982059734644995,0.26569479605883983,0.21343267
0.07909481037343227,0.08782638672550128,0.15226055214831918,0.22758232
0.33846601537538834,0.05793572419826433,0.228014329624215,0.4209355
0.24271706057215825,0.04196403705096535,0.1943979241110248,0.3597579
0.05250363337311398,0.2713766466367875,0.028217936573563224,0.3039822
0.09479885429083884,0.015624811778986142,0.17120733877868177,0.21470635
0.5083544971918682,0.14233656197345684,0.2862008387952566,0.5875616
0.14755493341230622,0.11807670492346846,0.39222391012655927,0.20625561
0.023975887593770798,0.09009928282558306,0.2991422763807733,0.113656126
0.08106563343617121,0.10747570473948137,0.3701390200429586,0.14244708
0.05639238307464384,0.04029711583367501,0.2168576784978752,0.16200286
0.031389115339545665,0.12792299215353667,0.29689680884679076,0.134758
0.021713733863405082,0.14590412903834102,0.4103189099426975,0.08254698
0.048405556763001414,0.16759087148452478,0.36586595189245946,0.15040746
0.04144824687728768,0.04339728890081064,0.19838788565738158,0.15629812
0.024428099656783206,0.08405702227970599,0.29150607316656263,0.11631944
0.060587464026443605,0.2558404424135189,0.16686017920129684,0.29416484
0.5549811156373897,0.16844053986431662,0.31257593709957365,0.6070186
0.22758757752988806,0.023415822626505794,0.1591583242774065,0.34004414
0.020399741636382918,0.15190448773955573,0.28522335572314544,0.13921413
0.2601002076697675,0.04152606727911792,0.25114137652999863,0.33677757
0.05469349223493215,0.06283478711432101,0.25161319137101384,0.16501158
0.05900207637019815,0.03454072978071272,0.20318594293497844,0.16175254
0.02875490734896413,0.06980512307648765,0.2641272565878042,0.12512276
0.02354091031631965,0.16778339730288827,0.4862033778788824,0.055247758
0.030347517500760438,0.21810540058807948,0.5273608631030485,0.055219658
0.07894451059422482,0.16312451363501004,0.5332656266860762,0.0738747
0.06595748756106481,0.13663376712534323,0.4409342984814942,0.09618386
0.08455875972843759,0.05696764472884992,0.2952329134492532,0.15238355
0.41325779805616525,0.11124901875887142,0.27344485357166526,0.5009308
0.02843189724853709,0.22957670147469117,0.2663426226426823,0.20525113
0.09147621642379175,0.06050000305238559,0.2429182032496497,0.19875374
0.07350423322783696,0.04741592068636037,0.19224316886376144,0.1853328
0.0842644979339495,0.02815515241202529,0.2048931596075838,0.19317795
0.24899350253888114,0.0319317526990784,0.15033056894908012,0.35798693
0.16141080910806116,0.012712670374968732,0.18121959407592353,0.2691567
0.21026842436210053,0.05810834729011938,0.15897376680937256,0.33770072
0.02839538937313482,0.09246385464468379,0.3070173065341003,0.115368135
0.20367388801486397,0.026283646154283233,0.249124330375265,0.28298014
0.16562540605407683,0.0636121483216922,0.2510207919154601,0.28362328
0.09462236316648345,0.27624142414763253,0.3212619807151002,0.2490432
0.07509446075961121,0.03070681165783415,0.22121987112894162,0.16835846
0.03018288713042183,0.13192128195685432,0.30946730703169256,0.13025308
0.1685990554937796,0.017451205846976695,0.1666727385909743,0.2713597
0.1991224885681881,0.00350888591332546,0.13950003823843898,0.3134442
0.13025562050479392,0.7088542731701448,0.057308271558214025,0.5227943
0.18321472231129632,0.042856865669411257,0.20958980943894406,0.3018433
0.03712360685327733,0.1641229281626495,0.2763804375741818,0.16032085
0.26142141122279017,0.11514600966094116,0.15699571831921097,0.39121032
0.5186542064561461,0.14845440556887515,0.3083737216782712,0.56708086
0.041979378634702136,0.055300525369378795,0.23982635018178433,0.14541695
0.10011082763388038,0.5719464317383707,0.05498080390696655,0.46192074
0.08803558192157168,0.05899833705506835,0.212476809714247,0.20919654
0.030466081134952083,0.08727363480305489,0.2654923558736815,0.13205937
0.5183576035759302,0.1473412419952322,0.3153150549631498,0.5810258
0.017004472277653684,0.10188711490620597,0.3227475043893694,0.09661837
0.0635080181297329,0.06537133129713739,0.20163644215601434,0.17212132
0.3215102272388529,0.16115978740259107,0.5688990459662538,0.25610375
0.0644537256066452,0.13896622166766084,0.10924675340190748,0.24896032
0.07652533799693462,0.2724704699739271,0.5595626742669403,0.1267132
0.11269409715859727,0.02081455558056171,0.14154240835708312,0.23805802
0.1466161245843601,0.07927257624824613,0.24408482157275926,0.26072028
0.11990602121951546,0.05216414922189133,0.17551602524411264,0.23588148
0.11084129482383774,0.04733851901335352,0.1753770612424977,0.22048107
0.1510284235737879,0.015872529371092667,0.16835924041456218,0.26278588
0.038012111690297556,0.24193712565347536,0.5280109688798017,0.07217024
0.0545081857569949,0.0507585464350553,0.2202420084178993,0.16789405
0.14739305012313686,0.09495589726033049,0.14088201831546532,0.29245132
0.6201476713584076,0.20962054854794995,0.3571337955926822,0.6627531
0.03661996270815597,0.10500763220732327,0.3728435778562971,0.101736486
0.06677291571277597,0.036373170786095615,0.2469818905044298,0.16865845
0.032411449205111034,0.09114574878405136,0.3138783103015532,0.1159814
0.9231705316283697,0.3824305683062653,0.5374070631676426,0.938122
0.031030862028935263,0.09277834123325182,0.21443591271594975,0.15245587
0.03570854080930386,0.3000327314428043,0.5052345178472673,0.10632249
0.060944114745316566,0.06269631212652504,0.26197858111649797,0.1545723
0.04219578744338079,0.2610818092893488,0.4716130945557162,0.11938323
0.026856856448981573,0.11174761245003594,0.12775035256415262,0.19603407
0.06261995755292935,0.04622088141114991,0.1927725106506149,0.18665367
0.08830610869823864,0.07286900933427051,0.254548443900646,0.19856037
0.1353367292042705,0.1031510320940848,0.3150128141513176,0.2312515
0.13472626886538358,0.5207350429361055,0.027615149478229767,0.4655428
0.09589869439855472,0.053260547084431606,0.19303060716625162,0.22702186
0.03887146599040783,0.03762711795104817,0.21414958812950874,0.14401974
0.14732646330714239,0.11136271231844279,0.4116267796155043,0.1726081
0.07005970308444495,0.039214732454775414,0.1911864877684831,0.20059982
0.12923443154688954,0.03831973467690204,0.15729187651942778,0.26147276
0.06358173281978513,0.1406708231673611,0.2236984044259133,0.18689588
0.06349803232548455,0.03259743911393044,0.20862485793323943,0.17521816
0.24714089113059096,0.06572997173379026,0.22334058664719691,0.35952199
0.050144313244978325,0.3856668510030757,0.10173066980898601,0.33849674
0.30420694184415864,0.06240436776184938,0.1913271264341724,0.40856647
0.06425524967130071,0.2918452362869679,0.6561428835457331,0.043071404
0.07104195335636915,0.03255447807353272,0.20969459626018877,0.18190351
0.051464886072585384,0.17248169733650337,0.4575516706807801,0.0953496
0.03687264840682973,0.0939723272318585,0.20415304822416472,0.1820383
0.018872493584503103,0.1799734544630412,0.19026050805273426,0.20334388
0.025657691490220444,0.08001386352602102,0.28081479041853685,0.120154046
0.02936873895398416,0.13979416885287385,0.3906195618408482,0.092788264
0.014940315866042761,0.1741736434540279,0.2616596952980781,0.15512484
0.07357671507483995,0.44354576947336166,0.23794341400244437,0.3101061
0.12529836876040315,0.0020374427876669043,0.15113555125856482,0.24343787
0.5347510338133351,0.148462748211446,0.3076726142291071,0.59577626
0.4725597803742627,0.12386073755826732,0.25780464638295214,0.5580453
0.25034209234046534,0.03610775986660478,0.19391054045741454,0.3454724
0.0771863525084647,0.1149538414895581,0.0883434867062314,0.26822606
0.5083389774397461,0.19527558416579963,0.24200023437324655,0.5793927
0.0887531633334487,0.5266866658488956,0.06533929264857952,0.44042063
0.029479240708392376,0.1660123340405415,0.3999229624629934,0.10506132
0.06610735159593571,0.09914040727872986,0.31653438591828054,0.14688027
0.012341276012207428,0.23907639792241414,0.18005975054386825,0.21395308
0.03158367237842925,0.08589734428202916,0.28309373040517855,0.12934217
0.10069288551140436,0.007789645343738549,0.18467762064455484,0.20023602
0.03881002812761407,0.2816042059491714,0.06979168671011302,0.27949318
0.1427071337228677,0.026644030810554928,0.17592239400073162,0.2707914
0.18064027569717836,0.0,0.1647210992984564,0.2879904
0.09316459133888721,0.0254716050424158,0.1873001095608562,0.21219945
0.13830520107334848,0.04885470359542206,0.24178195003737546,0.2362928
0.05350707904941858,0.07748861505025692,0.2668271953277714,0.16378218
0.20503067070195485,0.025767325438331004,0.17141419266250346,0.32061154
0.03862119927377752,0.3276179401134539,0.10938682388942578,0.2956344
0.08338657074858014,0.07653712200960042,0.1287026278853004,0.23926938
0.060877804220858256,0.32802746246924375,0.054595028213579616,0.3333618
0.3679460384215228,0.09626350612065164,0.2506633700674456,0.45224732
0.09465737560849112,0.7158634992657502,0.2780795775517496,0.4516657
0.030552838890910552,0.041848621572007805,0.2090383694141753,0.14281112
0.08117675705787677,0.039919769099353394,0.19643409917626903,0.18847032
0.03184349738460436,0.20512075174774455,0.43682720001435227,0.10065502
0.0164146602100763,0.1255698071444394,0.24434037670228267,0.14121827
0.31452584604457134,0.27937986210590715,0.38822129292716756,0.41811448
0.016352274707057676,0.0931166005668497,0.2666917783648002,0.12255982
0.05322402845643891,0.05574983788444961,0.24364218726850734,0.15756218
0.06629981661277448,0.044689744415728386,0.2155266183802546,0.18120188
0.06228503974737712,0.05320468975083667,0.20386296414136,0.18421742
0.048092290402352314,0.15292637448103302,0.1597598098047513,0.2394586
0.01851283699629816,0.1092076801121566,0.36281186066843985,0.08592115
0.02712277855108998,0.23756126328643326,0.5302796060612358,0.058189124
0.0861642191531862,0.03285672368328625,0.2080006976073329,0.20251314
0.05552072079869619,0.22422945259788635,0.5384736027885513,0.08458244
0.040390967732046604,0.19094461938527776,0.2600085453295537,0.18154751
0.07735221766463395,0.06877155543015542,0.13380615671593607,0.22737929
0.04746453316495486,0.21426794817802075,0.5054043944356962,0.08204076
0.07182890355873073,0.03070035670113075,0.21593177964345375,0.17583758
0.974020911794547,0.3908053700152645,0.5935209912361321,0.91170543
0.24047485641797892,0.13111427961846184,0.3098733819471314,0.33062732
0.23233836733478397,0.044559170437693044,0.1501950500748402,0.35168362
0.15059810951932845,0.009667425460724077,0.15400448968164304,0.2696216
0.04456164446269899,0.12307724493611932,0.3535457033280726,0.11511897
0.029162222355780087,0.14308149058029215,0.3626206616809315,0.10926811
0.03040808871770681,0.15258805588122065,0.3907070242852696,0.09919464
0.2076765927818587,0.04041795817857269,0.20090800974332618,0.3210277
0.051604968423935096,0.09811414254969228,0.20142561699349534,0.20059252
0.02484251482042546,0.09952848446878243,0.31605024823187,0.109317414
0.13677051574110477,0.008384324720381864,0.14009839405100818,0.26829118
0.018883303213254016,0.13869884957688522,0.3513711915690237,0.10038218
0.04931676814068414,0.1477574321117767,0.35579991253945276,0.1301816
0.09959904378867573,0.07385537713798607,0.10663191481826464,0.2579822
0.03906587294042298,0.08923854477680904,0.29330342125442865,0.13424739
0.18795277988610926,0.07439264714256416,0.27328704848063,0.29456133
0.08202134846490247,0.1833035386871246,0.3184985304971486,0.16666491
0.036727657040761336,0.05944119093579138,0.24789279446349766,0.13646178
0.2238569859353331,0.03483233553729892,0.22378485569802084,0.3052767
0.12889149924106266,0.4790907868022615,0.014940379390583763,0.4364367
0.25944407687026916,0.06048389408257315,0.18329448792912512,0.37660122
0.021133945720541128,0.22401026401599622,0.15936789558872227,0.21825612
0.06197961870531697,0.2882597773600596,0.6636454191650564,0.04328231
0.027762007576067088,0.09260987746102747,0.31768039300761697,0.10651616
0.07669436671439764,0.4678072586341854,0.09662328504580808,0.38630056
0.10539443623134419,0.48382556877048166,1.0,0.0
0.11784531230940831,0.03910755990661488,0.2121376159327959,0.22275512
0.15158305244661144,0.06010097538934639,0.2388132722321864,0.2617287
0.019501383991408328,0.12424848995538941,0.34908769636919756,0.0973433
0.15686865625038623,0.01837959180089392,0.1492195415038151,0.27123493
0.12637097455907376,0.12426392693275826,0.26183923824435373,0.25566536
0.4189777059412334,0.10777599023251314,0.21647691406199934,0.49489415
0.09256404984267769,0.516206327777768,0.024443014942636065,0.43528557
0.07710005060694708,0.29251856291215084,0.6656735078476914,0.065668955
0.12472355422331426,0.5481015714898134,0.002662488692294157,0.47319448
0.29542426442885383,0.04703885618487599,0.2331767647686116,0.3751927
0.05332575519518941,0.03407648339021768,0.20343556032421514,0.15600556
0.12150380159777573,0.1180530406068642,0.184889923145745,0.26636964
0.034237977907197514,0.09871794641524242,0.31602910368688225,0.119649395
0.12812940751609525,0.010174254300285318,0.1603668365457369,0.25121802
0.16427096107569716,0.01482165275004714,0.20808741734708874,0.2651443
0.10986043046744928,0.5528522369567317,0.03746989444056942,0.45279187
0.0563694720362736,0.04849347543973935,0.2595849561524073,0.14531948
0.49987060992742327,0.14371542432492898,0.243071044661023,0.5685515
0.08083448863896418,0.15484455505665096,0.4404414634609958,0.14753348
0.6202002704910669,0.19718408249966848,0.33467445864836926,0.66675925
0.09628841242579292,0.07979561100353136,0.3609361411138613,0.1448662
0.18669191878822058,0.01725842660260507,0.2198753442455315,0.269072
0.09503447775730181,0.49623624391430515,0.8900751725746334,0.07012738
0.10568254556594042,0.036723405162015804,0.23901170718951462,0.20594548
0.11131606597747275,0.05416639535309081,0.2385180672760037,0.2240282
0.3120362661907631,0.12590868357065546,0.19492151740202965,0.43379283
0.0713603983731309,0.49039599547984547,0.4493042836999427,0.2532074
0.037357112039191384,0.05605092562377806,0.24036978032690576,0.13618696
0.21531359810151773,0.16964685114202815,0.35308630549021996,0.3184024
0.09713182303040377,0.02808834548126228,0.2157979269950997,0.19460088
0.05185684374842628,0.12538765266301335,0.14930567846895018,0.2122538
0.028522440267228222,0.10250105051047712,0.3002076547922984,0.11966202
0.010707937146696156,0.1980842706345485,0.1471370623155624,0.2095587
0.09686415531782343,0.051180846111205006,0.23105784816379585,0.21346088
0.36219605819513956,0.09678427764624487,0.2122150566510823,0.46567822
0.029404016921283554,0.2953691164714105,0.07060165863870907,0.28120846
0.14691465954424454,0.020228911062105254,0.1651570689859741,0.26802635
0.03474057136648391,0.17976955553818746,0.4170024797049968,0.10504604
0.035599718760280896,0.29140123819738417,0.07866808797086264,0.2821992
0.1454264326270264,0.038111068430496775,0.18487457947586483,0.27237874
0.08924521715583442,0.019793225381662255,0.1795525924652877,0.206935
0.08126515284836033,0.48298555093016105,0.8249854684991575,0.06776812
0.009778322340308204,0.17899856784547497,0.27212986003396616,0.16192606
0.052668543484017685,0.13651602592991133,0.3975900924504621,0.107029006
0.04445840400970898,0.37859733859553557,0.48000256456359025,0.17519955
0.11376487805895903,0.06583255217498375,0.32180487383195466,0.17694989
0.014648163804146616,0.14869438274107777,0.13749881267834657,0.2006018
0.03706631730033497,0.09586050489053943,0.33088310210758964,0.114929385
0.03359360925717601,0.18442144287706064,0.09391095049653114,0.2467985
0.06612774020002489,0.059092664902786,0.2400800136213342,0.17451957
0.1003929117241309,0.06847320256193752,0.21548356696022947,0.21262789
0.2166271392690018,0.0724090896211159,0.31541725803576215,0.29456383
0.265194137070286,0.038387650649874094,0.19387652783074866,0.35789448
0.019549522732810076,0.12912795944777078,0.10159185569539098,0.21551962
0.2307091074910572,0.039926483398498136,0.17613147402193968,0.33957088
0.08034116302845384,0.2393366412303053,0.5773172605158733,0.08534304
0.2778604554904984,0.044450387818235806,0.2353381565645601,0.35671967
0.06959860716751783,0.3115665902418039,0.07956405763109287,0.33067334
0.14829480681631174,0.02178418540137038,0.2099366644548467,0.24554282
0.14761541749128493,0.0265816846882468,0.14995123920632172,0.2755115
0.08173837543720502,0.08828399171247042,0.30258069944184374,0.17495584
0.3998869334127938,0.08454102122652754,0.2120574716455504,0.48595488
0.12403524060053961,0.02254129921040869,0.18981472100746133,0.23424463
0.022728284777705735,0.09363588717889734,0.3040701639062098,0.111173324
0.038585050515994535,0.2799414580311972,0.4634752020075631,0.12695253
0.11484330533046347,0.4641618557858024,0.0,0.4224459
0.12452305829140578,0.03598251691038311,0.20435896758744787,0.2428867
0.07483900616211521,0.41268927676986045,0.020213315567818246,0.369807
0.22466144773390906,0.03681124412128425,0.2043581593410557,0.32126164
0.022695691051883293,0.12601672228476546,0.26217292599398295,0.13731474
0.38486685167511603,0.2650258497448781,0.13302520417562158,0.54130113
0.25718802960933707,0.04401488946281697,0.25086304631368356,0.3335427
0.05444427714005032,0.0672615912114875,0.17250978289630767,0.18266316
0.2291469171144383,0.054376072513319634,0.2163287580732839,0.34656304
0.05529982376094926,0.03409777510562219,0.2054281191540897,0.16759673
0.2052846276608513,0.017825052065566768,0.22327878480705216,0.29381597
0.007581267164447458,0.28088962140767604,0.20861244910059004,0.22605363
0.018866751889224306,0.16004088219655616,0.37397091991278575,0.101839125
0.1269259460483605,0.05807362429623146,0.2508355894506155,0.24145
0.057361333463312486,0.2677662311588699,0.2140694777659284,0.2590043
0.019469942119398162,0.15459642471618076,0.33205889478733264,0.11737921
0.044794261119093084,0.05942965819063478,0.24524762899065072,0.1457165
0.028622198012654296,0.04385538548740944,0.21392028888901493,0.13822001
0.06715077777008677,0.04469310366797351,0.2393598499079991,0.17018294
0.14275077940421024,0.08964447519880683,0.13420969821588086,0.28205216
0.02562014466966142,0.2046750181660612,0.43479676796275135,0.09228267
0.022769294415727337,0.1672970609743675,0.4070161996544162,0.08918958
0.04759956236515271,0.14962001647055165,0.35474769044501414,0.12474935
0.02766713676117552,0.12630850591865986,0.2713297989873973,0.14994344
0.027390252644843086,0.08017436855639343,0.24564770509030276,0.13778207
0.03702331332346129,0.37335931768584574,0.1552690254776934,0.2919503
0.04478596794270033,0.17228212048340258,0.0370470176114196,0.2723979
0.14861237923151363,0.04697801462822791,0.20554248450526524,0.26367337
0.11308620716572396,0.037838691457819,0.21450905356696012,0.21316428
0.03311601144515833,0.18985238002139893,0.09121754354190109,0.23386073
0.32157630857348396,0.05686135636781475,0.20490957314914993,0.40820837
0.11760244645811976,0.027022984442620163,0.155580609085555,0.23969564
0.2784525191121602,0.15239161826805148,0.3870426800573369,0.348634
0.1026205597960512,0.031242914612016434,0.2029702145277888,0.21479654
0.04985069837030463,0.08302835463527297,0.29279537072180306,0.15168908
0.15442967480167305,0.023977575415961835,0.18570050379459277,0.2689024
0.05338230221935071,0.07292972458085079,0.1704717746112991,0.1978686
0.03041877655609744,0.25732539405824134,0.12292106617140197,0.2593697
0.5980672908363821,0.1965471466930488,0.3829052475685141,0.6625155
0.47977071035502217,0.13191404235545284,0.25706356004969727,0.5663297
0.04480360037231425,0.07687079206374617,0.2666606782097084,0.12778193
0.15026621279970048,0.03349638694426417,0.1646842172206302,0.27543283
0.3925427495511161,0.12280958741795873,0.3194661761817152,0.4852727
0.02375367041763668,0.1182376004346769,0.3504780132901057,0.09618002
0.04213552434840169,0.21653933679655699,0.05143436610672403,0.26719093
0.7683373494079468,0.28585777388590583,0.47606525599610927,0.76242924
0.24053658757251173,0.16915848132287886,0.1182156276209137,0.40560383
0.02143378671660788,0.15426125929100207,0.22876222085993259,0.1703076
0.3702917755818682,0.07037635146038235,0.20695222171893013,0.46901464
0.4130455608109571,0.1409995224377735,0.20126660339037847,0.51338816
0.2024811775384211,0.022509863876257363,0.12891856408463973,0.32355696
0.1781358366435529,0.8187543181748629,0.07494475658808053,0.59654176
0.040690330386451784,0.03721706954267197,0.2104154815749335,0.14614989
0.04870318797750672,0.06390783612836662,0.2633344035256806,0.14449215
0.24512858611095922,0.017457933903601952,0.16734729295758882,0.34477967
0.020182516201337694,0.0894940780990926,0.3129995232514265,0.1033309
0.11730126283765839,0.11179885380995018,0.3826770799079501,0.17650291
0.11395631556826523,0.04415748372440387,0.21136495735899039,0.22481686
0.04602638948090333,0.062351583476853004,0.2305221840318286,0.15361385
0.12744237101449796,0.051478814423934136,0.15047655675723348,0.23933949
0.0982404418537278,0.018656154110021972,0.16186834366966116,0.22282599
0.05469876359651395,0.2198765545654034,0.5955109229633023,0.032834973
0.22192696492691036,0.0713555153085054,0.2672955034849857,0.31540293
0.09777434493592627,0.04210341362314851,0.19278904184028312,0.2142022
0.04442206478974384,0.31329061382461365,0.07373446798265174,0.30277383
0.06050671164067711,0.24303114355351002,0.5455176611255965,0.07883383
0.028954351959312674,0.14728381548798283,0.39662451609439175,0.09591162
0.026546516110706464,0.12136117108680874,0.32964538397693144,0.113162115
0.038092981384169625,0.27295020225829997,0.5281974728200319,0.09496221
0.23784673926814173,0.3158916831932703,0.0517139982500644,0.47021997
0.08416766984798169,0.023396001001999997,0.16825675994708214,0.2072653
0.2653117442791967,0.15425736537443968,0.1183465462685652,0.43361115
0.052287377067439064,0.28667896393764747,0.1369484825640713,0.27794218
0.07738346575237401,0.11108113187297214,0.15578486537844743,0.23289405
0.08317992843592685,0.16628265425386674,0.12256933773106218,0.2734887
0.013689794264857974,0.1795520428126217,0.37706010998883277,0.10709306
0.22272675493127658,0.023737572178013866,0.19667956406105927,0.3193435
0.12574539142706523,0.6343147844639967,0.14681013860715617,0.4803114
0.18962217857676755,0.778133871394584,0.031220267466863072,0.5904232
0.016600013984864437,0.23982109560701548,0.43335076808853856,0.09787302
0.02608786771408761,0.0725519743577795,0.2579054689965331,0.12665671
0.028605066091238265,0.16004950487106084,0.43348755256689353,0.07069558
0.20883075288806485,0.8514719295034058,0.02597481371305066,0.64343554
0.11984936026674743,0.12501832846041183,0.3979374136445158,0.16221444
0.0710458882508457,0.2867670451682943,0.10064577394768051,0.30483037
0.0821063517602372,0.08085937267618037,0.31199367193959593,0.15837383
0.13654016039380765,0.05510139190234126,0.1553941443896203,0.26390803
0.0371862131532253,0.07660379731524022,0.2560524406435484,0.1501823
0.007171062388497684,0.215933290154184,0.3169624368142923,0.15215537
0.19532289716830964,0.04591870603492605,0.22825055808472697,0.28181773
0.08967482689646086,0.13385966853924616,0.17365289613280255,0.26035187
0.03963190675562572,0.048907997667534675,0.2120212496298512,0.15805903
0.03122175964122781,0.16831169631134318,0.42096849212726417,0.093370825
0.38981426267439034,0.10906001669501789,0.2664893976628126,0.49083
0.21104179511320026,0.9267666898868823,0.09602216770342584,0.6479661
0.061248496813993816,0.5374550426527008,0.3533959947902049,0.29530513
0.19248848286518866,0.08631705173825052,0.2127479566643023,0.3070513
0.07570386793173166,0.05469179121555416,0.17770271050262104,0.2022486
0.03721638475117295,0.07676600889886692,0.28716700684631297,0.13071436
0.05796413956004216,0.07685977747495445,0.2773292611147513,0.16895342
0.11996566459750432,0.018054108485666312,0.19453209033576266,0.23117642
0.02325701935394346,0.07902475819426559,0.24206773111104038,0.1352591
0.02055389986126084,0.21608239823201192,0.05265647084896688,0.25763005
0.3065419753942952,0.04277740671399763,0.16875439365896922,0.4097787
0.18090357347464112,0.00608336397680001,0.16515353408476227,0.29160577
0.14653749133290464,0.016363316016039214,0.17343466990838946,0.25957498
0.18833393139384044,0.02390068158988641,0.12730163952457904,0.3186869
0.04692358383435097,0.12990655213921976,0.08201648473747236,0.24510789
0.19009073070978105,0.1143935259645674,0.09419342515607024,0.35397428
0.04986650985965453,0.1946314290248809,0.47869427341358795,0.09945412
0.08903542918495738,0.015264130919591626,0.1763192728603808,0.20013067
0.04718696181044288,0.07671062052300587,0.1663818198447957,0.17964701
0.028767961660692565,0.07208283946548505,0.2915442653785187,0.11498661
0.06072224759037745,0.07047008797616616,0.26064091371960785,0.15865694
0.044934100442229244,0.06859985388034587,0.2805183322646823,0.129294
0.3590274513810468,0.1007988883383178,0.20517987667673512,0.47361743
0.14525924658932127,0.05638025153825811,0.22525180131878667,0.25412983
0.16720425144406187,0.021806009712224003,0.15475112956068487,0.27797937
0.15976720319135648,0.735149135143189,0.044527735691545806,0.5567504
0.023654290849909373,0.10908218024284101,0.30343436224689274,0.12055987
0.03621393240594979,0.07886822309258412,0.28142413351267004,0.12681675
0.3672724362716827,0.08927472580815721,0.18116752053389906,0.47365403
0.018181702379229697,0.20589341822028845,0.32638019555030073,0.14595021
0.08617827408332485,0.08629612962063121,0.22790192231788745,0.21879621
0.05284639357397858,0.23346969501879092,0.5880820246138373,0.059557073
0.1432336994209501,0.7401414871211114,0.058147568085058915,0.5471196
0.16900860300074733,0.012852328901507476,0.1676222492507335,0.28017998
0.026011556581789955,0.061737352260114134,0.25252513973067414,0.122668386
0.10887093013628779,0.06726131548141451,0.26038168724074057,0.21309958
0.23038504531938284,0.1250968719404132,0.13279601378169872,0.36290747
0.10425350177670642,0.050428586019210284,0.23343431836070114,0.22034633
0.7984758739054033,0.29953175950237865,0.4794314552703817,0.8330152
0.3769388077044788,0.08079944961818385,0.21436412826199444,0.4698661
0.27021881343466625,0.034881839013915214,0.19229260265187464,0.3659261
0.13545431810052902,0.06360533562029941,0.2497871426033616,0.25858462
0.02958876462162406,0.12480564685181034,0.3681433308888869,0.0998034
0.053906894213935116,0.21096425125350254,0.4138505657739482,0.14067304
0.1309366558853346,0.016148473667040725,0.1839938449457912,0.23703268
0.06219576056849886,0.07572381728284895,0.3117113509753976,0.13478988
0.04401796437069,0.14744493992945107,0.3989523098692628,0.100868315
0.31405861513246847,0.49158772592697547,0.07225448356303832,0.58108914
0.08901670708750899,0.14473734447221615,0.3944322028349597,0.16626574
0.1904101926602604,0.011063672787338857,0.1649320087047655,0.297522
0.31731046898761595,0.1187962454737883,0.3556628906926855,0.37499774
0.02585714419383192,0.14788267278446715,0.34446579312436443,0.122555844
0.05394453288543741,0.14264543259851076,0.0822975453092481,0.2705928
0.1082894752070506,0.060188727851268234,0.2649620510925048,0.18889533
0.011405414566266397,0.15735025275360315,0.223906389546086,0.16153897
0.08020735329856761,0.052866986152144316,0.27555830112051605,0.17683291
0.2513895232782634,0.2902725348215951,0.06748747497903582,0.46768677
0.05144438398371029,0.06260323071426013,0.262736971784157,0.13566077
0.12208827419893559,0.028389747312505265,0.16835858319830857,0.24747202
0.7200182930139377,0.24760499411045964,0.3838063673941084,0.7560382
0.031034257193726725,0.3053290064732939,0.41641361004126837,0.15791114
0.1456204388580583,0.04423346886718399,0.24004853071176138,0.24004078
0.019912050886315258,0.12064071407621793,0.3557860290673268,0.09310345
0.03358125145390127,0.08990842427523946,0.29684889959938815,0.12349699
0.08184139297499574,0.017298692003782895,0.16937975234356725,0.20761319
0.37214780564451355,0.07925211753134326,0.19482996162586655,0.47035962
0.4121236815038388,0.12009226659316108,0.25413033121093614,0.49741727
0.027985658337518163,0.09932614596016093,0.3357943089737483,0.09809919
0.18455465824016426,0.0320003845049788,0.16092732734398152,0.29496026
0.03304552551394546,0.20606056682836243,0.48690504773691656,0.07079457
0.11901622323460305,0.032449057818732654,0.23101765270957422,0.21919718
0.03286412503236434,0.2206151292626133,0.25589913342507925,0.19632185
0.08085243461837563,0.056930042823201576,0.17001891123906535,0.21054594
0.5517155726580336,0.2922277165405919,0.24743225796516058,0.6630814
0.10087249827065534,0.11380433650534146,0.09202836808625009,0.29283345
0.181592331357816,0.023788789275633326,0.13260085822433196,0.3035795
0.23175665252139893,0.036645093876576385,0.23984071510348035,0.30903
0.021226679278468233,0.15334638131728737,0.339847275564842,0.12863736
0.0836233585900769,0.08112900709974834,0.17464704236217238,0.2238961
0.037973119923339516,0.08791690005173979,0.31414143059113175,0.12585098
0.22574291917306544,0.07957244931749144,0.3133190834317435,0.2902221
0.009664349635523553,0.20468646151588377,0.13668981433115385,0.217151
0.10310163556431513,0.5006262208896679,0.04328236013922576,0.43660712
0.09179185696680044,0.03661311964426417,0.19340827997728813,0.21447438
0.335638721182232,0.127352590560736,0.3326847536133977,0.4120462
0.022024954733628893,0.11316449841736595,0.25305460107120575,0.15181574
0.07854752152849598,0.3809080888790059,0.8527845193956989,0.00020130724
0.10989618280791533,0.25462187101904155,0.6581095293912004,0.07664633
0.03407397997447757,0.0774961944806617,0.28620787568744016,0.123930685
0.02824113338202236,0.2851524089756127,0.1308146257644385,0.25264043
0.2830620680843116,0.05202099786193071,0.23351275934001015,0.3608815
0.08255577909973036,0.06294915593239786,0.2953453659021885,0.16149528
0.03920146684727499,0.1038348102180449,0.3208748428132141,0.12276692
0.029468718708868066,0.1206412307199704,0.3795228438246475,0.08844007
0.027189961275514096,0.11119964500468595,0.3402832244691945,0.107864134
0.13557910161894704,0.03923266242958899,0.21471144468155834,0.22912551
0.04787132187352483,0.06219560720683702,0.18989014972711285,0.18021472
0.07263199729117163,0.07187291155427394,0.18345573015902483,0.20378348
0.14829122008095524,0.03169973631072874,0.18488961319022107,0.2496068
0.03261594329386895,0.12468387426618277,0.3650023479520695,0.1089439
0.024053722331002253,0.08848938838261197,0.3081034706565236,0.10635255
0.08131027240428015,0.16766775264196004,0.08738635100510209,0.28837508
0.3250913430422014,0.1896510637678077,0.1503186997206022,0.45397186
0.09029534256406002,0.34568598578659626,0.07405412957515944,0.35586792
0.09611086502049371,0.3822682958039667,0.0400413591740478,0.38255864
0.06248344649094088,0.413527032287949,0.6157320608597779,0.13109556
0.05168504851747395,0.055779338976770496,0.2527985457350315,0.14881474
0.0600183525663613,0.06573411582337199,0.26022326201738893,0.15915129
0.1025767722783367,0.017533966950365604,0.16803497553590308,0.21929266
0.2112452016930906,0.027077829767097078,0.1675559084992986,0.33653396
0.01536641422972504,0.1348518430308804,0.33399932992372305,0.10299089
0.4800599995070264,0.12396943732567631,0.2577194564768319,0.5497538
0.03096079978675191,0.21313191885224697,0.2920658521448505,0.18831743
0.29825755406106735,0.09396061699130548,0.251889038130922,0.40421677
0.025227769595501784,0.10891023719337814,0.33446788099923885,0.106710665
0.020580985361594945,0.3446809755651949,0.1526382809129807,0.27414566
0.1955544130919491,0.010965246622983815,0.13283845850992732,0.3164209
0.0491310902391007,0.19006511896166972,0.5012462674155898,0.07176559
0.07495562849612672,0.08422448930895662,0.30235315039797434,0.16100524
0.7711943992297554,0.28185758595550797,0.5242379931358573,0.77205163
0.24168986917359875,0.06207249205201888,0.21781710081753236,0.31947166
0.045079960315160164,0.04410877128797601,0.22087404492417265,0.15268752
0.25969044053322876,0.03305943842662125,0.16432819100007812,0.38000053
0.028301000973561752,0.16570954170255256,0.4231794970759495,0.0850855
0.2646941959936548,0.06794354758927018,0.2611828138239567,0.34520084
0.017493270148515316,0.18190935088628035,0.3357276251723647,0.13066721
0.044561672825332285,0.0908347480101882,0.3004027547301149,0.13940752
0.4303968188278412,0.09859355626454555,0.2527101208357364,0.51092315
0.022622163062074832,0.10735347334350064,0.3157375769985956,0.11139791
0.02109200518393335,0.11411595710867725,0.2518943322425616,0.1375548
0.08105308678634524,0.2791152547124115,0.699714500502058,0.036527056
0.038790376406962535,0.17018017224282683,0.13359178458663706,0.22350247
0.05541923886075001,0.035118576370513965,0.21098656611154415,0.16146235
0.099805111510598,0.08355782828429095,0.3817772426846507,0.1452784
0.033693447943045976,0.24962243936786302,0.1328618007720781,0.24019006
0.03950733295532789,0.09328611233191907,0.29799374383269195,0.1347141
0.03524683273092108,0.20580718864280764,0.10718569922742077,0.24634093
0.027402280093334327,0.18689693454976894,0.46225426059487434,0.06819989
0.07875170638153794,0.03417011464228498,0.21093444939245887,0.19116682
0.40401746745006983,0.10982321316011,0.24157384895599027,0.48371005
0.05754807802570579,0.09184140167014879,0.16074357057778882,0.20210692
0.12759230439746747,0.046440692409223036,0.17643031137928972,0.24684732
0.04001809615384158,0.15303466186039177,0.33072301044775243,0.14290605
0.1220699894494957,0.012615132699606096,0.19572762068729876,0.22497864
0.4052988720858134,0.09102759124615123,0.2040331318362745,0.49763793
0.6705972772403141,0.2116355143576249,0.37762427705004065,0.70354384
0.4539055950285448,0.12483989186115323,0.2622728180911685,0.53061396
0.04166812937019951,0.3507569331485827,0.09697824197913427,0.30405825
0.07033959740136289,0.3240721766694906,0.7050862780171255,0.051279098
0.035848758503695524,0.21005792885158941,0.49381707909112826,0.06920961
0.02913161062040248,0.09717743172212512,0.2922607367232538,0.12803064
0.170093342218273,0.004475176920406998,0.15809438334234455,0.28558332
0.1189297292026922,0.04192521802944675,0.17101153798607077,0.23813222
0.05070538724964373,0.27312624288000287,0.2860386981970924,0.21234547
0.007697815479058845,0.18636697602244962,0.12526848686553022,0.22115222
0.17816195313632488,0.0967989546078444,0.09587141878475741,0.33495897
0.10679787546100179,0.05395201862859278,0.2526699520434441,0.21219663
0.04821435456820185,0.05718018538165219,0.24790102362743546,0.15916309
0.04418151853717202,0.06837161515909988,0.2141318750884315,0.1817095
0.026152350719538003,0.17844544338496737,0.19994718427519037,0.18476173
0.0,0.2123228552504652,0.1487943916142091,0.21263072
0.33422239175166146,0.10411024363801194,0.21676131345584926,0.447684
0.06470336302329616,0.026651479573379502,0.18859840198566613,0.17534275
0.16947271560128863,0.06642481778277644,0.25376773682347437,0.28473562
0.017638731175135994,0.2266800400851174,0.3657174859961448,0.13754308
0.06918586758969462,0.2603253907426902,0.5985678531781384,0.07762439
0.0684674639189076,0.06354860485356449,0.18911999048868736,0.21284159
0.021012621530588457,0.17285242436152065,0.3742542275374765,0.10250293
0.022536565491725738,0.12229496299405451,0.22539613372448686,0.16453348
0.03726240088617644,0.16539302682116114,0.4459957712529446,0.081619725
0.030613094325817353,0.0870453562141694,0.2907960222770829,0.12312997
0.11187634700634094,0.03706354038893864,0.2103111760888964,0.224602
0.14526373794336828,0.023728805255792573,0.20595333783552774,0.26055843
0.04269436546253777,0.11057341466462704,0.3354516074053508,0.12028017
0.05183980192323859,0.21209254181653164,0.5298943544230444,0.07288664
0.02380042132938863,0.11855121637331166,0.26763770426879374,0.1357005
0.4135223344334257,0.09562134207200051,0.2068656554682372,0.50736505
0.1748468153858656,0.009711781183657897,0.1410077110021655,0.3037055
0.028564041582782293,0.09431174554785171,0.2963696372069037,0.120649986
0.0718939159543039,0.061490911033286674,0.16936175352049285,0.19639373
0.35731303591663777,0.10371770412517914,0.28327462911867335,0.43813396
0.20662341443122773,0.2313311881363933,0.08891639170059407,0.405266
0.37426643025219797,0.1396978707581711,0.3915248271759951,0.42307383
0.0026103426521084105,0.13825925157112856,0.14244100614702648,0.18470447
0.2284628686984743,0.08477520969683025,0.1552962111465902,0.35279757
0.10846320364416395,0.04174153168532044,0.20545316987766887,0.21820314
0.07752068829265628,0.11461858655342375,0.1791504729149084,0.22717261
0.08008061224556762,0.14761263254491927,0.13427792181708847,0.2704466
0.39914785953280607,0.10815650135587822,0.20773566123520387,0.48477936
0.2877081280952478,0.03503668356710221,0.16860337906401132,0.39124787
0.333157139133604,0.07146020354603833,0.1665766104363011,0.43982804
0.15976884248732276,0.19075491731182184,0.23107893860869133,0.3329655
0.02716409954962748,0.07215698661296607,0.28193734680176274,0.114054844
0.09770103795605266,0.056777650256079504,0.27126997515172013,0.19784836
0.03541330089798056,0.1472426277130469,0.39616486769225223,0.09196135
0.17184288565488673,0.10911777178538473,0.23400303228998368,0.29135305
0.1257690816292084,0.010238145497122292,0.1813319981219767,0.2294574
0.1694385172928709,0.01963523352531256,0.15823928085525668,0.27699125
0.02744899048966659,0.15664728031382882,0.14264974861883983,0.21841389
0.37269107824261544,0.08093183094120257,0.22095575095801778,0.46613926
0.2774647638261808,0.06260870607928896,0.25778478789359177,0.36804122
0.1445334418493694,0.14147532426074086,0.12009243780231607,0.30940592
0.16601152047756226,0.03890944338450936,0.139345461740683,0.28889132
0.050026391450082905,0.15979865833784235,0.09100297210756222,0.24913569
0.03178738168512431,0.07027382766385964,0.2502811938272912,0.13327034
0.042624496708042206,0.2751833214562063,0.061927066448896895,0.29288214
0.20745409642185153,0.1156840144852853,0.2662079095304066,0.3297783
0.21264001242975034,0.15594927136771833,0.07429149878048599,0.39363962
0.11708522342069069,0.025044825425675224,0.14409337254270582,0.23951402
0.015597389069053627,0.2106354733417537,0.3525028160970174,0.14081277
0.03134344457209447,0.13463559153754046,0.3052804219186934,0.13365117
0.11536657057006727,0.0344089332467644,0.13819683671623828,0.25625885
0.09701789957171808,0.5380651581671017,0.0681518358612058,0.43500543
0.09783616373973186,0.19690715473380888,0.039608032858204245,0.32369995
0.2649661920556099,0.31932700573037254,0.15073743276494836,0.45886463
0.010108312740988293,0.22085116710495106,0.3393069799952933,0.14252697
0.045137283652671,0.13245912683631042,0.40980220495460773,0.098396495
0.025523341497118684,0.12042465557024593,0.35589547283084605,0.09364107
0.19577557195611164,0.09767715379678078,0.3005082163862094,0.29854083
0.19468745804056228,0.052769576271665494,0.11509702423187634,0.33503973
0.04762553273455451,0.04814389595286192,0.21719762536561987,0.14924341
0.16638972111626163,0.08612173969964985,0.1555676744560469,0.32295114
0.0406562891951255,0.12155615218031166,0.14846810444712047,0.20974597
0.12399474547156163,0.01981349054773729,0.1914978561221003,0.2332132
0.4731081311253589,0.15357348482612,0.3333841492135321,0.526695
0.05439153686180538,0.12750681405628975,0.09468868963032812,0.24976602
0.046642651440191946,0.09103046017706179,0.3148745352925697,0.12587784
0.03267040983627392,0.16053939237780213,0.20371078625257466,0.20372984
0.23916518242754545,0.02352359298392233,0.22487062660384788,0.31435293
0.1992852496449613,0.030629147246674704,0.15610309456171442,0.31282777
0.03024775041219563,0.14437797373753447,0.3331117914608119,0.121507704
0.2794278687062437,0.05037756499755104,0.16295030539845357,0.39386356
0.13337475884809435,0.024360505554672326,0.20025904477865847,0.23900107
0.36698965839420755,0.10880328046410044,0.2035951531916936,0.48403394
0.29128394335524826,0.10524034935837866,0.29415614658313843,0.36271644
0.5819562404608107,0.17476487246173017,0.3167699438428496,0.6474867
0.07532821908155359,0.4730774173982758,0.14413117930467792,0.36327475
0.18196627554165257,0.01967172331302751,0.15707828613896135,0.29834795
0.2866273387227597,0.03861193143904547,0.15930258749499665,0.38904995
0.7591897918514797,0.2727449173108022,0.3976047068764354,0.7818535
0.2483864417189165,0.027817305255667737,0.17456560148332492,0.34744132
0.03538593463095607,0.08551988193412591,0.2973551736688934,0.123265095
0.04463619005984934,0.11043445950095492,0.3615082975610827,0.1095668
0.42030483644432837,0.09514107471533824,0.3179342972299318,0.47228974
0.10422156344534436,0.060310999715903854,0.18050213231311926,0.22889541
0.06493656195190978,0.05272951368091963,0.22427628420874354,0.16989663
0.0348867672862163,0.1262828007033384,0.3656080227765807,0.10083589
0.018068647925570336,0.1253622223789194,0.3777304631878676,0.0807668
0.045572690186291856,0.05163637420191636,0.23040579462923147,0.14567885
0.09111775935047439,0.1080681581657849,0.3639775736074982,0.14230986
0.026441214342419972,0.08466656250672508,0.2400493932908994,0.13827667
0.12572533574926925,0.04568187194124125,0.25029984010620143,0.23531626
0.9999999999999999,0.3934739236225983,0.5623499823858916,1.0
0.03498380668944365,0.07516747102570284,0.2745360019648144,0.13629603
0.06351338279888538,0.10932518219477402,0.35792557397916286,0.11943153
0.08224968079972766,0.03950778292184248,0.210629353526951,0.20789091
0.3121136923703706,0.10918583144366736,0.3167014710686529,0.3932686
0.15260438918965835,0.03594049833385865,0.18979647116364243,0.26331925
0.20649295074414226,1.0,0.09494780108929429,0.68676925
0.024153458011880055,0.17751451409709817,0.22800432059351022,0.18698546
0.03833928512061133,0.11957946503406192,0.34626922165695406,0.12666205
0.055800127872993696,0.07296422331689482,0.25745527338549523,0.161507
0.0409704193688262,0.18789047614732884,0.07923393159898215,0.27104795
0.17484206683894318,0.06682942037645394,0.11286453140345978,0.32408738
0.04747196795473972,0.06896554806023017,0.2640856370908392,0.15297374
0.28370158894049435,0.05195624135010091,0.16012412692084194,0.39206117
0.02400167662522694,0.19766763522269565,0.06204025748506539,0.2483082
0.028230526276805015,0.22593787275063573,0.5562893488149343,0.035874758
0.030444317922237396,0.15314195040335873,0.11091358393924053,0.22671998
0.23558118751876345,0.10186535185346762,0.342343223007398,0.3126195
0.24036827548614864,0.02201800069814913,0.1972798603593315,0.3426456
0.09064711559398136,0.23401769489144314,0.07930458765028359,0.3151598
0.07155024107551372,0.10270017387728747,0.26943135742896385,0.19570346
0.1497063503339584,0.013453222899930284,0.14119999689496276,0.26848507
0.014939099317153676,0.19375879269070465,0.1569378081053282,0.20900197
0.01096957332953337,0.13771336241426285,0.25118545578853396,0.14796066
0.09545859335862378,0.08174323614962067,0.29371415995783806,0.19129793
0.5007815919305549,0.12830823860001772,0.2523692027537761,0.56895447
0.030844629336426455,0.17023595227845018,0.43218667465844846,0.0874653
0.3829373149511949,0.09930627472575543,0.2837418220528239,0.46779805
0.032857358606631595,0.14955263853405748,0.10919789453392212,0.21730472
0.11145426318047602,0.07033610676446556,0.113920294037955,0.27168512
0.03240066302118867,0.1147397033063969,0.34417745208049166,0.114955075
0.10479039606530553,0.07602409252288031,0.23174580153786276,0.23454162
0.08668314111984354,0.10525945441360787,0.2227148566510434,0.21557999
0.0566255190217812,0.06589412692228583,0.22623246648135914,0.17695318
0.017798873433500575,0.1000082524401138,0.2917317268789211,0.12316391
0.08351903129105967,0.14609912658488683,0.4521801315510159,0.11073235
0.3881617272560648,0.09094984000128276,0.21643654137731702,0.4679134
0.03272578871172123,0.09098556327443519,0.2691996706140399,0.14065297
0.04429814519187791,0.1552080756710035,0.422969107306355,0.09333493
0.1242472885962446,0.0211924239125503,0.15465473854896972,0.25221917
0.03620101063061988,0.09878062526949069,0.33315215930348463,0.111979954
0.10334441445162135,0.05714476527831311,0.25595800868786284,0.20568447
0.2375205840188105,0.08872443691868886,0.11189469396398397,0.38281816
0.02025406740529065,0.16325427846679408,0.4311963095851279,0.0690354
0.31902481972423957,0.0470298075347486,0.17921552356233073,0.41555995
0.03752230592281498,0.1932272318995375,0.3415829190414959,0.14691332
0.16726091769378854,0.08893726854919214,0.2628450623947032,0.2550416
0.15552788755131997,0.028305689356722383,0.21174690353942627,0.2624974
0.025391149112564446,0.07387568234048274,0.2538107028347912,0.13269866
0.14544392422072736,0.004771676748934639,0.1671011677345111,0.26003802
0.03336170446679142,0.12940486647985555,0.3183886103724946,0.1253592
0.183457750394465,0.11490960782565378,0.27048258929316005,0.28483194
0.04072484433241104,0.04886605266609166,0.23762532265377315,0.14404988
0.12870121967996562,0.286466621465991,0.020909057347634652,0.37967557
0.14341038242704288,0.020271598733532764,0.1971381376342438,0.2568531
0.036273183586027505,0.16654655111727454,0.4474346344690052,0.08822778
0.06679823398960288,0.06615843479818696,0.2230863284345812,0.19882523
0.04235098144798355,0.04055179001739538,0.1929994639519144,0.16303876
0.026433007969324115,0.1657878317416836,0.33522942275889794,0.13343865
0.12194844487438716,0.04829278888116337,0.26647035535127295,0.20896406
0.14498376121440137,0.05869357799736158,0.1473485934119146,0.2800159
0.1350942859137766,0.04998061837717968,0.22632283974653178,0.24874645
0.5264563381230617,0.14463251082770714,0.2952500635745707,0.58244836
0.03591446311154334,0.06856915076766942,0.24151222681433254,0.14924043
0.23964714878600332,0.06614562214657244,0.24312001304345826,0.35347056
0.08846742118101072,0.02379672697394017,0.19547577522908105,0.19594187
0.18336002423152822,0.017239025562138965,0.1410030589419639,0.3003338
0.5375743099857245,0.17724238533480957,0.31153673806470566,0.56606907
0.03218942160616017,0.045337185585627895,0.22374526662446073,0.13604234
0.026772437472786972,0.10034423876537145,0.32280717222314187,0.10453158
0.055709739762989804,0.3535471785212092,0.6753357465052987,0.057272434
0.0974939993373253,0.05733464085261554,0.21580612093530732,0.19404796
0.2733961473479505,0.03061113410085832,0.1719091536384974,0.37336528
0.0788729937745159,0.10446536904924059,0.3005814486330539,0.18467145
0.03074175379736667,0.14735352380745398,0.42501826638865126,0.090939075
0.1789006181952826,0.3540983063069756,0.03067967667762922,0.43302578
0.1987771729563208,0.02041698412079382,0.19443824612496544,0.30188918
0.05360189236958372,0.2881617870465849,0.6000548507854693,0.079440504
0.1927074058486927,0.034238916596082275,0.16950497548456694,0.3089953
0.20844071422373822,0.03923270296319012,0.14968965261003211,0.32958138
0.09743503323989644,0.03341245113320074,0.2008096731185831,0.21345446
0.0886920578833075,0.09879330126696198,0.31073923689186034,0.18515545
0.08132594384697453,0.0384260983639485,0.2152765070193787,0.18133326
0.04822363429574687,0.11053590248717851,0.3743289246579016,0.11082269
0.01861179192813618,0.2463349772406842,0.3506589412106792,0.15956502
0.02972173099174938,0.18189888656815753,0.45342052926651233,0.07875765
0.021915798170810158,0.15540050776663802,0.41140651649741156,0.0693768
0.03057961426057018,0.07362402287674603,0.27085862850294773,0.12436719
0.19927752019825168,0.06487684473828766,0.20830581492059425,0.3258639
0.39653899658560143,0.08160075118335096,0.24389691152914195,0.4601187
0.32313866006591,0.09147958618344182,0.15664382691777762,0.42889136
0.7147013236173028,0.25111493037017796,0.45052558401328596,0.71141857
0.06013000012524644,0.05608758171997792,0.25064995737553664,0.15781598
0.005483483595580194,0.13471406115290474,0.14263593874482844,0.18988737
0.3527399538181468,0.09060857726920585,0.24677527304328442,0.43299836
0.058729263071261084,0.1677200128908842,0.13929335855459507,0.21706115
0.02810635523689277,0.29592208914772,0.34252035848732587,0.18876481
0.07620148890011466,0.13505887617943516,0.3814972013696991,0.16409674
0.6734585344299601,0.2293191182729737,0.36689815019701877,0.70048714
0.02850537750591141,0.07058298534982715,0.2700894169425197,0.12249303
0.06304099223765529,0.5289469506222196,0.1276978096914563,0.39249307
0.06963962298335166,0.12160470752183167,0.3671050771894012,0.13333458
0.032325649436442366,0.07061946336360489,0.24382829072983572,0.13737625
0.0692991357484114,0.08960945922002927,0.25789022777263504,0.16534442
0.10400683130504998,0.011240354409449316,0.17170490330705862,0.22408023
0.03321867994428296,0.06548350216432003,0.25748894250929366,0.12997657
0.1596392600155866,0.045250460944336546,0.20290267962645203,0.27425456
0.28661012537764474,0.03712378330910235,0.20906548870899339,0.37610435
0.03356563970904354,0.10234855354602504,0.3269302641374889,0.11715431
0.11579742953147194,0.03132257284427799,0.21591361541123,0.22391449
0.02278234500596256,0.0892754400257113,0.30039722685128767,0.11193404
0.1415630688958062,0.5522503544361468,0.013336501911927978,0.48489213
0.024484783599884152,0.18005735355246763,0.4321532391023458,0.080933206
0.09549001933441888,0.5284052606780174,0.049741037060621635,0.42943323
0.049559839052983015,0.06748556504058864,0.2589529511580723,0.15363452
0.09858836220391062,0.5532091476732548,0.050271997950156105,0.4536808
0.0455354679132149,0.4625378943413462,0.31626337937666466,0.2783687
0.056443845007284985,0.15555672170957363,0.15380843294979912,0.21938403
0.13317864738356902,0.5484246521377467,0.04022869721456784,0.47637904
0.31484922912292046,0.09196343960370029,0.2680604840535474,0.39549607
0.062426702272604856,0.23171782230610619,0.06479628581278224,0.29390562
0.11833446407512689,0.06001822513537025,0.19481466501885988,0.22457275
0.016546781906159394,0.1945773511581718,0.15737426080771394,0.22601855
0.07027384115694435,0.019323567844081416,0.17397486624598,0.18499903
0.10937201960225844,0.014438369264062792,0.19149557191157204,0.20963944
0.03638607742186535,0.07558263434397726,0.28406847011554215,0.12479007
0.0398670693378263,0.09422805285389442,0.32950184181474007,0.122741155
0.1454344432087421,0.45260610954672936,0.02627508479938198,0.43970716
0.20680130917844064,0.046855093391021924,0.23514108626666208,0.29259115
0.06858924185216625,0.35045004441252403,0.06947378193631307,0.3261088
0.03202838870217657,0.1294001707191637,0.2951878514978609,0.13444363
0.1280501770797406,0.03990797094040183,0.2114579141864635,0.23697104
0.07981757697861652,0.17879330880700245,0.12246996599925922,0.26093733
0.22123145858426685,0.538967434440965,0.044685033276657876,0.5266353
0.24156768701149894,0.10824254013762545,0.17636469756107934,0.393641
0.03076214002515465,0.06527164674863987,0.2571034673573315,0.12969697
0.040482574741073946,0.13263906112814247,0.19251814727329628,0.18479708
0.29468999622836456,0.06941220187881399,0.21610929739033027,0.40525645
0.032908971985893556,0.1589011075069382,0.43543080857778094,0.096979596
0.022233209136956214,0.36020175612194355,0.397380717088504,0.18565883
0.09916585544130567,0.057549377516583414,0.19586286830951255,0.21275145
0.2840941252867527,0.08378959366032046,0.16828298525466054,0.39355922
0.12380491805258259,0.07352130896986198,0.3319960762402313,0.18449363
0.37137308379218137,0.0856768504806342,0.20298790785656362,0.46898335
0.1763976005315438,0.018173017944523057,0.2224396595265818,0.261137
0.17222988219802315,0.020849781785417368,0.18039969749478038,0.2875297
0.09241181532665478,0.029429370903404237,0.19429544459039982,0.20432141
0.02418283470972575,0.14106758548845444,0.2974566934884102,0.14095363
0.12264408831129311,0.030084080612822056,0.1441816220537795,0.23697557
0.09129700806213221,0.5833874601036984,0.14803475088617163,0.4203353
0.08613678496640537,0.06368616653988256,0.26119892329419864,0.18504888
0.024835963182469098,0.10700741719436757,0.2979286199205879,0.11863429
0.027441368840375194,0.11757064399310035,0.2770694424101016,0.13174215
0.04526599741434299,0.226742577936716,0.05142407045681702,0.28125116
0.09728551731897381,0.011613290231704931,0.17105337826263733,0.21199028
