AFP,Input,Output,File,Added,N_effort,MI_N_effort_AFP,MI_N_effort_PDR_AFP,MI_N_effort_NPDU_UFP,MI_N_effort_Added,MI_N_effort_PDR_UFP,MI_N_effort_Enquiry,MI_N_effort_NPDR_AFP,MI_N_effort_Duration,MI_N_effort_File,MI_N_effort_Output,MI_N_effort_Resource_1,MI_AFP_PDR_AFP,Effort
1587.0,774.0,260.0,128.0,1502.0,7490.0,11886630.0,35203.0,37450.0,11249980.0,37450.0,2546600.0,35203.0,29960.0,958720.0,1947400.0,0.0,7458.900000000001,7490
260.0,9.0,4.0,193.0,51.0,4150.0,1079000.0,66400.0,68890.0,211650.0,68890.0,12450.0,66400.0,70550.0,800950.0,16600.0,0.0,4160.0,4150
152.0,25.0,33.0,42.0,163.0,668.0,101536.0,2939.2000000000003,2738.8,108884.0,2738.8,18704.0,2939.2000000000003,6012.0,28056.0,22044.0,668.0,668.8000000000001,668
252.0,151.0,28.0,39.0,69.0,3901.0,983052.0,49932.8,67487.3,269169.0,55784.3,31208.0,60465.5,15604.0,152139.0,109228.0,3901.0,3225.6000000000004,3238
292.0,93.0,0.0,20.0,0.0,3607.0,1053244.0,37152.100000000006,42201.9,0.0,35348.600000000006,699758.0,44726.8,46891.0,72140.0,0.0,3607.0,3007.6000000000004,2994
83.0,63.0,0.0,0.0,0.0,1606.0,133298.0,25856.6,29711.0,0.0,24571.800000000003,38544.0,30995.800000000003,6424.0,0.0,0.0,1606.0,1336.3000000000002,1333
79.0,24.0,0.0,30.0,0.0,1936.0,152944.0,39300.8,48593.600000000006,0.0,40462.4,44528.0,47432.0,11616.0,58080.0,0.0,1936.0,1603.7,1607
97.0,0.0,108.0,0.0,120.0,1158.0,112326.0,13780.2,11232.6,138960.0,11232.6,8106.0,13780.2,8106.0,0.0,125064.0,0.0,1154.3,1158
116.0,0.0,23.0,14.0,81.0,1498.0,173768.0,16028.6,19474.0,121338.0,16178.4,86884.0,19324.2,8988.0,20972.0,34454.0,1498.0,1241.1999999999998,1243
52.0,39.0,7.0,0.0,0.0,4063.0,211276.0,263282.4,358762.9,0.0,297817.9,0.0,317320.3,28441.0,0.0,28441.0,4063.0,3369.6,3372
465.0,209.0,129.0,83.0,460.0,10200.0,4743000.0,223380.0,226440.0,4692000.0,226440.0,244800.0,223380.0,91800.0,846600.0,1315800.0,10200.0,10183.5,10200
67.0,32.0,5.0,7.0,25.0,2053.0,137551.0,52146.2,70212.6,51325.0,58305.2,32848.0,62821.8,14371.0,14371.0,10265.0,2053.0,1701.8,1704
199.0,0.0,115.0,0.0,214.0,3034.0,603766.0,40352.2,43082.8,649276.0,37318.2,172938.0,46116.8,21238.0,0.0,348910.0,0.0,2646.7000000000003,2640
176.0,13.0,54.0,40.0,168.0,3348.0,589248.0,63612.0,66625.2,562464.0,66625.2,180792.0,63612.0,87048.0,133920.0,180792.0,3348.0,3344.0,3348
391.0,208.0,26.0,25.0,38.0,814.0,318274.0,1383.8,1953.6,30932.0,1628.0,65934.0,1709.4,5698.0,20350.0,21164.0,814.0,664.6999999999999,676
263.0,65.0,45.0,42.0,176.0,911.0,239593.0,3188.5,3188.5,160336.0,3188.5,92011.0,3188.5,2733.0,38262.0,40995.0,911.0,920.5,911
42.0,12.0,15.0,7.0,52.0,2496.0,104832.0,148262.4,119808.0,129792.0,119808.0,7488.0,148262.4,15974.4,17472.0,37440.0,2496.0,2494.8,2496
190.0,98.0,20.0,63.0,160.0,1171.0,222490.0,7260.2,6791.8,187360.0,6791.8,18736.0,7260.2,11710.0,73773.0,23420.0,1171.0,1178.0,1171
245.0,105.0,28.0,58.0,19.0,3532.0,865340.0,50860.8,59690.8,67108.0,59690.8,63576.0,50860.8,45916.0,204856.0,98896.0,3532.0,3528.0,3532
77.0,28.0,0.0,0.0,0.0,525.0,40425.0,2992.5,3937.5,0.0,3255.0,22050.0,3570.0,525.0,0.0,0.0,525.0,438.9,436
355.0,278.0,0.0,0.0,0.0,1095.0,388725.0,2847.0,3394.5,0.0,2847.0,79935.0,3394.5,4380.0,0.0,0.0,1095.0,923.0,909
3156.0,2075.0,525.0,0.0,28.0,10957.0,34580292.0,31775.3,44923.7,306796.0,37253.8,1062829.0,38349.5,65742.0,0.0,5752425.0,10957.0,9152.4,9094
46.0,0.0,28.0,25.0,28.0,344.0,15824.0,2580.0,2236.0,9632.0,2236.0,0.0,2580.0,2064.0,8600.0,9632.0,344.0,345.0,344
56.0,14.0,12.0,7.0,53.0,296.0,16576.0,1568.8,1657.6,15688.0,1657.6,4440.0,1568.8,888.0,2072.0,3552.0,0.0,296.8,296
106.0,65.0,4.0,14.0,35.0,4220.0,447320.0,139260.0,187368.0,147700.0,155718.0,50640.0,167956.0,54860.0,59080.0,16880.0,4220.0,3498.0,3503
71.0,31.0,28.0,7.0,31.0,296.0,21016.0,1036.0,1154.4,9176.0,976.8,2664.0,1243.2,296.0,2072.0,8288.0,296.0,248.5,246
306.0,51.0,105.0,105.0,306.0,2082.0,637092.0,14157.6,14157.6,637092.0,14157.6,0.0,14157.6,49968.0,218610.0,218610.0,0.0,2080.8,2082
244.0,68.0,78.0,62.0,244.0,191.0,46604.0,152.8,152.8,46604.0,152.8,4202.0,152.8,1337.0,11842.0,14898.0,0.0,195.2,191
98.0,21.0,46.0,44.0,114.0,3583.0,351134.0,108564.9,112506.2,408462.0,93516.3,10749.0,131137.80000000002,53745.0,157652.0,164818.0,3583.0,2969.4,2974
331.0,100.0,44.0,107.0,312.0,395.0,130745.0,395.0,513.5,123240.0,434.50000000000006,24095.0,474.0,790.0,42265.0,17380.0,395.0,331.0,328
101.0,16.0,5.0,52.0,112.0,406.0,41006.0,1624.0,1461.6,45472.0,1461.6,15834.0,1624.0,3248.0,21112.0,2030.0,406.0,404.0,406
192.0,9.0,102.0,10.0,198.0,2151.0,412992.0,20004.300000000003,23445.9,425898.0,19359.0,0.0,24091.2,17208.0,21510.0,219402.0,2151.0,1785.6,1785
60.0,39.0,4.0,14.0,39.0,471.0,28260.0,3720.9,3297.0,18369.0,3297.0,0.0,3720.9,3768.0,6594.0,1884.0,0.0,474.0,471
180.0,74.0,18.0,57.0,153.0,700.0,126000.0,2730.0,2660.0,107100.0,2660.0,23100.0,2730.0,3500.0,39900.0,12600.0,0.0,702.0,700
118.0,43.0,71.0,0.0,38.0,698.0,82364.0,3420.2000000000003,4048.4,26524.0,3350.4,4886.0,4118.2,1396.0,0.0,49558.0,698.0,578.2,579
73.0,43.0,10.0,15.0,6.0,1459.0,106507.0,24219.4,29617.7,8754.0,24511.2,5836.0,29180.0,4377.0,21885.0,14590.0,1459.0,1211.8000000000002,1211
143.0,63.0,0.0,45.0,14.0,1372.0,196196.0,10976.0,13994.4,19208.0,11524.8,37044.0,13171.2,5488.0,61740.0,0.0,1372.0,1144.0,1139
2190.0,706.0,648.0,235.0,1825.0,16690.0,36551100.0,110154.0,151879.0,30459250.0,133520.0,3938840.0,126844.0,317110.0,3922150.0,10815120.0,0.0,14454.0,14520
9.0,0.0,10.0,0.0,5.0,239.0,2151.0,6357.400000000001,5712.099999999999,1195.0,5712.099999999999,0.0,6357.400000000001,478.0,0.0,2390.0,239.0,239.4,239
203.0,21.0,167.0,10.0,201.0,1520.0,308560.0,9424.0,11552.0,305520.0,9576.0,4560.0,11400.0,7600.0,15200.0,253840.0,1520.0,1258.6,1262
162.0,64.0,36.0,28.0,157.0,1754.0,284148.0,18943.2,19644.8,275378.0,19644.8,15786.0,18943.2,14032.0,49112.0,63144.0,1754.0,1749.6,1754
183.0,60.0,21.0,71.0,181.0,1824.0,333792.0,15139.2,18422.4,330144.0,15321.6,52896.0,18240.0,10944.0,129504.0,38304.0,1824.0,1518.9,1514
59.0,36.0,21.0,0.0,6.0,804.0,47436.0,9085.2,11336.4,4824.0,9406.8,0.0,10934.4,6432.0,0.0,16884.0,804.0,666.7,667
412.0,198.0,14.0,91.0,412.0,5864.0,2415968.0,83268.8,83268.8,2415968.0,83268.8,580536.0,83268.8,117280.0,533624.0,82096.0,5864.0,5850.4,5864
348.0,198.0,14.0,77.0,10.0,1172.0,407856.0,3281.6,4219.2,11720.0,3516.0,38676.0,3984.8,3516.0,90244.0,16408.0,1172.0,974.4,973
2529.0,554.0,513.0,703.0,2056.0,5333.0,13487157.0,11199.3,13865.8,10964648.0,13865.8,351978.0,11199.3,69329.0,3749099.0,2735829.0,0.0,5310.900000000001,5333
250.0,28.0,92.0,0.0,164.0,1775.0,443750.0,12602.5,15265.0,291100.0,15265.0,101175.0,12602.5,14200.0,0.0,163300.0,0.0,1775.0,1775
206.0,0.0,199.0,0.0,100.0,246.0,50676.0,246.0,295.2,24600.0,246.0,0.0,295.2,1230.0,0.0,48954.0,246.0,206.0,204
617.0,184.0,136.0,133.0,377.0,3793.0,2340281.0,19344.3,25792.4,1429961.0,21620.1,390679.0,23137.3,26551.0,504469.0,515848.0,3793.0,3146.7,3148
173.0,0.0,78.0,17.0,177.0,10501.0,1816673.0,529250.4,622709.2999999999,1858677.0,516649.2,105010.0,637410.7000000001,126012.0,178517.0,819078.0,10501.0,8719.199999999999,8716
286.0,45.0,156.0,37.0,265.0,1464.0,418704.0,7466.4,8052.0,387960.0,8052.0,39528.0,7466.4,8784.0,54168.0,228384.0,1464.0,1458.6,1464
52.0,13.0,17.0,10.0,20.0,1636.0,85072.0,42699.600000000006,52515.600000000006,32720.0,43517.600000000006,9816.0,51534.0,3272.0,16360.0,27812.0,1636.0,1357.2,1358
45.0,6.0,28.0,0.0,59.0,281.0,12645.0,1742.2,1348.8,16579.0,1348.8,0.0,1742.2,1967.0,0.0,7868.0,0.0,279.0,281
104.0,30.0,7.0,15.0,0.0,2796.0,290784.0,62350.8,78288.0,0.0,64867.2,134208.0,75212.4,13980.0,41940.0,19572.0,2796.0,2319.2000000000003,2321
465.0,234.0,44.0,118.0,431.0,4884.0,2271060.0,42490.8,47863.2,2105004.0,39560.4,507936.0,51282.0,63492.0,576312.0,214896.0,4884.0,4045.5,4054
2145.0,862.0,63.0,518.0,2234.0,2400.0,5148000.0,2640.0,2640.0,5361600.0,2640.0,1178400.0,2640.0,201600.0,1243200.0,151200.0,0.0,2359.5,2400
283.0,20.0,125.0,91.0,292.0,5650.0,1598950.0,113000.0,109045.0,1649800.0,109045.0,220350.0,113000.0,73450.0,514150.0,706250.0,5650.0,5660.0,5650
109.0,0.0,84.0,17.0,47.0,1837.0,200233.0,25718.0,31780.1,86339.0,26452.8,0.0,31045.3,3674.0,31229.0,154308.0,1837.0,1526.0,1525
160.0,0.0,21.0,25.0,74.0,575.0,92000.0,1725.0,2070.0,42550.0,1725.0,41400.0,2070.0,1150.0,14375.0,12075.0,575.0,480.0,477
65.0,0.0,64.0,0.0,54.0,606.0,39390.0,4666.2,5757.0,32724.0,4787.400000000001,0.0,5635.8,1212.0,0.0,38784.0,606.0,500.5,503
366.0,160.0,27.0,72.0,260.0,10205.0,3735030.0,235735.5,292883.5,2653300.0,243899.5,979680.0,284719.5,102050.0,734760.0,275535.0,10205.0,8454.6,8470
63.0,18.0,10.0,28.0,16.0,937.0,59031.0,11525.1,14898.3,14992.0,12368.4,2811.0,13961.3,2811.0,26236.0,9370.0,937.0,774.9000000000001,778
309.0,126.0,13.0,153.0,381.0,2597.0,802473.0,21814.8,17659.6,989457.0,17659.6,153223.0,21814.8,19477.5,397341.0,33761.0,0.0,2595.6,2597
610.0,137.0,174.0,147.0,575.0,950.0,579500.0,1520.0,1615.0,546250.0,1615.0,111150.0,1520.0,2850.0,139650.0,165300.0,950.0,976.0,950
562.0,165.0,125.0,119.0,502.0,5727.0,3218574.0,58415.4,65287.8,2874954.0,65287.8,532611.0,58415.4,74451.0,681513.0,715875.0,0.0,5732.4,5727
156.0,21.0,38.0,7.0,146.0,2458.0,383448.0,32199.8,41294.4,358868.0,34412.0,95862.0,38836.4,9832.0,17206.0,93404.0,2458.0,2043.6,2040
75.0,30.0,5.0,21.0,40.0,4430.0,332250.0,217070.0,261813.0,177200.0,217070.0,84170.0,261813.0,35440.0,93030.0,22150.0,4430.0,3675.0,3677
136.0,42.0,64.0,21.0,0.0,687.0,93432.0,2885.4,3709.8,0.0,3091.5,0.0,3503.7,1374.0,14427.0,43968.0,687.0,571.2,570
96.0,13.0,56.0,10.0,119.0,4530.0,434880.0,57531.0,172593.0,539070.0,46659.0,0.0,213816.0,36240.0,45300.0,253680.0,0.0,1219.1999999999998,1223
78.0,24.0,24.0,21.0,78.0,1084.0,84552.0,13550.0,15067.6,84552.0,13550.0,9756.0,15067.6,4336.0,22764.0,26016.0,1084.0,975.0,976
51.0,42.0,0.0,0.0,20.0,466.0,23766.0,3541.6,3867.8,9320.0,3215.4,6524.0,4240.599999999999,5592.0,0.0,0.0,466.0,387.6,387
1092.0,356.0,84.0,669.0,1300.0,5320.0,5809440.0,21280.0,21812.0,6916000.0,18088.0,904400.0,26068.000000000004,69160.0,3559080.0,446880.0,5320.0,4368.0,4416
134.0,42.0,11.0,35.0,134.0,345.0,46230.0,724.5,897.0,46230.0,724.5,11040.0,897.0,2760.0,12075.0,3795.0,345.0,281.40000000000003,286
75.0,24.0,9.0,36.0,0.0,367.0,27525.0,1504.6999999999998,1945.1,0.0,1614.8000000000002,0.0,1798.3000000000002,1835.0,13212.0,3303.0,367.0,307.5,305
88.0,18.0,20.0,43.0,36.0,155.0,13640.0,232.5,294.5,5580.0,248.0,0.0,279.0,1085.0,6665.0,3100.0,155.0,132.0,129
3088.0,1061.0,1009.0,241.0,544.0,4266.0,13173408.0,5972.4,5972.4,2320704.0,5972.4,3293352.0,5972.4,34128.0,1028106.0,4304394.0,4266.0,4323.2,4266
82.0,25.0,46.0,14.0,100.0,440.0,36080.0,2376.0,1936.0,44000.0,1936.0,0.0,2376.0,1320.0,6160.0,20240.0,440.0,442.8,440
110.0,30.0,66.0,7.0,18.0,1362.0,149820.0,16888.8,17978.399999999998,24516.0,17978.399999999998,0.0,16888.8,2724.0,9534.0,89892.0,1362.0,1364.0,1362
308.0,153.0,83.0,112.0,236.0,2533.0,780164.0,20770.6,17984.3,597788.0,17984.3,0.0,20770.6,15198.0,283696.0,210239.0,0.0,2525.6,2533
143.0,75.0,32.0,62.0,172.0,225.0,32175.0,360.0,292.5,38700.0,292.5,675.0,360.0,2250.0,13950.0,7200.0,225.0,228.8,225
826.0,292.0,326.0,32.0,396.0,11045.0,9123170.0,148003.0,151316.5,4373820.0,151316.5,1711975.0,148003.0,143585.0,353440.0,3600670.0,11045.0,11068.4,11045
3460.0,484.0,1831.0,208.0,2756.0,32760.0,113349600.0,311220.0,360360.0,90286560.0,360360.0,10417680.0,311220.0,786240.0,6814080.0,59983560.0,0.0,32870.0,32760
73.0,15.0,32.0,28.0,80.0,2475.0,180675.0,69547.5,76477.5,198000.0,63607.5,0.0,83902.5,19800.0,69300.0,79200.0,2475.0,2051.3,2054
64.0,4.0,56.0,7.0,11.0,252.0,16128.0,982.8,957.6,2772.0,957.6,0.0,982.8,1764.0,1764.0,14112.0,252.0,249.6,252
497.0,122.0,28.0,273.0,454.0,2362.0,1173914.0,11337.6,10156.6,1072348.0,10156.6,266906.0,11337.6,18896.0,644826.0,66136.0,0.0,2385.6,2362
288.0,201.0,0.0,76.0,99.0,2963.0,853344.0,25185.5,28148.5,293337.0,23407.7,106668.0,30518.9,14815.0,225188.0,0.0,2963.0,2448.0,2459
494.0,134.0,62.0,91.0,494.0,8706.0,4300764.0,153225.6,153225.6,4300764.0,153225.6,1218840.0,153225.6,182826.0,792246.0,539772.0,8706.0,8694.400000000001,8706
130.0,60.0,65.0,0.0,14.0,770.0,100100.0,4543.0,4774.0,10780.0,4774.0,0.0,4543.0,4620.0,0.0,50050.0,770.0,767.0,770
204.0,47.0,43.0,29.0,229.0,8111.0,1654644.0,322817.8,287129.4,1857419.0,287129.4,48666.0,322817.8,291996.0,235219.0,348773.0,8111.0,8119.2,8111
17.0,12.0,5.0,0.0,17.0,762.0,12954.0,34137.6,34137.6,12954.0,34137.6,0.0,34137.6,8382.0,0.0,3810.0,762.0,761.5999999999999,762
60.0,10.0,25.0,31.0,71.0,164.0,9840.0,377.2,377.2,11644.0,311.6,0.0,442.8,164.0,5084.0,4100.0,164.0,138.0,136
73.0,0.0,20.0,10.0,56.0,431.0,31463.0,2111.9,2801.5,24136.0,2327.4,15516.0,2542.9,431.0,4310.0,8620.0,431.0,357.70000000000005,358
169.0,32.0,14.0,28.0,169.0,580.0,98020.0,1624.0,1972.0,98020.0,1624.0,14500.0,1972.0,3480.0,16240.0,8120.0,580.0,473.2,481
1351.0,379.0,449.0,219.0,1173.0,3842.0,5190542.0,9220.8,11141.8,4506666.0,9220.8,1041182.0,10757.6,30736.0,841398.0,1725058.0,3842.0,3242.4,3189
2087.0,862.0,444.0,437.0,2046.0,22500.0,46957500.0,243000.00000000003,247500.0,46035000.0,247500.0,6817500.0,243000.00000000003,202500.0,9832500.0,9990000.0,0.0,22539.6,22500
253.0,72.0,0.0,29.0,252.0,12601.0,3188053.0,583426.2999999999,627529.7999999999,3175452.0,583426.2999999999,1348307.0,627529.7999999999,163813.0,365429.0,0.0,12601.0,11713.9,11719
102.0,37.0,26.0,29.0,102.0,244.0,24888.0,439.2,585.6,24888.0,439.2,2440.0,585.6,1220.0,7076.0,6344.0,244.0,183.6,183
115.0,49.0,39.0,15.0,53.0,1786.0,205390.0,23039.4,30897.800000000003,94658.0,25718.4,0.0,27683.0,8930.0,26790.0,69654.0,1786.0,1483.5,1482
288.0,18.0,186.0,15.0,300.0,1251.0,360288.0,5379.3,5254.2,375300.0,5254.2,26271.0,5379.3,13761.0,18765.0,232686.0,0.0,1238.4,1251
199.0,104.0,7.0,0.0,0.0,1136.0,226064.0,5339.2,6816.0,0.0,5680.0,87472.0,6475.2,9088.0,0.0,7952.0,1136.0,935.3,943
163.0,49.0,14.0,49.0,155.0,3234.0,527142.0,53361.0,67590.59999999999,501270.0,55948.2,106722.0,64033.2,35574.0,158466.0,45276.0,3234.0,2689.5,2684
97.0,21.0,41.0,49.0,16.0,729.0,70713.0,5467.5,4228.2,11664.0,4228.2,0.0,5467.5,6561.0,35721.0,29889.0,0.0,727.5,729
439.0,82.0,222.0,85.0,105.0,3630.0,1593570.0,30129.000000000004,31581.0,381150.0,31581.0,68970.0,30129.000000000004,25410.0,308550.0,805860.0,3630.0,3643.7,3630
3113.0,2019.0,609.0,157.0,3113.0,42080.0,130995040.0,458672.0,568080.0,130995040.0,458672.0,10435840.0,568080.0,1009920.0,6606560.0,25626720.0,42080.0,33931.700000000004,34085
153.0,35.0,7.0,24.0,143.0,3283.0,502299.0,61392.1,75509.0,469469.0,65660.0,187131.0,70584.5,9849.0,78792.0,22981.0,0.0,2861.1,2856
670.0,346.0,97.0,79.0,146.0,6936.0,4647120.0,59649.6,74908.8,1012656.0,61730.4,846192.0,72134.40000000001,41616.0,547944.0,672792.0,6936.0,5762.0,5757
129.0,19.0,93.0,10.0,0.0,631.0,81399.0,3091.9,2587.1,0.0,2587.1,1893.0,3091.9,9465.0,6310.0,58683.0,0.0,632.1,631
329.0,324.0,68.0,0.0,206.0,2184.0,718536.0,14414.4,11793.6,449904.0,11793.6,30576.0,14414.4,17472.0,0.0,148512.0,0.0,2171.4,2184
5684.0,2221.0,454.0,1137.0,4943.0,21014.0,119443576.0,77751.8,90360.2,103872202.0,90360.2,17231480.0,77751.8,777518.0,23892918.0,9540356.0,21014.0,21030.8,21014
61.0,27.0,4.0,17.0,72.0,502.0,30622.0,3413.6,3514.0,36144.0,2911.6,12048.0,4116.4,2008.0,8534.0,2008.0,502.0,414.8,417
267.0,27.0,133.0,34.0,70.0,2683.0,716361.0,26830.0,21464.0,187810.0,21464.0,136833.0,26830.0,24147.0,91222.0,356839.0,0.0,2670.0,2683
218.0,78.0,16.0,77.0,227.0,6665.0,1452970.0,169291.0,195951.0,1512955.0,162626.0,373240.0,203949.0,26660.0,513205.0,106640.0,6665.0,5537.2,5532
919.0,458.0,236.0,58.0,884.0,5801.0,5331119.0,30165.2,38286.6,5128084.0,31325.4,324856.0,36546.3,34806.0,336458.0,1369036.0,5801.0,4778.8,4815
66.0,27.0,12.0,14.0,28.0,296.0,19536.0,1095.2,1480.0,8288.0,1243.2,1776.0,1332.0,592.0,4144.0,3552.0,296.0,244.2,246
54.0,36.0,0.0,0.0,0.0,827.0,44658.0,10502.9,13149.3,0.0,10916.4,13232.0,12653.1,827.0,0.0,0.0,827.0,685.8,686
245.0,88.0,105.0,79.0,299.0,870.0,213150.0,1653.0,2523.0,260130.0,1392.0,23490.0,3132.0,11310.0,68730.0,91350.0,870.0,465.5,470
54.0,24.0,28.0,0.0,0.0,476.0,25704.0,3474.8,4379.2,0.0,3617.6,0.0,4188.8,952.0,0.0,13328.0,476.0,394.2,395
151.0,40.0,54.0,21.0,111.0,1241.0,187391.0,8935.2,11789.5,137751.0,10300.3,18615.0,10176.2,3723.0,26061.0,67014.0,0.0,1087.2,1080
103.0,45.0,4.0,29.0,105.0,1396.0,143788.0,18985.6,18566.8,146580.0,18566.8,37692.0,18985.6,9772.0,40484.0,5584.0,0.0,1400.8,1396
300.0,95.0,82.0,76.0,138.0,2933.0,879900.0,28743.4,30796.5,404754.0,30796.5,79191.0,28743.4,29330.0,222908.0,240506.0,2933.0,2940.0,2933
249.0,126.0,4.0,21.0,58.0,4551.0,1133199.0,83283.3,83283.3,263958.0,83283.3,445998.0,83283.3,40959.0,95571.0,18204.0,4551.0,4556.7,4551
224.0,156.0,21.0,29.0,6.0,3613.0,809312.0,48414.2,60337.1,21678.0,50220.7,0.0,58169.3,14452.0,104777.0,75873.0,3613.0,3001.6,2999
1984.0,255.0,1008.0,158.0,1613.0,2540.0,5039360.0,3302.0,4064.0,4097020.0,4064.0,487680.0,3302.0,27940.0,401320.0,2560320.0,0.0,2579.2000000000003,2540
58.0,15.0,37.0,0.0,0.0,31.0,1798.0,12.4,15.5,0.0,15.5,0.0,15.5,62.0,0.0,1147.0,31.0,23.200000000000003,26
56.0,50.0,0.0,0.0,0.0,540.0,30240.0,4320.0,5508.0,0.0,4590.0,1620.0,5184.0,1080.0,0.0,0.0,540.0,448.0,448
244.0,91.0,12.0,60.0,257.0,1092.0,266448.0,4040.4,4586.400000000001,280644.0,3822.0,48048.0,4914.0,3276.0,65520.0,13104.0,1092.0,902.8,906
12.0,0.0,0.0,7.0,10.0,211.0,2532.0,3713.6,3418.2,2110.0,3418.2,1266.0,3713.6,2743.0,1477.0,0.0,0.0,211.2,211
1416.0,402.0,432.0,252.0,376.0,1724.0,2441184.0,2068.8,2586.0,648224.0,2586.0,0.0,2068.8,20688.0,434448.0,744768.0,0.0,1699.2,1724
67.0,3.0,26.0,7.0,71.0,1821.0,122007.0,42975.600000000006,46617.600000000006,129291.0,40608.3,0.0,49531.2,9105.0,12747.0,47346.0,0.0,1581.2,1584
95.0,36.0,0.0,24.0,0.0,178.0,16910.0,284.8,338.2,0.0,284.8,5696.0,338.2,1246.0,4272.0,0.0,178.0,152.0,148
2376.0,638.0,233.0,580.0,2221.0,30701.0,72945576.0,328500.69999999995,423673.8000000001,68186921.0,353061.5,19617939.0,396042.9,736824.0,17806580.0,7153333.0,30701.0,25423.2,25482
442.0,225.0,102.0,91.0,82.0,683.0,301886.0,1024.5,956.2,56006.0,956.2,38931.0,1024.5,3415.0,62153.0,69666.0,683.0,663.0,683
68.0,21.0,12.0,15.0,11.0,3037.0,206516.0,112672.7,137576.1,33407.0,114191.2,57703.0,135753.9,12148.0,45555.0,36444.0,3037.0,2522.8,2521
268.0,76.0,96.0,41.0,248.0,2933.0,786044.0,31969.7,31969.7,727384.0,31969.7,131985.0,31969.7,26397.0,120253.0,281568.0,0.0,2921.2000000000003,2933
90.0,96.0,0.0,0.0,96.0,595.0,53550.0,3272.5,3689.0,57120.0,3034.5,0.0,3927.0,1190.0,0.0,0.0,595.0,495.0,494
72.0,23.0,25.0,17.0,55.0,486.0,34992.0,3304.8,3304.8,26730.0,3304.8,3402.0,3304.8,3402.0,8262.0,12150.0,486.0,489.6,486
505.0,111.0,127.0,216.0,472.0,4955.0,2502275.0,48559.0,52027.5,2338760.0,52027.5,89190.0,48559.0,148650.0,1070280.0,629285.0,4955.0,4949.0,4955
450.0,112.0,145.0,105.0,356.0,6138.0,2762100.0,83476.8,89614.8,2185128.0,89614.8,362142.0,83476.8,42966.0,644490.0,890010.0,6138.0,6120.0,6138
230.0,129.0,38.0,57.0,230.0,1748.0,402040.0,11012.4,11362.0,402040.0,9439.2,80408.0,13284.8,17480.0,99636.0,66424.0,1748.0,1449.0,1451
242.0,97.0,78.0,43.0,0.0,375.0,90750.0,487.5,637.5,0.0,525.0,1500.0,562.5,750.0,16125.0,29250.0,375.0,314.6,311
106.0,21.0,76.0,0.0,7.0,2946.0,312276.0,68052.6,84255.6,20622.0,69820.2,17676.0,81898.8,5892.0,0.0,223896.0,2946.0,2448.6000000000004,2445
31.0,10.0,14.0,7.0,4.0,237.0,7347.0,1801.1999999999998,1801.1999999999998,948.0,1801.1999999999998,0.0,1801.1999999999998,1422.0,1659.0,3318.0,237.0,235.6,237
1186.0,422.0,306.0,168.0,1235.0,3711.0,4401246.0,11504.1,11133.0,4583085.0,11133.0,404499.0,11504.1,33399.0,623448.0,1135566.0,0.0,3676.6,3711
256.0,69.0,198.0,0.0,272.0,2941.0,752896.0,33821.5,31762.800000000003,799952.0,31762.800000000003,0.0,33821.5,55879.0,0.0,582318.0,0.0,2944.0,2941
191.0,44.0,60.0,49.0,159.0,2430.0,464130.0,30861.0,30618.0,386370.0,30618.0,36450.0,30861.0,26730.0,119070.0,145800.0,0.0,2425.7,2430
213.0,102.0,63.0,28.0,186.0,3051.0,649863.0,36306.9,46680.3,567486.0,38747.7,18306.0,43629.3,30510.0,85428.0,192213.0,3051.0,2534.7000000000003,2532
4562.0,1098.0,1278.0,1059.0,3933.0,26408.0,120473296.0,153166.4,176933.6,103862664.0,176933.6,13151184.0,153166.4,396120.0,27966072.0,33749424.0,26408.0,26459.6,26408
141.0,44.0,33.0,17.0,5.0,1499.0,211359.0,13191.2,16339.1,7495.0,13491.0,65956.0,15889.4,2998.0,25483.0,49467.0,1499.0,1240.8000000000002,1244
187.0,23.0,65.0,91.0,201.0,677.0,126599.0,2031.0,2301.8,136077.0,1895.6,11509.0,2437.2000000000003,4062.0,61607.0,44005.0,677.0,561.0,562
128.0,45.0,0.0,0.0,128.0,7180.0,919040.0,185244.0,402798.0,919040.0,185244.0,488240.0,402798.0,71800.0,0.0,0.0,7180.0,3302.4,3303
194.0,70.0,16.0,45.0,46.0,703.0,136382.0,1827.8,2741.7,32338.0,1968.4,0.0,2530.8,8436.0,31635.0,11248.0,703.0,504.4,499
869.0,288.0,300.0,230.0,934.0,2078.0,1805782.0,4987.2,4571.6,1940852.0,4571.6,241048.0,4987.2,12468.0,477940.0,623400.0,0.0,2085.6,2078
125.0,51.0,9.0,22.0,20.0,2802.0,350250.0,52117.2,68368.8,56040.0,56600.4,92466.0,62764.8,8406.0,61644.0,25218.0,2802.0,2325.0,2326
477.0,235.0,117.0,46.0,172.0,2741.0,1307457.0,15623.7,15075.5,471452.0,15075.5,243949.0,15623.7,16446.0,126086.0,320697.0,2741.0,2718.9,2741
717.0,716.0,13.0,24.0,51.0,4272.0,3063024.0,20932.800000000003,23923.2,217872.0,19651.2,42720.0,25632.0,21360.0,102528.0,55536.0,4272.0,3513.3,3546
25.0,0.0,28.0,0.0,0.0,140.0,3500.0,784.0,700.0,0.0,700.0,0.0,784.0,420.0,0.0,3920.0,140.0,140.0,140
73.0,9.0,61.0,0.0,73.0,1404.0,102492.0,26956.8,26956.8,102492.0,26956.8,4212.0,26956.8,11232.0,0.0,85644.0,1404.0,1401.6,1404
100.0,61.0,0.0,0.0,28.0,1119.0,111900.0,10406.7,12197.1,31332.0,10071.0,0.0,12532.8,13428.0,0.0,0.0,1119.0,930.0,929
273.0,103.0,183.0,17.0,318.0,528.0,144144.0,1003.2,897.6,167904.0,897.6,7920.0,1003.2,2640.0,8976.0,96624.0,0.0,518.6999999999999,528
587.0,108.0,119.0,203.0,524.0,3748.0,2200076.0,23987.2,26985.6,1963952.0,26985.6,352312.0,23987.2,56220.0,760844.0,446012.0,0.0,3756.8,3748
1437.0,920.0,154.0,203.0,1318.0,4900.0,7041300.0,16660.0,18130.0,6458200.0,18130.0,200900.0,16660.0,88200.0,994700.0,754600.0,0.0,4885.8,4900
97.0,3.0,101.0,0.0,108.0,1853.0,179741.0,35392.3,30203.9,200124.0,30203.9,5559.0,35392.3,22236.0,0.0,187153.0,0.0,1852.7,1853
224.0,110.0,25.0,49.0,195.0,3322.0,744128.0,42853.8,56474.0,647790.0,49165.600000000006,19932.0,49165.600000000006,43186.0,162778.0,83050.0,0.0,2889.6,2890
321.0,168.0,46.0,77.0,315.0,1076.0,345396.0,3658.4,3658.4,338940.0,3658.4,9684.0,3658.4,11836.0,82852.0,49496.0,0.0,1091.4,1076
99.0,6.0,4.0,59.0,98.0,2876.0,284724.0,69311.6,84266.8,281848.0,70174.4,54644.0,83691.6,11504.0,169684.0,11504.0,2876.0,2385.9,2387
416.0,179.0,40.0,109.0,318.0,1911.0,794976.0,7261.799999999999,9363.9,607698.0,7835.099999999999,103194.0,8790.599999999999,11466.0,208299.0,76440.0,1911.0,1580.8,1586
71.0,21.0,21.0,14.0,25.0,1201.0,85271.0,16814.0,22218.5,30025.0,18375.3,4804.0,20296.9,4804.0,16814.0,25221.0,1201.0,994.0,997
120.0,60.0,48.0,0.0,12.0,212.0,25440.0,381.6,381.6,2544.0,381.6,2544.0,381.6,1060.0,0.0,10176.0,212.0,216.0,212
213.0,72.0,43.0,84.0,132.0,1278.0,272214.0,7668.0,7029.0,168696.0,7029.0,3834.0,7668.0,15336.0,107352.0,54954.0,0.0,1278.0,1278
1634.0,625.0,387.0,399.0,1634.0,7060.0,11536040.0,30358.0,30358.0,11536040.0,30358.0,1574380.0,30358.0,84720.0,2816940.0,2732220.0,0.0,7026.2,7060
275.0,184.0,11.0,7.0,7.0,702.0,193050.0,1825.2,1965.6,4914.0,1965.6,33696.0,1825.2,6318.0,4914.0,7722.0,702.0,715.0,702
458.0,202.0,66.0,115.0,458.0,903.0,413574.0,1806.0,1806.0,413574.0,1806.0,67725.0,1806.0,14448.0,103845.0,59598.0,903.0,916.0,903
218.0,28.0,118.0,0.0,91.0,8151.0,1776918.0,252681.0,332560.8,741741.0,275503.8,358644.0,304847.4,65208.0,0.0,961818.0,8151.0,6758.0,6765
498.0,107.0,132.0,77.0,445.0,8227.0,4097046.0,135745.5,152199.5,3661015.0,152199.5,57589.0,135745.5,156313.0,633479.0,1085964.0,0.0,8217.0,8227
143.0,54.0,65.0,14.0,11.0,402.0,57486.0,924.6,1206.0,4422.0,1005.0,0.0,1125.6,1608.0,5628.0,26130.0,402.0,328.9,334
722.0,163.0,0.0,237.0,622.0,4164.0,3006408.0,24151.2,27898.8,2590008.0,27898.8,841128.0,24151.2,37476.0,986868.0,0.0,4164.0,4187.599999999999,4164
236.0,27.0,192.0,37.0,268.0,6844.0,1615184.0,198476.0,174522.0,1834192.0,174522.0,82128.0,198476.0,102660.0,253228.0,1314048.0,0.0,6844.0,6844
239.0,39.0,70.0,62.0,244.0,1661.0,396979.0,11460.9,11294.8,405284.0,11294.8,29898.0,11460.9,16610.0,102982.0,116270.0,0.0,1649.1,1661
1882.0,711.0,589.0,442.0,1960.0,6068.0,11419976.0,19417.6,18810.8,11893280.0,18810.8,1322824.0,19417.6,60680.0,2682056.0,3574052.0,0.0,6022.400000000001,6068
291.0,188.0,29.0,69.0,323.0,6519.0,1897029.0,135595.2,131683.8,2105637.0,122557.2,0.0,146025.59999999998,91266.0,449811.0,189051.0,0.0,6052.8,6063
328.0,124.0,71.0,66.0,322.0,665.0,218120.0,1330.0,1396.5,214130.0,1396.5,40565.0,1330.0,8645.0,43890.0,47215.0,665.0,656.0,665
264.0,126.0,7.0,84.0,267.0,544.0,143616.0,1142.4,1088.0,145248.0,1088.0,27200.0,1142.4,3264.0,45696.0,3808.0,544.0,554.4,544
270.0,54.0,42.0,91.0,270.0,893.0,241110.0,2946.9,2946.9,241110.0,2946.9,47329.0,2946.9,5358.0,81263.0,37506.0,893.0,891.0,893
32.0,0.0,7.0,0.0,29.0,352.0,11264.0,3872.0,4259.2,10208.0,4259.2,4224.0,3872.0,880.0,0.0,2464.0,352.0,352.0,352
1382.0,353.0,245.0,581.0,1439.0,3344.0,4621408.0,8025.599999999999,7691.2,4812016.0,7691.2,23408.0,8025.599999999999,26752.0,1942864.0,819280.0,0.0,3316.8,3344
98.0,45.0,5.0,28.0,94.0,487.0,47726.0,1996.7,2435.0,45778.0,2045.4,9253.0,2435.0,487.0,13636.0,2435.0,487.0,401.8,404
289.0,3.0,100.0,66.0,314.0,5732.0,1656548.0,113493.6,104895.6,1799848.0,104895.6,0.0,113493.6,45856.0,378312.0,573200.0,0.0,5722.2,5732
1059.0,299.0,234.0,217.0,954.0,26345.0,27899355.0,569052.0,727122.0,25133130.0,632280.0,3793680.0,655990.5,447865.0,5716865.0,6164730.0,0.0,22874.4,22920
724.0,331.0,12.0,164.0,530.0,11336.0,8207264.0,147368.0,184776.8,6008080.0,153036.0,2142504.0,177975.19999999998,102024.0,1859104.0,136032.0,11336.0,9412.0,9409
40.0,10.0,22.0,17.0,49.0,285.0,11400.0,2023.5,1653.0,13965.0,1653.0,0.0,2023.5,1140.0,4845.0,6270.0,0.0,284.0,285
128.0,72.0,18.0,7.0,4.0,1558.0,199424.0,15735.8,20098.2,6232.0,16670.6,37392.0,19007.6,4674.0,10906.0,28044.0,1558.0,1292.8,1293
1248.0,249.0,262.0,423.0,1095.0,15165.0,18925920.0,185013.0,209277.0,16605675.0,209277.0,2214090.0,185013.0,181980.0,6414795.0,3973230.0,0.0,15225.6,15165
387.0,109.0,118.0,90.0,391.0,3960.0,1532520.0,33660.0,39996.0,1548360.0,33264.0,265320.0,40392.0,67320.0,356400.0,467280.0,3960.0,3289.5,3287
73.0,0.0,65.0,0.0,19.0,920.0,67160.0,9660.0,12052.0,17480.0,10028.0,0.0,11592.0,2760.0,0.0,59800.0,920.0,766.5,764
151.0,22.0,0.0,47.0,32.0,2643.0,399093.0,38323.5,51009.9,84576.0,42288.0,179724.0,46252.5,7929.0,124221.0,0.0,2643.0,2189.5,2194
465.0,48.0,162.0,196.0,443.0,2427.0,1128555.0,10436.1,13348.5,1075161.0,10921.5,0.0,12620.4,9708.0,475692.0,393174.0,2427.0,1999.5,2014
63.0,29.0,0.0,24.0,62.0,996.0,62748.0,13047.6,16035.600000000002,61752.0,13246.8,8964.0,15736.8,3984.0,23904.0,0.0,996.0,825.3,827
226.0,88.0,70.0,28.0,92.0,2508.0,566808.0,27838.8,30597.6,230736.0,30597.6,47652.0,27838.8,25080.0,70224.0,175560.0,2508.0,2508.6,2508
115.0,76.0,11.0,0.0,10.0,201.0,23115.0,341.7,341.7,2010.0,341.7,5628.0,341.7,301.5,0.0,2211.0,201.0,195.5,201
189.0,39.0,112.0,28.0,0.0,563.0,106407.0,1689.0,1745.3,0.0,1745.3,1689.0,1689.0,8445.0,15764.0,63056.0,0.0,567.0,563
55.0,52.0,0.0,0.0,58.0,643.0,35365.0,6237.099999999999,7137.3,37294.0,5915.599999999999,3858.0,7523.099999999999,7073.0,0.0,0.0,643.0,533.5,534
85.0,12.0,44.0,24.0,12.0,1252.0,106420.0,15274.4,19656.4,15024.0,16276.0,0.0,18404.4,5008.0,30048.0,55088.0,1252.0,1037.0,1039
2143.0,219.0,657.0,485.0,1801.0,52172.0,111804596.0,1053874.4,1512988.0,93961772.0,1252128.0,156516.0,1267779.6,365204.0,25303420.0,34277004.0,52172.0,43288.6,43303
520.0,181.0,160.0,55.0,430.0,3133.0,1629160.0,18798.0,22870.9,1347190.0,22870.9,28197.0,18798.0,25064.0,172315.0,501280.0,0.0,3120.0,3133
113.0,25.0,34.0,27.0,38.0,2070.0,233910.0,32913.0,42021.0,78660.0,36639.0,33120.0,37881.0,6210.0,55890.0,70380.0,0.0,1796.7,1801
264.0,85.0,17.0,133.0,157.0,3180.0,839520.0,31800.0,38796.0,499260.0,32118.0,82680.0,38160.0,19080.0,422940.0,54060.0,3180.0,2640.0,2639
349.0,162.0,24.0,112.0,342.0,2360.0,823640.0,16048.0,16048.0,807120.0,16048.0,42480.0,16048.0,9440.0,264320.0,56640.0,0.0,2373.2,2360
229.0,88.0,5.0,17.0,241.0,2897.0,663413.0,31867.0,34764.0,698177.0,30418.5,0.0,36791.9,14485.0,49249.0,14485.0,0.0,2519.0,2520
172.0,88.0,40.0,30.0,169.0,1788.0,307536.0,18595.2,18952.8,302172.0,18952.8,7152.0,18595.2,8940.0,53640.0,71520.0,0.0,1788.8,1788
323.0,108.0,57.0,74.0,323.0,1238.0,399874.0,4704.4,4704.4,399874.0,4704.4,65614.0,4704.4,16094.0,91612.0,70566.0,1238.0,1227.4,1238
89.0,15.0,28.0,7.0,24.0,442.0,39338.0,2210.0,2033.2,10608.0,2033.2,7514.0,2210.0,1768.0,3094.0,12376.0,0.0,445.0,442
878.0,113.0,404.0,133.0,828.0,3742.0,3285476.0,14219.6,16839.0,3098376.0,15342.2,602462.0,16090.6,18710.0,497686.0,1511768.0,3742.0,3336.4,3368
220.0,81.0,50.0,42.0,224.0,281.0,61820.0,365.3,365.3,62944.0,365.3,14331.0,365.3,843.0,11802.0,14050.0,0.0,286.0,281
150.0,125.0,4.0,0.0,6.0,828.0,124200.0,3808.8,4636.799999999999,4968.0,3808.8,16560.0,4554.0,2484.0,0.0,3312.0,828.0,690.0,687
161.0,60.0,38.0,41.0,169.0,220.0,35420.0,308.0,286.0,37180.0,286.0,6600.0,308.0,440.0,9020.0,8360.0,220.0,225.4,220
804.0,345.0,334.0,236.0,957.0,13720.0,11030880.0,194824.0,196196.0,13130040.0,163268.0,0.0,234612.00000000003,164640.0,3237920.0,4582480.0,13720.0,11416.8,11388
272.0,63.0,20.0,71.0,245.0,11172.0,3038784.0,398840.4,509443.2,2737140.0,443528.4,681492.0,459169.2,156408.0,793212.0,223440.0,0.0,9710.4,9720
33.0,8.0,7.0,10.0,32.0,145.0,4785.0,638.0,522.0,4640.0,522.0,0.0,638.0,290.0,1450.0,1015.0,0.0,145.20000000000002,145
64.0,20.0,28.0,7.0,65.0,140.0,8960.0,308.0,308.0,9100.0,308.0,1400.0,308.0,420.0,980.0,3920.0,0.0,140.8,140
277.0,48.0,110.0,49.0,84.0,1265.0,350405.0,5819.0,6325.0,106260.0,6325.0,59455.0,5819.0,24035.0,61985.0,139150.0,0.0,1274.1999999999998,1265
322.0,78.0,100.0,54.0,179.0,6316.0,2033752.0,102950.8,133267.6,1130564.0,110530.0,423172.0,123793.6,82108.0,341064.0,631600.0,6316.0,5248.6,5242
164.0,52.0,56.0,7.0,110.0,2791.0,457724.0,47447.0,50796.2,307010.0,50796.2,50238.0,47447.0,30701.0,19537.0,156296.0,0.0,2788.0,2791
145.0,48.0,10.0,14.0,144.0,894.0,129630.0,4559.4,5542.8,128736.0,4648.8,64368.0,5542.8,2682.0,12516.0,8940.0,894.0,739.5,742
73.0,36.0,24.0,0.0,0.0,704.0,51392.0,5632.0,6899.200000000001,0.0,5702.4,8448.0,6758.4,3520.0,0.0,16896.0,704.0,584.0,584
245.0,42.0,179.0,42.0,302.0,893.0,218785.0,3214.8,2679.0,269686.0,2679.0,21432.0,3214.8,6251.0,37506.0,159847.0,0.0,882.0,893
406.0,209.0,36.0,20.0,102.0,6794.0,2758364.0,94436.6,118215.6,692988.0,98513.0,849250.0,113459.8,47558.0,135880.0,244584.0,6794.0,5643.400000000001,5639
98.0,35.0,0.0,20.0,28.0,6666.0,653268.0,376629.0,462620.4,186648.0,383961.6,273306.0,453288.0,33330.0,133320.0,0.0,6666.0,5537.0,5533
83.0,44.0,10.0,25.0,15.0,494.0,41002.0,2420.6000000000004,2964.0,7410.0,2470.0,1482.0,2964.0,1482.0,12350.0,4940.0,494.0,406.7000000000001,410
182.0,30.0,59.0,29.0,0.0,1206.0,219492.0,6633.0,9286.2,0.0,7718.400000000001,47034.0,7959.599999999999,6030.0,34974.0,71154.0,1206.0,1001.0,1001
820.0,460.0,98.0,175.0,685.0,2552.0,2092640.0,7911.2,6890.400000000001,1748120.0,6890.400000000001,507848.0,7911.2,28072.0,446600.0,250096.0,0.0,2542.0,2552
545.0,116.0,226.0,72.0,79.0,8740.0,4763300.0,139840.0,139840.0,690460.0,139840.0,1144940.0,139840.0,96140.0,629280.0,1975240.0,8740.0,8720.0,8740
105.0,96.0,9.0,0.0,21.0,198.0,20790.0,376.2,376.2,4158.0,376.2,0.0,376.2,1584.0,0.0,1782.0,198.0,199.5,198
55.0,12.0,10.0,15.0,9.0,2828.0,155540.0,120755.6,156954.0,25452.0,130088.0,39592.0,145359.19999999998,2828.0,42420.0,28280.0,2828.0,2348.5,2347
62.0,27.0,4.0,31.0,69.0,984.0,61008.0,12988.8,14071.2,67896.0,11611.2,0.0,15645.6,7872.0,30504.0,3936.0,984.0,818.4,817
109.0,0.0,105.0,0.0,0.0,300.0,32700.0,690.0,870.0,0.0,720.0,0.0,840.0,300.0,0.0,31500.0,300.0,250.7,249
436.0,27.0,334.0,0.0,436.0,7762.0,3384232.0,138163.6,138163.6,3384232.0,138163.6,116430.0,138163.6,116430.0,0.0,2592508.0,0.0,7760.8,7762
179.0,60.0,44.0,38.0,188.0,935.0,167365.0,4020.5,4675.0,175780.0,3833.5,5610.0,4862.0,3740.0,35530.0,41140.0,935.0,769.6999999999999,776
1710.0,932.0,521.0,214.0,1900.0,13130.0,22452300.0,101101.0,90597.0,24947000.0,90597.0,3059290.0,101101.0,275730.0,2809820.0,6840730.0,0.0,13167.0,13130
128.0,49.0,15.0,31.0,120.0,1890.0,241920.0,24192.0,29862.0,226800.0,25893.0,47250.0,27972.0,3780.0,58590.0,28350.0,0.0,1638.4,1644
174.0,21.0,7.0,50.0,140.0,13528.0,2353872.0,1051125.6,1306804.7999999998,1893920.0,1306804.7999999998,405840.0,1051125.6,108224.0,676400.0,94696.0,0.0,13519.8,13528
70.0,28.0,4.0,21.0,39.0,743.0,52010.0,6538.400000000001,8098.7,28977.0,6761.3,11145.0,7875.8,3715.0,15603.0,2972.0,743.0,616.0,617
379.0,159.0,29.0,119.0,379.0,2391.0,906189.0,15063.3,15063.3,906189.0,15063.3,136287.0,15063.3,16737.0,284529.0,69339.0,2391.0,2387.7,2391
258.0,12.0,16.0,0.0,26.0,605.0,156090.0,1391.5,1391.5,15730.0,1391.5,139150.0,1391.5,3025.0,0.0,9680.0,0.0,593.4,605
129.0,33.0,0.0,24.0,121.0,2372.0,305988.0,37952.0,46491.2,287012.0,40561.2,92508.0,43644.8,9488.0,56928.0,0.0,0.0,2064.0,2064
856.0,349.0,194.0,84.0,856.0,2551.0,2183656.0,7653.0,7653.0,2183656.0,7653.0,188774.0,7653.0,30612.0,214284.0,494894.0,0.0,2568.0,2551
127.0,56.0,14.0,39.0,25.0,2010.0,255270.0,26331.0,33969.0,50250.0,28140.0,20100.0,31758.0,14070.0,78390.0,28140.0,2010.0,1663.7,1668
381.0,119.0,107.0,28.0,137.0,1817.0,692277.0,8721.6,9993.5,248929.0,9993.5,16353.0,8721.6,34523.0,50876.0,194419.0,0.0,1828.8,1817
234.0,117.0,19.0,0.0,231.0,5103.0,1194102.0,111245.4,111245.4,1178793.0,111245.4,474579.0,111245.4,51030.0,0.0,96957.0,5103.0,5101.2,5103
215.0,58.0,62.0,51.0,82.0,3417.0,734655.0,45104.4,53646.9,280194.0,44762.7,157182.0,54330.3,27336.0,174267.0,211854.0,3417.0,2838.0,2836
1406.0,541.0,70.0,335.0,1326.0,14698.0,20665388.0,155798.8,163147.8,19489548.0,166087.40000000002,4262420.0,154329.0,14698.0,4923830.0,1028860.0,0.0,14903.6,14938
85.0,21.0,67.0,0.0,22.0,1049.0,89165.0,12902.7,10385.1,23078.0,10385.1,3147.0,12902.7,13637.0,0.0,70283.0,0.0,1045.5,1049
59.0,10.0,32.0,21.0,71.0,1278.0,75402.0,23004.0,23004.0,90738.0,19042.2,3834.0,27732.6,12780.0,26838.0,40896.0,1278.0,1062.0,1061
358.0,139.0,0.0,70.0,338.0,16770.0,6003660.0,652353.0,831792.0,5668260.0,690924.0,1492530.0,784836.0,150930.0,1173900.0,0.0,16770.0,13926.2,13919
73.0,40.0,0.0,10.0,0.0,4428.0,323244.0,222728.4,316159.2,0.0,262580.4,53136.0,268779.60000000003,30996.0,44280.0,0.0,4428.0,3671.9,3675
597.0,189.0,96.0,239.0,609.0,2542.0,1517574.0,10930.6,10676.4,1548078.0,10676.4,198276.0,10930.6,15252.0,607538.0,244032.0,2542.0,2567.1,2542
276.0,90.0,120.0,14.0,101.0,2244.0,619344.0,18176.4,19522.8,226644.0,19522.8,76296.0,18176.4,4488.0,31416.0,269280.0,2244.0,2235.6,2244
728.0,181.0,165.0,84.0,330.0,9694.0,7057232.0,107603.4,153165.2,3199020.0,126991.4,145410.0,128930.2,38776.0,814296.0,1599510.0,9694.0,8080.8,8046
59.0,0.0,55.0,0.0,11.0,5958.0,351522.0,499280.4,645251.4,65538.0,535624.2000000001,0.0,601758.0,35748.0,0.0,327690.0,5958.0,4944.2,4945
98.0,36.0,32.0,17.0,45.0,1582.0,155036.0,21198.8,26577.6,71190.0,22148.0,14238.0,25470.2,17402.0,26894.0,50624.0,1582.0,1313.2,1313
756.0,452.0,66.0,84.0,302.0,3214.0,2429784.0,13820.2,14141.6,970628.0,14141.6,408178.0,13820.2,22498.0,269976.0,212124.0,3214.0,3250.8,3214
155.0,120.0,34.0,0.0,47.0,582.0,90210.0,1804.2,2211.6,27354.0,1804.2,0.0,2211.6,5820.0,0.0,19788.0,582.0,480.5,483
544.0,125.0,104.0,133.0,107.0,2778.0,1511232.0,11667.6,16390.2,297246.0,13612.2,297246.0,14167.8,11112.0,369474.0,288912.0,2778.0,2284.8,2306
813.0,27.0,677.0,0.0,18.0,1634.0,1328442.0,3268.0,3104.6,29412.0,3104.6,55556.0,3268.0,14706.0,0.0,1106218.0,0.0,1626.0,1634
75.0,23.0,0.0,27.0,94.0,720.0,54000.0,6912.0,5544.0,67680.0,5544.0,21600.0,6912.0,4320.0,19440.0,0.0,720.0,720.0,720
112.0,85.0,4.0,14.0,119.0,1073.0,120176.0,10300.8,9657.0,127687.0,9657.0,17168.0,10300.8,13949.0,15022.0,4292.0,0.0,1075.2,1073
211.0,73.0,32.0,22.0,111.0,3566.0,752426.0,60265.4,60265.4,395826.0,60265.4,281714.0,60265.4,46358.0,78452.0,114112.0,3566.0,3565.9,3566
895.0,222.0,271.0,63.0,778.0,780.0,698100.0,702.0,780.0,606840.0,780.0,173160.0,702.0,5460.0,49140.0,211380.0,780.0,805.5,780
74.0,18.0,7.0,7.0,74.0,3995.0,295630.0,215730.0,215730.0,295630.0,215730.0,147815.0,215730.0,55930.0,27965.0,27965.0,3995.0,3996.0,3995
3331.0,1049.0,519.0,595.0,2922.0,49034.0,163332254.0,720799.7999999999,823771.2000000001,143277348.0,823771.2000000001,19564566.0,720799.7999999999,2059428.0,29175230.0,25448646.0,0.0,48965.7,49034
64.0,15.0,18.0,15.0,12.0,472.0,30208.0,2879.2,3587.2,5664.0,2973.6,4248.0,3492.8,2832.0,7080.0,8496.0,472.0,390.4,392
1402.0,328.0,804.0,49.0,1431.0,17219.0,24141038.0,216959.4,206628.0,24640389.0,211793.7,3219953.0,211793.7,396037.0,843731.0,13844076.0,17219.0,17665.2,17607
337.0,128.0,21.0,77.0,337.0,657.0,221409.0,1182.6,1248.3,221409.0,1182.6,56502.0,1248.3,5256.0,50589.0,13797.0,657.0,606.6,591
73.0,0.0,0.0,0.0,39.0,978.0,71394.0,10855.8,12420.6,38142.0,10269.0,65526.0,13105.2,5868.0,0.0,0.0,978.0,810.3,812
64.0,12.0,28.0,7.0,47.0,680.0,43520.0,5984.000000000001,7208.0,31960.0,5984.000000000001,11560.0,7208.0,8160.0,4760.0,19040.0,680.0,563.2,564
1703.0,186.0,463.0,516.0,1481.0,8549.0,14558947.0,42745.0,49584.2,12661069.0,49584.2,0.0,42745.0,68392.0,4411284.0,3958187.0,0.0,8515.0,8549
151.0,41.0,21.0,41.0,151.0,434.0,65534.0,1128.4,1258.6,65534.0,1128.4,12586.0,1258.6,1302.0,17794.0,9114.0,434.0,392.6,391
66.0,27.0,14.0,17.0,42.0,2189.0,144474.0,60197.5,74863.8,91938.0,62167.6,13134.0,72674.8,4378.0,37213.0,30646.0,2189.0,1815.0,1817
70.0,24.0,0.0,42.0,74.0,659.0,46130.0,5074.3,5865.1,48766.0,4810.7,1977.0,6194.6,1977.0,27678.0,0.0,0.0,539.0,540
754.0,301.0,130.0,90.0,213.0,8967.0,6761118.0,88773.3,111190.8,1909971.0,92360.1,1829268.0,106707.3,71736.0,807030.0,1165710.0,8967.0,7464.6,7443
325.0,106.0,49.0,80.0,136.0,10437.0,3392025.0,278667.9,391387.5,1419432.0,325634.4,323547.0,335027.7,62622.0,834960.0,511413.0,10437.0,8677.5,8663
168.0,84.0,7.0,40.0,198.0,4622.0,776496.0,127105.0,107692.6,915156.0,107692.6,207990.0,127105.0,55464.0,184880.0,32354.0,0.0,4620.0,4622
226.0,99.0,50.0,63.0,260.0,915.0,206790.0,3660.0,3202.5,237900.0,3202.5,39345.0,3660.0,6405.0,57645.0,45750.0,0.0,904.0,915
335.0,83.0,71.0,111.0,353.0,25401.0,8509335.0,1925395.8,1828872.0,8966553.0,1828872.0,1803471.0,1925395.8,304812.0,2819511.0,1803471.0,0.0,25393.0,25401
76.0,21.0,51.0,0.0,63.0,686.0,52136.0,5145.0,6242.599999999999,43218.0,5213.599999999999,2058.0,6174.0,3430.0,0.0,34986.0,686.0,570.0,569
221.0,31.0,133.0,45.0,53.0,1822.0,402662.0,12389.6,15487.0,96566.0,12936.2,0.0,14940.399999999998,7288.0,81990.0,242326.0,1822.0,1502.8,1512
1010.0,213.0,224.0,212.0,758.0,5053.0,5103530.0,25265.0,30823.3,3830174.0,30823.3,560883.0,25265.0,55583.0,1071236.0,1131872.0,0.0,5050.0,5053
116.0,46.0,12.0,35.0,130.0,1939.0,224924.0,32381.3,28891.1,252070.0,28891.1,42658.0,32381.3,19390.0,67865.0,23268.0,1939.0,1937.2,1939
39.0,25.0,0.0,14.0,11.0,114.0,4446.0,330.6,307.8,1254.0,307.8,342.0,330.6,114.0,1596.0,0.0,0.0,113.1,114
170.0,75.0,12.0,39.0,108.0,1532.0,260440.0,13788.0,15779.6,165456.0,15779.6,35236.0,13788.0,12256.0,59748.0,18384.0,0.0,1530.0,1532
179.0,85.0,0.0,59.0,193.0,5690.0,1018510.0,150216.0,167855.0,1098170.0,139405.0,278810.0,180942.0,22760.0,335710.0,0.0,5690.0,4725.599999999999,4723
166.0,126.0,0.0,0.0,0.0,3580.0,594280.0,64081.99999999999,78044.0,0.0,64798.00000000001,136040.0,77328.0,46540.0,0.0,0.0,3580.0,2971.4,2971
354.0,48.0,34.0,73.0,354.0,5841.0,2067714.0,96376.5,96376.5,2067714.0,96376.5,1016334.0,96376.5,58410.0,426393.0,198594.0,5841.0,5841.0,5841
615.0,546.0,0.0,7.0,627.0,941.0,578715.0,1411.5,1411.5,590007.0,1411.5,69634.0,1411.5,7528.0,6587.0,0.0,0.0,922.5,941
126.0,46.0,7.0,49.0,135.0,1035.0,130410.0,8487.0,7969.5,139725.0,7969.5,18630.0,8487.0,8280.0,50715.0,7245.0,0.0,1033.1999999999998,1035
1390.0,379.0,377.0,182.0,1241.0,5597.0,7779830.0,22388.0,25186.5,6945877.0,25186.5,744401.0,22388.0,72761.0,1018654.0,2110069.0,0.0,5560.0,5597
129.0,30.0,59.0,39.0,94.0,3600.0,464400.0,83520.0,93960.0,338400.0,78120.0,36000.0,100440.0,28800.0,140400.0,212400.0,3600.0,2992.8,2988
203.0,35.0,48.0,14.0,203.0,3219.0,653457.0,51182.1,51182.1,653457.0,51182.1,19314.0,51182.1,16095.0,45066.0,154512.0,3219.0,3227.7000000000003,3219
758.0,116.0,312.0,30.0,648.0,4630.0,3509540.0,28243.0,32873.0,3000240.0,32873.0,611160.0,28243.0,69450.0,138900.0,1444560.0,4630.0,4623.8,4630
558.0,92.0,116.0,196.0,461.0,4112.0,2294496.0,30428.800000000003,36596.8,1895632.0,36596.8,234384.0,30428.800000000003,24672.0,805952.0,476992.0,4112.0,4129.2,4112
25.0,14.0,0.0,7.0,22.0,580.0,14500.0,13456.0,13456.0,12760.0,13456.0,2320.0,13456.0,3480.0,4060.0,0.0,580.0,580.0,580
850.0,94.0,348.0,45.0,320.0,13183.0,11205550.0,170060.7,226747.6,4218560.0,188516.9,2702515.0,204336.5,65915.0,593235.0,4587684.0,13183.0,10965.0,10942
235.0,78.0,10.0,68.0,13.0,1129.0,265315.0,4516.0,4516.0,14677.0,3838.6,138867.0,5419.2,10161.0,76772.0,11290.0,1129.0,940.0,937
58.0,15.0,0.0,22.0,26.0,3030.0,175740.0,131502.0,163923.0,78780.0,136047.0,57570.0,158166.0,24240.0,66660.0,0.0,3030.0,2517.2,2515
316.0,14.0,118.0,155.0,139.0,2600.0,821600.0,21320.0,22360.0,361400.0,22360.0,36400.0,21320.0,20800.0,403000.0,306800.0,0.0,2591.2,2600
7633.0,1240.0,2455.0,1732.0,1376.0,25217.0,192481361.0,83216.09999999999,88259.5,34698592.0,88259.5,3404295.0,83216.09999999999,479123.0,43675844.0,61907735.0,0.0,25188.9,25217
119.0,0.0,118.0,0.0,95.0,212.0,25228.0,318.0,381.6,20140.0,318.0,0.0,381.6,424.0,0.0,25016.0,212.0,178.5,176
55.0,12.0,17.0,14.0,59.0,411.0,22605.0,2548.2000000000003,2877.0,24249.0,2383.8,2466.0,3082.5,1233.0,5754.0,6987.0,411.0,341.0,341
1644.0,240.0,858.0,91.0,1481.0,16357.0,26890908.0,161934.30000000002,179927.0,24224717.0,179927.0,2895189.0,161934.30000000002,621566.0,1488487.0,14034306.0,16357.0,16275.6,16357
1193.0,196.0,667.0,115.0,516.0,3622.0,4321046.0,9055.0,11228.2,1868952.0,9055.0,539678.0,10866.0,43464.0,416530.0,2415874.0,3622.0,2982.5,3006
605.0,155.0,231.0,105.0,582.0,2041.0,1234805.0,5714.799999999999,7143.5,1187862.0,5918.9,185731.0,6939.4,16328.0,214305.0,471471.0,2041.0,1694.0,1694
389.0,120.0,94.0,63.0,198.0,1134.0,441126.0,3288.6,3515.4,224532.0,3515.4,87318.0,3288.6,6804.0,71442.0,106596.0,0.0,1128.1,1134
132.0,56.0,0.0,38.0,128.0,1429.0,188628.0,12861.0,16004.8,182912.0,13289.7,38583.0,15433.2,11432.0,54302.0,0.0,1429.0,1188.0,1186
132.0,30.0,50.0,24.0,39.0,1666.0,219912.0,17493.0,21991.2,64974.0,18326.0,36652.0,20991.6,14994.0,39984.0,83300.0,1666.0,1386.0,1383
286.0,94.0,36.0,38.0,267.0,1727.0,493922.0,10362.0,11225.5,461109.0,11225.5,75988.0,10362.0,10362.0,65626.0,62172.0,1727.0,1716.0,1727
305.0,73.0,87.0,63.0,272.0,4504.0,1373720.0,66659.2,74766.40000000001,1225088.0,74766.40000000001,175656.0,66659.2,31528.0,283752.0,391848.0,0.0,4514.0,4504
268.0,73.0,105.0,70.0,248.0,5517.0,1478556.0,98754.3,122477.4,1368216.0,107029.8,0.0,113650.2,44136.0,386190.0,579285.0,0.0,4797.2,4800
110.0,36.0,15.0,49.0,110.0,2553.0,280830.0,59229.6,59229.6,280830.0,59229.6,0.0,59229.6,61272.0,125097.0,38295.0,0.0,2552.0,2553
3963.0,1184.0,616.0,1091.0,3885.0,16921.0,67057923.0,72760.3,74452.40000000001,65738085.0,74452.40000000001,16108792.0,72760.3,186131.0,18460811.0,10423336.0,0.0,17040.899999999998,16921
397.0,83.0,252.0,58.0,409.0,8987.0,3567839.0,168955.6,197714.0,3675683.0,163563.4,143792.0,203106.2,62909.0,521246.0,2264724.0,8987.0,7463.6,7459
254.0,90.0,39.0,117.0,119.0,3877.0,984758.0,59318.100000000006,60481.2,461363.0,60481.2,11631.0,59318.100000000006,42647.0,453609.0,151203.0,0.0,3886.2,3877
134.0,73.0,0.0,14.0,33.0,2516.0,337144.0,39249.6,58119.600000000006,83028.0,48307.2,55352.0,47300.8,20128.0,35224.0,0.0,2516.0,2090.4,2088
266.0,101.0,70.0,56.0,258.0,5657.0,1504762.0,100128.9,123888.3,1459506.0,102957.4,147082.0,120494.1,45256.0,316792.0,395990.0,5657.0,4708.2,4695
237.0,114.0,11.0,42.0,181.0,3857.0,914109.0,52069.5,70583.1,698117.0,58626.4,169708.0,62869.100000000006,34713.0,161994.0,42427.0,3857.0,3199.5,3201
1243.0,555.0,15.0,394.0,1219.0,13843.0,17206849.0,127355.6,157810.2,16874617.0,130124.2,3391535.0,153657.3,124587.0,5454142.0,207645.0,13843.0,11435.6,11490
666.0,138.0,233.0,105.0,605.0,752.0,500832.0,827.2,902.4,454960.0,902.4,93248.0,827.2,9776.0,78960.0,175216.0,752.0,732.6,752
1810.0,349.0,423.0,457.0,1616.0,29399.0,53212190.0,476263.8,535061.7999999999,47508784.0,535061.7999999999,11083423.0,476263.8,1028965.0,13435343.0,12435777.0,0.0,29322.0,29399
88.0,56.0,7.0,7.0,9.0,2770.0,243760.0,72297.0,90302.0,24930.0,74790.0,41550.0,87255.0,16620.0,19390.0,19390.0,2770.0,2296.8,2299
62.0,19.0,8.0,15.0,51.0,949.0,58838.0,13475.8,17651.4,48399.0,16417.7,8541.0,14519.7,4745.0,14235.0,7592.0,949.0,880.4,883
305.0,59.0,102.0,60.0,138.0,10484.0,3197620.0,298794.0,421456.8000000001,1446792.0,349117.19999999995,199196.0,360649.6,104840.0,629040.0,1069368.0,10484.0,8692.5,8702
349.0,107.0,93.0,52.0,286.0,3703.0,1292347.0,39251.8,39251.8,1059058.0,39251.8,359191.0,39251.8,29624.0,192556.0,344379.0,3703.0,3699.4,3703
156.0,0.0,133.0,10.0,143.0,849.0,132444.0,3820.5,5009.1,121407.0,4160.1,0.0,4584.6,3396.0,8490.0,112917.0,849.0,702.0,705
100.0,24.0,76.0,7.0,40.0,1434.0,143400.0,20506.2,18642.0,57360.0,18642.0,4302.0,20506.2,21510.0,10038.0,108984.0,1434.0,1430.0,1434
222.0,20.0,5.0,73.0,47.0,2952.0,655344.0,32472.0,45756.0,138744.0,37785.6,274536.0,39261.6,11808.0,215496.0,14760.0,2952.0,2442.0,2450
506.0,54.0,161.0,173.0,511.0,3500.0,1771000.0,24150.0,23800.0,1788500.0,23800.0,150500.0,24150.0,31500.0,605500.0,563500.0,3500.0,3491.4,3500
123.0,28.0,0.0,15.0,115.0,2179.0,268017.0,33556.6,41183.1,250585.0,35953.5,102413.0,38568.3,6537.0,32685.0,0.0,0.0,1894.2,1896
252.0,0.0,109.0,0.0,109.0,6821.0,1718892.0,184849.1,184849.1,743489.0,184849.1,975403.0,184849.1,75031.0,0.0,743489.0,0.0,6829.200000000001,6821
258.0,186.0,40.0,10.0,0.0,1678.0,432924.0,9061.2,11074.8,0.0,9229.0,31882.0,10907.0,6712.0,16780.0,67120.0,1678.0,1393.2,1393
166.0,67.0,88.0,0.0,37.0,3137.0,520742.0,49250.9,61171.5,116069.0,50819.4,18822.0,59289.3,21959.0,0.0,276056.0,3137.0,2606.2,2604
181.0,45.0,39.0,42.0,169.0,4088.0,739928.0,82168.8,98929.6,690872.0,87892.0,155344.0,92388.8,40880.0,171696.0,159432.0,0.0,3638.1,3638
284.0,99.0,112.0,28.0,220.0,3234.0,918456.0,36867.6,39454.8,711480.0,39454.8,84084.0,36867.6,12936.0,90552.0,362208.0,3234.0,3237.6,3234
52.0,0.0,60.0,0.0,0.0,304.0,15808.0,1459.2,1550.4,0.0,1276.8,0.0,1763.2,912.0,0.0,18240.0,304.0,249.6,252
102.0,72.0,0.0,0.0,0.0,1239.0,126378.0,12513.9,15859.2,0.0,13133.4,22302.0,14991.9,3717.0,0.0,0.0,1239.0,1030.2,1028
58.0,26.0,29.0,0.0,22.0,833.0,48314.0,9912.7,11995.2,18326.0,9912.7,2499.0,11995.2,4165.0,0.0,24157.0,833.0,690.2,691
1196.0,626.0,108.0,413.0,1208.0,7824.0,9357504.0,50856.0,50856.0,9451392.0,50856.0,438144.0,50856.0,117360.0,3231312.0,844992.0,0.0,7774.0,7824
38.0,30.0,0.0,0.0,32.0,247.0,9386.0,1605.5,1605.5,7904.0,1605.5,1976.0,1605.5,988.0,0.0,0.0,247.0,247.0,247
84.0,33.0,0.0,27.0,61.0,3299.0,277116.0,107547.4,134269.30000000002,201239.0,111506.2,69279.0,129650.7,32990.0,89073.0,0.0,3299.0,2738.4,2738
73.0,18.0,14.0,44.0,40.0,1351.0,98623.0,20805.4,21751.1,54040.0,17968.3,10808.0,24993.5,8106.0,59444.0,18914.0,1351.0,1124.2,1121
449.0,352.0,12.0,52.0,0.0,19328.0,8678272.0,690009.6000000001,873625.6000000001,0.0,724800.0,231936.0,831104.0,154624.0,1005056.0,231936.0,19328.0,16029.3,16042
551.0,188.0,116.0,114.0,223.0,2934.0,1616634.0,12909.6,18190.8,654282.0,14963.4,152568.0,15550.2,38142.0,334476.0,340344.0,2934.0,2424.4,2435
194.0,48.0,47.0,27.0,185.0,1440.0,279360.0,10656.0,11232.0,266400.0,11232.0,40320.0,10656.0,11520.0,38880.0,67680.0,0.0,1435.6,1440
185.0,36.0,14.0,32.0,142.0,6416.0,1186960.0,222635.2,290003.2,911072.0,290003.2,320800.0,222635.2,102656.0,205312.0,89824.0,6416.0,6419.500000000001,6416
134.0,43.0,0.0,36.0,156.0,1461.0,195774.0,13295.1,13733.4,227916.0,11395.8,112497.0,15924.9,7305.0,52596.0,0.0,1461.0,1219.4,1213
1241.0,575.0,45.0,301.0,1240.0,10222.0,12685502.0,83820.4,83820.4,12675280.0,83820.4,3260818.0,83820.4,153330.0,3076822.0,459990.0,10222.0,10176.2,10222
99.0,81.0,0.0,15.0,6.0,241.0,23859.0,578.4,578.4,1446.0,578.4,723.0,578.4,723.0,3615.0,0.0,241.0,237.6,241
1285.0,685.0,67.0,620.0,1512.0,1200.0,1542000.0,1080.0,960.0,1814400.0,960.0,159600.0,1080.0,19800.0,744000.0,80400.0,1200.0,1156.5,1200
466.0,164.0,212.0,66.0,461.0,2058.0,959028.0,7614.6,9261.0,948738.0,7614.6,24696.0,9055.2,20580.0,135828.0,436296.0,2058.0,1724.2,1708
77.0,30.0,0.0,22.0,7.0,2540.0,195580.0,69596.0,89662.0,17780.0,74422.0,50800.0,83820.0,10160.0,55880.0,0.0,2540.0,2109.8,2108
81.0,11.0,22.0,20.0,64.0,547.0,44307.0,3063.2,4047.8,35008.0,3336.7,0.0,3719.6,547.0,10940.0,12034.0,547.0,453.6,454
694.0,61.0,164.0,145.0,598.0,4086.0,2835684.0,24107.4,27784.8,2443428.0,27784.8,686448.0,24107.4,32688.0,592470.0,670104.0,0.0,4094.6,4086
62.0,18.0,7.0,10.0,7.0,2442.0,151404.0,79853.40000000001,102808.2,17094.0,85225.8,14652.0,96214.8,12210.0,24420.0,17094.0,2442.0,2027.4,2027
56.0,0.0,42.0,0.0,57.0,293.0,16408.0,1523.6,1494.3,16701.0,1494.3,0.0,1523.6,879.0,0.0,12306.0,293.0,291.2,293
753.0,289.0,13.0,363.0,672.0,4301.0,3238653.0,24515.7,27526.4,2890272.0,27526.4,0.0,24515.7,51612.0,1561263.0,55913.0,4301.0,4292.1,4301
421.0,177.0,22.0,0.0,421.0,16788.0,7067748.0,669841.2,669841.2,7067748.0,669841.2,3642996.0,669841.2,260214.0,0.0,369336.0,16788.0,16797.899999999998,16788
59.0,30.0,11.0,21.0,65.0,682.0,40238.0,6547.2,7161.0,44330.0,5933.4,2046.0,7911.2,2046.0,14322.0,7502.0,682.0,566.4,566
409.0,42.0,201.0,67.0,409.0,2672.0,1092848.0,17368.0,17368.0,1092848.0,17368.0,104208.0,17368.0,29392.0,179024.0,537072.0,0.0,2658.5,2672
115.0,21.0,90.0,0.0,94.0,1869.0,214935.0,30464.7,30464.7,175686.0,30464.7,7476.0,30464.7,22428.0,0.0,168210.0,0.0,1874.5,1869
93.0,58.0,20.0,10.0,22.0,967.0,89931.0,8316.199999999999,10153.5,21274.0,8412.9,3868.0,10056.8,2901.0,9670.0,19340.0,967.0,799.8,803
71.0,30.0,15.0,7.0,0.0,4842.0,343782.0,274057.2,339908.4,0.0,281804.4,58104.0,330224.4,33894.0,33894.0,72630.0,4842.0,4018.6,4019
971.0,345.0,42.0,150.0,796.0,5864.0,5693944.0,29320.0,43393.6,4667744.0,35770.4,1460136.0,35184.0,82096.0,879600.0,246288.0,5864.0,4855.0,4867
74.0,15.0,7.0,0.0,74.0,3132.0,231768.0,132483.59999999998,132483.59999999998,231768.0,132483.59999999998,131544.0,132483.59999999998,53244.0,0.0,21924.0,3132.0,3130.2,3132
81.0,18.0,4.0,21.0,25.0,107.0,8667.0,117.7,149.79999999999998,2675.0,117.7,2675.0,139.1,107.0,2247.0,428.0,107.0,89.10000000000001,89
106.0,6.0,33.0,0.0,113.0,1357.0,143842.0,14384.2,16284.0,153341.0,13570.0,25783.0,17369.600000000002,9499.0,0.0,44781.0,1357.0,1123.6,1126
1168.0,516.0,240.0,314.0,1256.0,1538.0,1796384.0,1999.4,1845.6,1931728.0,1845.6,270688.0,1999.4,12304.0,482932.0,369120.0,0.0,1518.4,1538
1093.0,392.0,119.0,166.0,959.0,7263.0,7938459.0,47935.8,55198.8,6965217.0,55198.8,1706805.0,47935.8,79893.0,1205658.0,864297.0,7263.0,7213.799999999999,7263
67.0,10.0,18.0,0.0,0.0,4642.0,311014.0,266915.0,365325.4,0.0,303122.6,143902.0,321690.6,9284.0,0.0,83556.0,4642.0,3852.5,3853
1256.0,270.0,121.0,90.0,981.0,51527.0,64717912.0,1185121.0,2705167.5,50547987.0,1514893.7999999998,23187150.0,2112607.0,1442756.0,4637430.0,6234767.0,51527.0,28888.0,28855
72.0,67.0,5.0,0.0,6.0,1504.0,108288.0,26019.2,31433.6,9024.0,26019.2,0.0,31433.6,22560.0,0.0,7520.0,1504.0,1245.6,1248
777.0,287.0,159.0,147.0,676.0,17286.0,13431222.0,335348.4,442521.6,11685336.0,383749.2,656868.0,383749.2,224718.0,2541042.0,2748474.0,0.0,15073.8,15039
131.0,30.0,33.0,35.0,128.0,5960.0,780760.0,225288.0,277736.0,762880.0,230056.0,107280.0,271180.0,77480.0,208600.0,196680.0,5960.0,4951.799999999999,4947
134.0,78.0,0.0,63.0,141.0,2433.0,326022.0,36738.3,42090.9,343053.0,34791.9,0.0,44280.6,19464.0,153279.0,0.0,2433.0,2023.4,2019
826.0,255.0,295.0,157.0,779.0,5400.0,4460400.0,35100.0,37260.0,4206600.0,37260.0,388800.0,35100.0,226800.0,847800.0,1593000.0,5400.0,5369.0,5400
3180.0,916.0,538.0,969.0,2718.0,33028.0,105029040.0,343491.2,402941.6,89770104.0,402941.6,9743260.0,343491.2,1189008.0,32004132.0,17769064.0,0.0,33072.0,33028
324.0,175.0,108.0,17.0,334.0,5078.0,1645272.0,79724.59999999999,77185.59999999999,1696052.0,77185.59999999999,147262.0,79724.59999999999,66014.0,86326.0,548424.0,5078.0,5086.8,5078
220.0,132.0,45.0,7.0,49.0,701.0,154220.0,2243.2000000000003,2313.3,34349.0,2313.3,21030.0,2243.2000000000003,2103.0,4907.0,31545.0,701.0,704.0,701
258.0,34.0,89.0,63.0,241.0,736.0,189888.0,2134.4,2281.6,177376.0,2281.6,4416.0,2134.4,8832.0,46368.0,65504.0,736.0,748.1999999999999,736
139.0,25.0,19.0,29.0,139.0,976.0,135664.0,6832.0,6832.0,135664.0,6832.0,5856.0,6832.0,6832.0,28304.0,18544.0,0.0,973.0,976
274.0,70.0,123.0,28.0,308.0,1167.0,319758.0,5018.099999999999,4434.599999999999,359436.0,4434.599999999999,66519.0,5018.099999999999,4668.0,32676.0,143541.0,0.0,1178.2,1167
231.0,0.0,86.0,50.0,266.0,3762.0,869022.0,61320.600000000006,53044.2,1000692.0,53044.2,0.0,61320.600000000006,45144.0,188100.0,323532.0,0.0,3765.3,3762
126.0,58.0,15.0,21.0,22.0,619.0,77994.0,3033.1000000000004,2723.6000000000004,13618.0,2723.6000000000004,3714.0,3033.1000000000004,3095.0,12999.0,9285.0,0.0,617.4000000000001,619
93.0,0.0,70.0,15.0,0.0,1327.0,123411.0,15658.6,18578.0,0.0,15393.2,0.0,18976.1,10616.0,19905.0,92890.0,1327.0,1097.4,1101
1825.0,594.0,569.0,259.0,1674.0,1210.0,2208250.0,847.0,847.0,2025540.0,847.0,232320.0,847.0,18150.0,313390.0,688490.0,1210.0,1277.5,1210
500.0,229.0,31.0,60.0,170.0,7080.0,3540000.0,83544.0,111156.0,1203600.0,92748.0,920400.0,100536.0,56640.0,424800.0,219480.0,7080.0,5900.0,5876
373.0,129.0,96.0,105.0,389.0,2395.0,893335.0,15328.0,14370.0,931655.0,14370.0,50295.0,15328.0,23950.0,251475.0,229920.0,0.0,2387.2000000000003,2395
330.0,179.0,26.0,110.0,379.0,1050.0,346500.0,3360.0,2940.0,397950.0,2940.0,67200.0,3360.0,10500.0,115500.0,27300.0,1050.0,1056.0,1050
57.0,27.0,28.0,0.0,0.0,2098.0,119586.0,63989.0,79933.8,0.0,66506.59999999999,0.0,77206.4,8392.0,0.0,58744.0,2098.0,1738.5,1741
127.0,61.0,0.0,44.0,13.0,1902.0,241554.0,23584.8,28910.4,24726.0,23965.2,38040.0,28530.0,7608.0,83688.0,0.0,1902.0,1574.8,1579
1362.0,579.0,291.0,378.0,1419.0,3193.0,4348866.0,7343.9,7343.9,4530867.0,7343.9,546003.0,7343.9,35123.0,1206954.0,929163.0,0.0,3132.6,3193
1463.0,780.0,119.0,371.0,1493.0,36046.0,52735298.0,886731.6000000001,868708.6000000001,53816678.0,868708.6000000001,8038258.0,886731.6000000001,829058.0,13373066.0,4289474.0,0.0,35989.8,36046
148.0,12.0,49.0,28.0,140.0,4141.0,612868.0,96071.2,122573.6,579740.0,101868.6,149076.0,115948.0,12423.0,115948.0,202909.0,4141.0,3433.6,3437
474.0,71.0,24.0,21.0,41.0,1829.0,866946.0,7133.099999999999,7133.099999999999,74989.0,7133.099999999999,627347.0,7133.099999999999,10974.0,38409.0,43896.0,1829.0,1848.6,1829
77.0,24.0,18.0,14.0,18.0,492.0,37884.0,2607.6,3148.8,8856.0,2607.6,10332.0,3148.8,4920.0,6888.0,8856.0,492.0,408.1,408
213.0,105.0,67.0,0.0,52.0,801.0,170613.0,3043.8,3043.8,41652.0,3043.8,32841.0,3043.8,2002.5,0.0,53667.0,801.0,809.4,801
175.0,22.0,53.0,100.0,59.0,597.0,104475.0,2029.8,2029.8,35223.0,2029.8,0.0,2029.8,4179.0,59700.0,31641.0,0.0,595.0,597
360.0,122.0,98.0,62.0,336.0,763.0,274680.0,1602.3,1754.9,256368.0,1754.9,41202.0,1602.3,13734.0,47306.0,74774.0,763.0,756.0,763
331.0,84.0,0.0,0.0,156.0,1238.0,409778.0,4580.6,4085.4,193128.0,4085.4,14856.0,4580.6,6190.0,0.0,0.0,0.0,1224.7,1238
285.0,48.0,187.0,35.0,310.0,1249.0,355965.0,5495.6,4996.0,387190.0,4996.0,18735.0,5495.6,8743.0,43715.0,233563.0,0.0,1254.0,1249
187.0,72.0,32.0,44.0,4.0,15807.0,2955909.0,1161814.5,1533279.0,63228.0,1334110.8,158070.0,1335691.5,47421.0,695508.0,505824.0,0.0,13744.5,13752
502.0,120.0,32.0,83.0,444.0,9296.0,4666592.0,171976.0,194286.4,4127424.0,194286.4,827344.0,171976.0,130144.0,771568.0,297472.0,9296.0,9287.0,9296
303.0,0.0,266.0,0.0,0.0,396.0,119988.0,435.6,554.4,0.0,435.6,0.0,514.8000000000001,396.0,0.0,105336.0,396.0,333.3,329
174.0,105.0,83.0,0.0,98.0,3088.0,537312.0,54657.6,49408.0,302624.0,49408.0,0.0,54657.6,52496.0,0.0,256304.0,0.0,3079.8,3088
44.0,14.0,0.0,17.0,49.0,380.0,16720.0,3268.0,2774.0,18620.0,2774.0,6080.0,3268.0,760.0,6460.0,0.0,0.0,378.4,380
387.0,88.0,221.0,34.0,18.0,2811.0,1087857.0,16866.0,20801.4,50598.0,17147.1,104007.0,20520.3,19677.0,95574.0,621231.0,2811.0,2322.0,2333
406.0,18.0,374.0,0.0,21.0,2109.0,856254.0,10966.8,10545.0,44289.0,10545.0,56943.0,10966.8,40071.0,0.0,788766.0,0.0,2111.2000000000003,2109
496.0,198.0,109.0,90.0,524.0,11586.0,5746656.0,235195.8,256050.6,6071064.0,222451.2,776262.0,271112.4,162204.0,1042740.0,1262874.0,0.0,10068.8,10080
116.0,34.0,38.0,30.0,33.0,553.0,64148.0,2654.4,2875.6,18249.0,2875.6,2212.0,2654.4,1106.0,16590.0,21014.0,553.0,556.8,553
53.0,17.0,17.0,24.0,63.0,354.0,18762.0,2371.8,1982.4,22302.0,1982.4,0.0,2371.8,5664.0,8496.0,6018.0,0.0,355.1,354
209.0,42.0,145.0,43.0,225.0,190.0,39710.0,171.0,152.0,42750.0,152.0,1900.0,171.0,475.0,8170.0,27550.0,190.0,188.1,190
903.0,336.0,134.0,148.0,387.0,6605.0,5964315.0,40290.5,49537.5,2556135.0,41611.5,1043590.0,48216.5,72655.0,977540.0,885070.0,6605.0,5508.299999999999,5482
469.0,71.0,170.0,67.0,419.0,3845.0,1803305.0,26146.0,35374.0,1611055.0,29222.0,57675.0,31529.0,42295.0,257615.0,653650.0,3845.0,3189.2,3191
1894.0,187.0,1241.0,156.0,966.0,3986.0,7549484.0,8370.6,9167.8,3850476.0,9167.8,569998.0,8370.6,47832.0,621816.0,4946626.0,0.0,3977.4,3986
215.0,108.0,0.0,7.0,76.0,560.0,120400.0,1456.0,1512.0,42560.0,1512.0,52640.0,1456.0,3920.0,3920.0,0.0,560.0,559.0,560
82.0,38.0,9.0,14.0,29.0,96.0,7872.0,96.0,115.2,2784.0,96.0,1920.0,115.2,192.0,1344.0,864.0,96.0,82.0,80
1694.0,391.0,469.0,210.0,1540.0,7816.0,13240304.0,35953.6,39861.6,12036640.0,39861.6,3009160.0,35953.6,125056.0,1641360.0,3665704.0,7816.0,7792.4,7816
81.0,24.0,22.0,10.0,64.0,2412.0,195372.0,59576.4,76460.4,154368.0,63435.6,48240.0,71877.6,12060.0,24120.0,53064.0,2412.0,2000.7,2002
297.0,150.0,7.0,0.0,13.0,1557.0,462429.0,8096.400000000001,8407.800000000001,20241.0,8407.800000000001,205524.0,8096.400000000001,9342.0,0.0,10899.0,1557.0,1544.4,1557
280.0,161.0,91.0,10.0,262.0,1417.0,396760.0,7226.7,7651.8,371254.0,7651.8,0.0,7226.7,9919.0,14170.0,128947.0,0.0,1428.0,1417
56.0,19.0,5.0,10.0,29.0,1501.0,84056.0,33472.3,45030.0,43529.0,37374.9,24016.0,40226.8,7505.0,15010.0,7505.0,1501.0,1248.8,1246
492.0,114.0,97.0,49.0,248.0,4158.0,2045736.0,35343.0,35343.0,1031184.0,35343.0,652806.0,35343.0,45738.0,203742.0,403326.0,4158.0,4182.0,4158
426.0,127.0,122.0,87.0,31.0,778.0,331428.0,1167.0,1478.1999999999998,24118.0,1244.8000000000002,42012.0,1400.4,1556.0,67686.0,94916.0,778.0,639.0,646
499.0,262.0,42.0,90.0,155.0,2310.0,1152690.0,10626.0,11781.0,358050.0,11781.0,138600.0,10626.0,23100.0,207900.0,97020.0,2310.0,2295.4,2310
60.0,9.0,32.0,7.0,60.0,1102.0,66120.0,18183.0,20276.8,66120.0,18183.0,13224.0,20276.8,5510.0,7714.0,35264.0,1102.0,990.0,992
362.0,152.0,68.0,72.0,348.0,8543.0,3092566.0,167442.80000000002,209303.5,2972964.0,174277.19999999998,350263.0,201614.8,51258.0,615096.0,580924.0,8543.0,7095.200000000001,7091
363.0,169.0,23.0,42.0,82.0,4134.0,1500642.0,39273.0,48781.2,338988.0,40513.2,475410.0,47127.6,20670.0,173628.0,95082.0,4134.0,3448.5,3431
53.0,24.0,0.0,0.0,0.0,1213.0,64289.0,23047.0,30688.9,0.0,25473.0,29112.0,27777.7,3639.0,0.0,0.0,1213.0,1007.0,1007
17518.0,9404.0,1221.0,2955.0,13580.0,54620.0,956833160.0,169322.0,218480.0,741739600.0,218480.0,0.0,169322.0,764680.0,161402100.0,66691020.0,54620.0,54305.8,54620
199.0,82.0,92.0,10.0,20.0,1049.0,208751.0,4615.6,5559.7,20980.0,4615.6,13637.0,5559.7,2098.0,10490.0,96508.0,1049.0,875.6,871
2171.0,534.0,319.0,87.0,209.0,19699.0,42766529.0,179260.9,307304.4,4117091.0,307304.4,6362777.0,179260.9,157592.0,1713813.0,6283981.0,19699.0,19756.1,19699
220.0,90.0,19.0,39.0,12.0,2325.0,511500.0,20460.0,25575.0,27900.0,21157.5,148800.0,24645.0,9300.0,90675.0,44175.0,2325.0,1936.0,1930
1355.0,535.0,428.0,224.0,1255.0,7505.0,10169275.0,41277.5,45030.0,9418775.0,45030.0,435290.0,41277.5,195130.0,1681120.0,3212140.0,7505.0,7452.5,7505
374.0,170.0,4.0,126.0,398.0,363.0,135762.0,290.40000000000003,326.7,144474.0,290.40000000000003,31944.0,363.0,726.0,45738.0,1452.0,363.0,299.2,300
62.0,51.0,0.0,10.0,66.0,420.0,26040.0,2352.0,2688.0,27720.0,2226.0,0.0,2856.0,1260.0,4200.0,0.0,420.0,347.2,349
311.0,11.0,217.0,36.0,324.0,2455.0,763505.0,16203.0,18658.0,795420.0,15466.5,7365.0,19394.5,14730.0,88380.0,532735.0,2455.0,2052.6,2038
132.0,32.0,15.0,31.0,136.0,724.0,95568.0,3330.4,3837.2,98464.0,3185.6000000000004,9412.0,3982.0,4344.0,22444.0,10860.0,724.0,607.1999999999999,601
135.0,60.0,17.0,70.0,0.0,667.0,90045.0,3268.3,3001.5,0.0,3001.5,0.0,3268.3,10005.0,46690.0,11339.0,0.0,661.5,667
79.0,16.0,34.0,28.0,81.0,4319.0,341201.0,196082.6,212062.9,349839.0,175783.30000000002,0.0,236249.3,21595.0,120932.0,146846.0,4319.0,3586.6,3585
155.0,75.0,28.0,29.0,14.0,2308.0,357740.0,28619.2,37620.4,32312.0,31158.0,23080.0,34389.200000000004,9232.0,66932.0,64624.0,2308.0,1922.0,1916
965.0,433.0,234.0,245.0,1060.0,3930.0,3792450.0,14934.0,14541.0,4165800.0,13362.0,581640.0,16112.999999999998,117900.0,962850.0,919620.0,3930.0,3667.0,3655
296.0,27.0,166.0,21.0,312.0,5432.0,1607872.0,99948.8,94516.8,1694784.0,94516.8,260736.0,99948.8,54320.0,114072.0,901712.0,0.0,5446.4,5432
56.0,3.0,19.0,24.0,56.0,170.0,9520.0,510.0,510.0,9520.0,510.0,1700.0,510.0,510.0,4080.0,3230.0,0.0,168.0,170
206.0,88.0,23.0,35.0,73.0,2196.0,452376.0,19324.800000000003,27230.4,160308.0,22618.800000000003,68076.0,23497.2,17568.0,76860.0,50508.0,2196.0,1812.8,1823
651.0,104.0,385.0,49.0,581.0,4352.0,2833152.0,23936.0,32640.0,2528512.0,26982.4,69632.0,29158.4,17408.0,213248.0,1675520.0,4352.0,3580.5,3612
2323.0,804.0,332.0,947.0,636.0,3981.0,9247863.0,6767.7,6767.7,2531916.0,6767.7,0.0,6767.7,23886.0,3770007.0,1321692.0,0.0,3949.1,3981
146.0,46.0,0.0,41.0,44.0,2390.0,348940.0,32504.0,41586.0,105160.0,34655.0,119500.0,39196.0,14340.0,97990.0,0.0,2390.0,1985.6,1984
284.0,49.0,83.0,51.0,80.0,4393.0,1247612.0,56230.4,73363.09999999999,351440.0,61062.7,329475.0,68091.5,21965.0,224043.0,364619.0,4393.0,3635.2,3646
249.0,47.0,26.0,84.0,237.0,3800.0,946200.0,58140.0,60800.0,900600.0,60800.0,304000.0,58140.0,34200.0,319200.0,98800.0,0.0,3809.7,3800
32.0,4.0,7.0,0.0,41.0,498.0,15936.0,7768.8,6025.8,20418.0,6025.8,0.0,7768.8,1494.0,0.0,3486.0,498.0,499.2,498
1908.0,401.0,1216.0,107.0,1889.0,27000.0,51516000.0,383400.0,386100.0,51003000.0,386100.0,4185000.0,383400.0,1296000.0,2889000.0,32832000.0,0.0,27093.6,27000
253.0,56.0,149.0,24.0,76.0,1694.0,428582.0,11349.8,11349.8,128744.0,11349.8,0.0,11349.8,11858.0,40656.0,252406.0,1694.0,1695.1,1694
184.0,53.0,21.0,38.0,170.0,3393.0,624312.0,54288.0,67860.0,576810.0,59038.2,145899.0,62431.2,13572.0,128934.0,71253.0,0.0,2944.0,2952
76.0,60.0,12.0,0.0,0.0,451.0,34276.0,2209.9,2841.3,0.0,2345.2000000000003,0.0,2660.9,451.0,0.0,5412.0,451.0,372.4,374
276.0,108.0,5.0,56.0,177.0,300.0,82800.0,330.0,360.0,53100.0,360.0,22500.0,330.0,1200.0,16800.0,1500.0,300.0,303.6,300
3471.0,1327.0,257.0,995.0,3155.0,7575.0,26292825.0,16665.0,18180.0,23899125.0,18180.0,4045050.0,16665.0,128775.0,7537125.0,1946775.0,0.0,7636.200000000001,7575
380.0,67.0,103.0,98.0,365.0,4002.0,1520760.0,34817.399999999994,44022.0,1460730.0,36418.2,308154.0,42021.0,36018.0,392196.0,412206.0,4002.0,3305.9999999999995,3322
155.0,18.0,0.0,14.0,148.0,5196.0,805380.0,174066.0,182379.6,769008.0,182379.6,358524.0,174066.0,41568.0,72744.0,0.0,5196.0,5192.5,5196
327.0,64.0,142.0,0.0,327.0,2566.0,839082.0,20014.8,20014.8,839082.0,20014.8,53886.0,20014.8,41056.0,0.0,364372.0,0.0,2550.6,2566
193.0,82.0,80.0,14.0,41.0,2031.0,391983.0,17669.699999999997,18279.0,83271.0,15232.5,101550.0,21325.5,10155.0,28434.0,162480.0,2031.0,1679.1,1686
1108.0,279.0,20.0,273.0,916.0,26940.0,29849520.0,608844.0,792036.0,24677040.0,738156.0,8459160.0,654642.0,161640.0,7354620.0,538800.0,26940.0,25040.800000000003,25054
363.0,168.0,10.0,77.0,0.0,141.0,51183.0,42.3,56.400000000000006,0.0,42.3,12972.0,56.400000000000006,1410.0,10857.0,1410.0,141.0,108.9,117
249.0,144.0,104.0,14.0,268.0,500.0,124500.0,1000.0,950.0,134000.0,950.0,3000.0,1000.0,1500.0,7000.0,52000.0,500.0,498.0,500
769.0,265.0,195.0,52.0,178.0,12551.0,9651719.0,204581.3,210856.8,2234078.0,210856.8,2949485.0,204581.3,100408.0,652652.0,2447445.0,12551.0,12534.7,12551
137.0,54.0,42.0,7.0,97.0,399.0,54663.0,1157.1,1197.0,38703.0,1197.0,11970.0,1157.1,1197.0,2793.0,16758.0,399.0,397.3,399
579.0,215.0,81.0,112.0,517.0,784.0,453936.0,1097.6,1176.0,405328.0,1176.0,85456.0,1097.6,5488.0,87808.0,63504.0,784.0,810.5999999999999,784
133.0,39.0,0.0,24.0,124.0,2428.0,322924.0,38605.2,47588.8,301072.0,41276.0,99548.0,44432.4,14568.0,58272.0,0.0,0.0,2114.7000000000003,2112
78.0,7.0,34.0,21.0,22.0,690.0,53820.0,5313.0,6969.0,15180.0,6072.000000000001,4140.0,6072.000000000001,2070.0,14490.0,23460.0,0.0,600.6,600
101.0,12.0,31.0,50.0,65.0,450.0,45450.0,2025.0,2115.0,29250.0,2115.0,1350.0,2025.0,675.0,22500.0,13950.0,450.0,454.5,450
1222.0,503.0,333.0,150.0,1164.0,5800.0,7087600.0,27260.0,29000.0,6751200.0,29000.0,1003400.0,27260.0,116000.0,870000.0,1931400.0,5800.0,5743.400000000001,5800
1093.0,486.0,277.0,147.0,788.0,2565.0,2803545.0,5899.499999999999,6412.5,2021220.0,6412.5,323190.0,5899.499999999999,17955.0,377055.0,710505.0,0.0,2513.9,2565
222.0,41.0,57.0,99.0,222.0,2385.0,529470.0,25519.5,25281.0,529470.0,25281.0,0.0,25519.5,9540.0,236115.0,135945.0,0.0,2375.4,2385
2067.0,1056.0,658.0,303.0,1510.0,10398.0,21492666.0,51990.0,51990.0,15700980.0,51990.0,467910.0,51990.0,218358.0,3150594.0,6841884.0,0.0,10335.0,10398
175.0,65.0,31.0,38.0,141.0,4137.0,723975.0,81085.20000000001,109630.5,583317.0,91014.0,91014.0,97633.2,41370.0,157206.0,128247.0,4137.0,3430.0000000000005,3434
230.0,180.0,12.0,14.0,247.0,1379.0,317170.0,2344.3,7722.4,340613.0,2206.4,56539.0,8274.0,4137.0,19306.0,16548.0,1379.0,391.0,400
104.0,32.0,5.0,28.0,115.0,512.0,53248.0,1689.6,2304.0,58880.0,1484.8,20480.0,2508.8,1024.0,14336.0,2560.0,0.0,343.2,338
177.0,24.0,79.0,42.0,211.0,2835.0,501795.0,45360.0,37989.0,598185.0,37989.0,17010.0,45360.0,48195.0,119070.0,223965.0,0.0,2832.0,2835
62.0,33.0,0.0,10.0,22.0,716.0,44392.0,6873.599999999999,9308.0,15752.0,7732.8,8592.0,8234.0,1432.0,7160.0,0.0,716.0,595.1999999999999,594
487.0,146.0,238.0,24.0,45.0,1017.0,495279.0,2135.7000000000003,2237.4,45765.0,2237.4,53901.0,2135.7000000000003,6102.0,24408.0,242046.0,1017.0,1022.7,1017
177.0,40.0,12.0,38.0,177.0,951.0,168327.0,4279.5,5135.400000000001,168327.0,4279.5,25677.0,5135.400000000001,7608.0,36138.0,11412.0,951.0,796.5,789
105.0,34.0,66.0,37.0,162.0,774.0,81270.0,5727.6,3715.2,125388.0,3715.2,7740.0,5727.6,2322.0,28638.0,51084.0,774.0,777.0,774
140.0,43.0,68.0,57.0,171.0,640.0,89600.0,2944.0,2368.0,109440.0,2368.0,1920.0,2944.0,960.0,36480.0,43520.0,0.0,644.0,640
230.0,81.0,49.0,58.0,225.0,500.0,115000.0,1100.0,1100.0,112500.0,1100.0,18500.0,1100.0,2000.0,29000.0,24500.0,500.0,506.00000000000006,500
236.0,102.0,84.0,0.0,238.0,668.0,157648.0,1670.0,1870.4,158984.0,1670.0,34736.0,1870.4,6680.0,0.0,56112.0,668.0,590.0,601
846.0,322.0,56.0,234.0,729.0,16179.0,13687434.0,309018.9,359173.8,11794491.0,359173.8,1812048.0,309018.9,210327.0,3785886.0,906024.0,16179.0,16158.6,16179
139.0,18.0,21.0,70.0,139.0,2446.0,339994.0,43049.600000000006,43049.600000000006,339994.0,43049.600000000006,73380.0,43049.600000000006,14676.0,171220.0,51366.0,0.0,2446.4,2446
51.0,12.0,27.0,0.0,7.0,338.0,17238.0,2230.8,2467.4,2366.0,2467.4,0.0,2230.8,1014.0,0.0,9126.0,338.0,336.6,338
195.0,57.0,32.0,140.0,241.0,2152.0,419640.0,19798.4,19152.8,518632.0,15924.8,25824.0,23672.0,19368.0,301280.0,68864.0,2152.0,1793.9999999999998,1786
51.0,32.0,0.0,7.0,0.0,1083.0,55233.0,19060.800000000003,21335.1,0.0,17652.9,17328.0,22959.6,3249.0,7581.0,0.0,1083.0,897.6,899
1106.0,410.0,267.0,152.0,962.0,19034.0,21051604.0,285510.0,376873.2,18310708.0,327384.8,2055672.0,327384.8,380680.0,2893168.0,5082078.0,0.0,16590.0,16560
99.0,13.0,32.0,42.0,95.0,634.0,62766.0,3360.2,4247.8,60230.0,3487.0,1902.0,4057.6,2536.0,26628.0,20288.0,634.0,524.6999999999999,526
56.0,24.0,0.0,14.0,47.0,440.0,24640.0,3476.0,4136.0,20680.0,4136.0,3960.0,3476.0,2640.0,6160.0,0.0,0.0,442.4,440
213.0,123.0,91.0,0.0,36.0,2185.0,465405.0,22505.5,19665.0,78660.0,19665.0,61180.0,22505.5,15295.0,0.0,198835.0,2185.0,2193.9,2185
