PCA_1,PCA_2,PCA_3,PCA_4,PCA_5,PCA_6,Effort
0.8918493774171294,0.9193313152548377,0.6986257393845605,0.3391455548487815,0.3114235150278023,0.49814718434795224,0.4694623
0.1538674490576494,0.6413899465926457,0.3280089404030001,0.4522352286603817,0.3853001071946821,0.3356834783151066,0.10808265
0.22100866902399702,0.5726801510619098,0.11313823688167118,0.5099161018765124,0.375509977923204,0.7180527536434905,0.1365448
0.1040394306022406,0.5960427363073887,0.6558056003276296,0.5915724089315969,0.7679826612314953,0.4000677560986374,0.020435978
0.7878090179443265,0.800202436439535,0.471676625519639,0.6070195213541405,0.5618218888623165,0.3887565454015201,0.5440273
0.3554691812076702,0.5502987568407219,0.23520017649084718,0.5673271168925509,0.5670021372809722,0.7451782380943958,0.21201251
0.2309484836229953,0.5177717315905134,0.30848169316607815,0.5078023488014127,0.4718003207756114,0.4993829824641979,0.09725252
0.3892455849358159,0.6350595252666592,0.4884362362807966,0.35493259816184003,0.2555010340320759,0.6069706742838994,0.2596192
0.09408686573783862,0.7319972419251013,0.4266326957690058,0.6687599723519531,0.20884612941838138,0.6004302624036556,0.09212873
0.13697444319111265,0.6299088331288021,0.5786096022695448,0.5655395610800634,0.6479809072953209,0.3012134132434736,0.07326773
0.1802027719794925,0.4849343481564577,0.5487102130482077,0.4900981913716051,0.5844780568603467,0.38161657401616234,0.07797242
0.13230233886473622,0.6600588918453489,0.5313342243629052,0.7208272523000147,0.2756446013663041,0.7753203282994724,0.089720085
0.3666333581650829,0.38109843131733545,0.5493192706210553,0.4696591577930715,0.25449468542309006,0.6482192516499596,0.119500116
0.2411314856009269,0.4126406826034983,0.6045813145646319,0.5457276450903716,0.5811720948853631,0.374102435359151,0.13450086
0.24997029206697974,0.8591350897110202,0.4289307432204642,0.6814946858618943,0.36541861829491373,0.7741433171195181,0.24638218
0.15835871841989047,0.682804832231482,0.6398740206173879,0.4335736526394442,0.680930320405942,0.3828478906341849,0.055702478
0.16198436545723377,0.8394777311052168,0.3938744811829267,0.633089634270347,0.2095313927253506,0.43877318972206114,0.17263164
0.13094640363376742,0.6724196353627118,0.40028824612542224,0.5107714904944975,0.5191691079485637,0.49207864870535084,0.09080386
0.29178054224346905,0.37652635158407155,0.04556337173659558,0.47495422870544163,0.4621012555438343,0.6468431126640042,0.071188286
0.5291687467841769,0.6722618047960036,0.5252859291715668,0.49998216241834564,0.7038177312421097,0.5756774338071745,0.34883788
0.3516109803489215,0.18994283291974867,0.25484588248738077,0.6699819050705689,0.44851144109621865,0.5282895259804432,-0.01837549
0.29584957727955413,0.7637871035814385,0.4614077277858582,0.5779006127186306,0.6630084374954451,0.8068159557927623,0.26224846
0.40071025440129515,0.24760741496387728,0.49603505127427205,0.6234718031648985,0.7094237275608029,0.49326997968596353,0.054559886
0.43827647184676416,0.1915992643477032,0.11511599765725672,0.7116364102271586,0.6737152410719647,0.5080414562168991,-0.0605851
0.4501874647521348,0.39904953921757114,0.7625319246230446,0.3078600661046744,0.2647208169558476,0.748905003614924,0.013554361
0.9356372328114482,0.8505361783987281,1.0,0.09182934034517976,0.2757773516359632,0.8178790897081367,0.20932038
0.1851018912043787,0.7876519353068453,0.4832322113951818,0.6728122313000969,0.31981589918367764,0.7216577264015009,0.18152219
1.0,0.8841246223751296,0.671683850705989,0.641830554625755,0.5156334212413608,0.09066005478566602,0.5946144
0.3841842128498741,0.3953620590366964,0.2372073896445962,0.46744207358806883,0.506862628503599,0.5625925512417601,0.15840624
0.22166078445499482,0.6877564181463343,0.5814536006780544,0.3659077208032284,0.4841789459004504,0.4331983219070795,0.09909503
0.14904178827175815,0.676439324146233,0.23198053224458548,0.40810432027357246,0.3729209859180507,0.32225800443854913,0.11836062
0.28088564295583585,0.5324632313732911,0.6029902831292485,0.28579830979731125,0.4641549995437673,0.5815839419221278,0.10390422
0.46718313345812024,0.4699211967843911,0.1877831121463444,0.5915846209260013,0.4768141783849429,0.6102454736591775,0.23429704
0.1755707982121519,0.6966889221162852,0.5253250971730008,0.47439611449661745,0.49335135085597887,0.2817829534073074,0.104680374
0.13605131388084085,0.615397232937541,0.579464324228947,0.6076953939856667,0.6247030791203244,0.6789942534578447,0.0812402
0.10595002070450335,0.6463716793646327,0.5496162042600028,0.6012420841468971,0.4341372993366714,0.3491122968557686,0.052740134
0.07237124048954613,0.6498163585234771,0.42971466947230347,0.7189383157505791,0.17107838291955568,0.7907979404842652,0.06954782
0.2454556615946621,0.4682211052698743,0.440739533035936,0.2896572381510824,0.3648189134349483,0.5165878426152698,0.13031647
0.07641432923289365,0.626555656698827,0.6269632832865872,0.6558893411564656,0.4011215209433068,0.4815420229673388,0.015256717
0.48159999577353135,0.3507761354049953,0.500133586616345,0.6189794220400648,0.6751842160972574,0.5542687076927363,0.13779938
0.24663046886582352,0.5365221683516092,0.4330734307958686,0.3457735279846412,0.47643750275709906,0.4851168904868314,0.15994887
0.3744457977331412,0.42919281976597046,0.28526353295228174,0.4429600117629294,0.4816191196975604,0.6067907316416566,0.1798887
0.13600590121949604,0.6688177119255504,0.6169261815262095,0.526642589645142,0.7291758249988943,0.2977564468855462,0.0961404
0.1902398379686652,0.5722097810347231,0.5367666266204757,0.6192872163767492,0.8000506668994425,0.8036287256082733,0.10243508
0.18084069419545606,0.5607018386122528,0.6483810204915571,0.4277697501279466,0.6688732103889984,0.37614161268569724,0.053153135
0.5281966095770723,0.2598306230532031,0.39213626204286506,0.7323282894205039,0.5649934663109545,0.5274851027535646,0.06813431
0.28129202656222374,0.5069025487458805,0.19062847173396164,0.5996683215741736,0.5065708085419949,0.7479696484376392,0.1282519
0.44802810715164965,0.2699039073511617,0.27887236276051053,0.6436223472341918,0.5699110309434696,0.6029992101626104,0.07470989
0.42965419458730936,0.9194607802356822,0.32920229736448664,0.6590711848403079,0.33406955980617364,0.6657227786459722,0.4334532
0.6197771144891573,0.7420414908718989,0.5298896298599651,0.4350968282778946,0.5587708516169323,0.5635782231498013,0.4360931
0.5536208353944594,0.5701012233204303,0.2998455931546231,0.553393443878674,0.5353897699707026,0.5068230065085411,0.27943018
0.4732555132494075,0.3964916431669063,0.2375241528574588,0.6738589704845198,0.46074796020280095,0.5220186287673515,0.10902734
0.2521857678857475,0.38734111532559345,0.35963434659973287,0.5910191017010551,0.6986911355099453,0.5244269035557881,0.029207429
0.369536627639102,0.37925717394620384,0.28972178828161577,0.5334470738536697,0.38708976683773677,0.5487429228708383,0.1588548
0.24913284130738983,0.6513252616575911,0.5673482036680022,0.3422584658594756,0.4871837664498965,0.5116264840421646,0.12773141
0.26642548259497245,0.3729693754293702,0.477553117686994,0.38402674798767006,0.3733100780638211,0.3674720500965002,0.14819016
0.5976857758551108,0.5817297927500602,0.2734696532004466,0.534747814270127,0.4692063562662063,0.4881229364152052,0.36110833
0.6311741833102325,0.7226600000625837,0.4396722175523686,0.44396323534985577,0.47187551446445036,0.5827695231251355,0.43762833
0.11624402239906534,0.5954818588610846,0.5014263366727335,0.7185613604723158,0.4591679247650798,0.8882822765262588,0.04850258
0.44653202415345594,0.2964111251238931,0.47897016211059146,0.6349347518544219,0.37496758236272326,0.6142047712735521,0.10789661
0.26112079210837036,0.3946477952452556,0.4228281961911493,0.40493440795832636,0.309971735384715,0.45727805308232883,0.16374053
0.22374085810407146,0.5128117443935286,0.16798826467688666,0.2259451604398156,0.34289806091136316,0.3747511857065017,0.1849519
0.3267060554908639,0.7535504978064049,0.3558862237983278,0.617815035316384,0.5007352043131147,0.7381460197420877,0.29899883
0.17675284739296948,0.7662121667446007,0.48341742179770675,0.6622593412549433,0.15288486586082045,0.5321636137772721,0.16225877
0.3678982652036223,0.0,0.7460810819067022,0.7676666269302248,0.34954453088920634,0.39999721504858576,-0.057484176
0.33233229473755976,0.8593540052792936,0.36345288033527656,0.5176328815020084,0.37451151432266233,0.49849431192332105,0.34336442
0.20158454172190898,0.5356894242119892,0.04833551830485233,0.40601459042560584,0.31453095547567067,0.5719059719365231,0.15365875
0.33345262876626763,0.5359614280928956,0.09150369626108884,0.4419922263124888,0.46599641557752125,0.660229619855021,0.2238304
0.35994012942855635,0.7416114512070129,0.5712665334828284,0.30213705472750396,0.5712097170138456,0.7330775715750268,0.23160177
0.1058321263622381,0.6760458129722643,0.6237773110719663,0.6636279090851611,0.6334252896075805,0.35860951016873027,0.04265454
0.7176874294620326,0.7452318293248648,0.45060586405988634,0.5896129356053498,0.5334670926151446,0.4409053394003665,0.48677322
0.37566319934989606,0.6602936088602263,0.5056520557734521,0.5320204504123452,0.6680966266749249,0.6024745390796716,0.29284745
0.26238162257067543,0.417241055958787,0.5131353440915853,0.26371152877121334,0.30982654931080694,0.6119012317445569,0.101504564
0.4412439298903996,0.47019212171561847,0.16925942073318956,0.5442429514531989,0.48072540374767875,0.643475524275448,0.23482816
0.06911285817454144,0.6442558838747381,0.5415381792891911,0.7713883324481028,0.054721775492227065,0.7203618184028343,0.02567411
0.5597851877039932,0.8307207170216997,0.3801471217601999,0.5612844328670822,0.49070925026037937,0.6105147807316883,0.4951354
0.4072490045163868,0.8263574381898442,0.28645573282021963,0.6453186575290495,0.48235593348556055,0.7825572069301463,0.41370827
0.4394548981884973,0.4974807251041,0.127436344053524,0.47616589628583406,0.4160572121563446,0.5797910429421229,0.2632915
0.3921651536063796,0.4286737454578753,0.12271619230482678,0.46149536575969496,0.4420188806915169,0.6199581695126114,0.20126054
0.5135836101516548,0.6242938990765953,0.21482598234608816,0.6050918915673912,0.42598440322588593,0.6021228312487498,0.35359704
0.06045798773852973,0.7279367968044979,0.3812781504313779,0.6208304698313697,0.318556264002926,0.244356085354144,0.062423624
0.24865015294797949,0.8638115074826924,0.44275502893473356,0.6319500506343034,0.3812430824097931,0.6229201830454837,0.25964716
0.12640614088968646,0.6867021271074346,0.509365351022245,0.6423112362087001,0.3937824874736303,0.3529090202949655,0.07998119
0.11384531111449553,0.6083293277306008,0.6464440195369671,0.5366608770420644,0.8212956549010935,0.34552715729209765,0.054265127
0.3481975910595139,0.617272282601083,0.23550358557503723,0.6213137480339661,0.46388447470685107,0.8076417923950868,0.23785289
0.25196861346765986,0.5653559381541877,0.32142052015792244,0.5936690716418448,0.6691479543313965,0.7526224359701089,0.11963819
0.10756203511417534,0.6011166611515287,0.668162661676987,0.6883699109592316,0.4388386576923018,0.5175356046055011,0.00059611537
0.6509453107642154,0.8415492735071977,0.25891462168393287,0.5647786122807957,0.32619005201708495,0.5438547417400312,0.5998884
0.26202832983453456,0.7332088579985356,0.5494605016619155,0.5228487463209546,0.6968198863362078,0.8024849608138511,0.19875957
0.8888175121760058,0.7279842481754727,0.6381246269726478,0.6855609235553416,0.4101936776085357,0.0,0.39982134
0.3595711788778161,0.8174387537102541,0.4226588157159062,0.713111900711726,0.5232401097657653,0.9452761035249959,0.32428202
0.45296165185969905,0.3428777039842521,0.29144176970820257,0.6099530810576468,0.5361603297879397,0.6327448952551171,0.15961301
0.15512946511396866,0.7035521913852056,0.5777187836925035,0.48901313445740296,0.5741353991409022,0.3378819637064072,0.088255405
0.19492245955911017,0.7000365346263204,0.4821015376799943,0.489896332100213,0.6261406890095441,0.45219063293878714,0.16225417
0.2506906093539684,0.6580684891631103,0.6424699124653732,0.34619680333264835,0.7729347550121435,0.743790446886342,0.11124022
0.2177378883471256,0.5569417168048907,0.435380788401775,0.38134493566406313,0.5200644537097647,0.38448032621994427,0.13530691
0.5369128567780007,0.4973462167837208,0.23674391426262492,0.5240604252005037,0.503926294997079,0.5584274459065653,0.2706535
0.17384458055736823,0.4838171012999209,0.2964468833893512,0.498175342969412,0.5460349521856263,0.45350425299535,0.054383103
0.2896016143282294,0.7126787947645343,0.31813741978737176,0.6208049494813961,0.5406530890948902,0.8189781680192185,0.25884148
0.2715333271390153,0.8366436411626499,0.3160528097842206,0.6946973696120327,0.3321453518823674,0.8463545130244046,0.27874297
0.349916797473368,0.4058004336112313,0.6616455490422165,0.27425699400340314,0.22349611770855438,0.7900272032631672,0.036643237
0.0,0.5608233785854344,0.499036901458605,0.7324520185678762,0.2938776939765666,0.5457539948259229,-0.0403059
0.12624960519147005,0.6826684908575519,0.5384552508169557,0.5714043400309048,0.47690123075408486,0.4754020885800646,0.08448746
0.33005698118719856,0.09311994698512588,0.7076602814979038,0.672974877166685,0.21836232404490027,0.5050698311314328,-0.01615157
0.16015850257119427,0.6582141221854121,0.31823041727633494,0.39726742455875347,0.38229377895527406,0.24024282973722566,0.12751697
0.34475919079004785,0.2903250669245645,0.38181055779149525,0.6365937186199163,0.6881415482052877,0.5210399681153758,0.035767328
0.07388933620912058,0.5813859634177968,0.6455987774858356,0.7253556869481985,0.611272901505733,0.6484103358766771,-0.03014975
0.2568866743147281,0.24152318783862947,0.5739812474820671,0.5090943625541663,0.41691635813271566,0.45175180402428783,0.06988681
0.27430983910947304,0.47675698964751667,0.2189888269852195,0.42188305903916035,0.4232245278283802,0.5029277619478137,0.16100334
0.05434300263223646,0.6505811473653185,0.5085984760232533,0.6531632765914356,0.40272501181306525,0.5532703384001479,0.018945038
0.30306436019449534,0.6704118822967343,0.20347363018303571,0.4672237168626961,0.47765537426870414,0.6118660808561692,0.26613814
0.33542776871378743,0.6105795680413617,0.21376292425450893,0.4583013594087879,0.5422976351249916,0.6213374171670744,0.21716996
0.18572984773254644,0.8726256552417302,0.4723779127819919,0.6117666753483446,0.31439245751320255,0.34511318005665115,0.16756259
0.20283626960144793,0.5314285028799406,0.12487852656837284,0.41311735004674094,0.3727872227895462,0.5453721426653619,0.13313657
0.23073245787576213,0.47043261125671143,0.19549175896982388,0.21639893095007723,0.33815423514740234,0.3522140426052832,0.20188871
0.11528360749891567,0.6837995537922004,0.3973611081732022,0.4878209877627432,0.4423798705389652,0.30221857102927585,0.08523339
0.1830535455603161,0.8306151126498047,0.5085919951222826,0.5336005552763259,0.4438732956540807,0.4697497963632573,0.16257642
0.4813282959479385,0.6174979033903251,0.14202391002032022,0.5053984851412722,0.45703980470772615,0.6218782379452152,0.36001334
0.15686571474018066,0.5588464412905041,0.3627945855472753,0.4358709852824735,0.48993643152892596,0.3216180696505236,0.10046975
0.36908294689424526,0.9181529530564677,0.31993330062114944,0.7198482270748607,0.3947427498343892,0.8416989685074069,0.38320962
0.1868447202927034,0.442517556588194,0.5602146166437894,0.6139121071974495,0.6147867990870381,0.3004566956485105,0.06941569
0.2504637541767545,0.581288595943372,0.2650394882638221,0.42488957532500377,0.5374418054155957,0.5174950949998964,0.1713824
0.28565169298284415,0.2330381078706209,0.6313422261460332,0.5012452006861601,0.3722833565012065,0.47900861037758513,0.06661704
0.37897635294922366,0.08502456234850353,0.7863665439380942,0.7084323180322969,0.08706840933304333,0.6309645615613493,-0.10999785
0.11371637122851616,0.6826744914663528,0.44747098619768055,0.5179571426388635,0.446803572688365,0.2859443368733268,0.08955854
0.3468659737382595,0.5017146455181852,0.3987268931917048,0.5785422985013196,0.7278298796790681,0.7299451370983173,0.17575356
0.17078073374454208,0.6663916677880847,0.62796404916541,0.531442322389828,0.6011789379381434,0.5227440904891036,0.093987525
0.3078517700477211,0.17589773090583,0.6240246486487142,0.5516367136893336,0.43249137076565664,0.4397399295505363,0.032126404
0.16051897132282172,0.6589478980499173,0.5631332171301383,0.623839151645824,0.5108001579311909,0.7512643770173463,0.11311215
0.3395166111331115,0.7198717057065454,0.3894915045901939,0.5118578251336185,0.743340811430161,0.710302241012886,0.2790335
0.46743746635243877,0.46659516322731553,0.6753803553368587,0.39654696134922096,0.7747862298525134,0.6603170143357929,0.15106453
0.23751746511716004,0.6936470851270808,0.30513332576425,0.3944144104922771,0.39733279793156306,0.365829111742094,0.19547637
0.5747380142202934,0.5623433590680739,0.6953778054801537,0.33176641282513286,0.3438088682554699,0.6848920109173162,0.17428279
0.47264062747032953,0.8676339473829621,0.3248477170756819,0.6872510161769894,0.36891131210723555,0.7634140400544636,0.46240398
0.13827429743344247,0.6506984973850201,0.5901530488389479,0.5735799443857991,0.6231184695961782,0.3712545885746138,0.07217002
0.4052250033680265,0.9046261189523486,0.4142092080807684,0.6111497723006208,0.46060445814171114,0.6374366740298366,0.40046415
0.6720286673056086,0.756104015962205,0.25509466298223726,0.5731553549351291,0.3585313855777862,0.45927363565799983,0.5629813
0.31749641233018167,0.10421132778358044,0.5949906660395133,0.7739214557376413,0.1913393824788327,0.5334662439433764,-0.014478579
0.26429588806589616,0.597853190781415,0.28761595365666814,0.6102959352869749,0.5182865868897086,0.805560614489916,0.15038067
0.26705632457650663,0.5081272306206716,0.5620556006537778,0.41925866676670576,0.7553125466000598,0.5732685132599198,0.14679086
0.6441052625156753,0.647138561171144,0.33860538718884337,0.5783806654440454,0.37623194318392067,0.46336814101005613,0.4335275
0.19397132113332022,0.5555644260038918,0.41309210068300245,0.4469042758482789,0.45339150133998757,0.3972230608148224,0.1350486
0.08568751197477764,0.630856676284924,0.5555109831159847,0.6721604834444932,0.379067498959036,0.6646145493060326,0.028318938
0.14372937148688966,0.6340524867910918,0.5637528031608708,0.6477452400050976,0.5593187626753824,0.7728502552737249,0.10403496
0.14047802839893672,0.6955166379602378,0.33782793687357193,0.6174498333782149,0.3717299363502493,0.7318851444778511,0.11647846
0.29041841528596657,0.35422339032076383,0.6766106240319089,0.21218815503159522,0.5188079225980992,0.7291233574222032,-0.0050222687
0.12462742692580897,0.7173773854975289,0.5980000675136081,0.7502671933157483,0.07387767265596112,0.5456321210039131,0.06565042
0.5147003326798837,0.4866918239184831,0.2482223072521115,0.5722168888179534,0.45953614945647725,0.519752785205063,0.23077063
0.25466631447019744,0.6830564104187515,0.23769838175002925,0.5171207527306357,0.3928988591648115,0.5499630148444207,0.22995585
0.32144041754116903,0.5860860461251025,0.7146327300876592,0.16686347812887903,0.7711199076999677,0.9108716809330455,0.06458746
0.4051901650202814,0.8931044337405565,0.3388174711742329,0.5992151138410939,0.42865798755171974,0.6760362309883657,0.40721616
0.4378975692067241,0.511500915677369,0.10310557865965575,0.5232848881793266,0.4138403348187561,0.6203430609408889,0.26849976
0.21776793653789495,0.5617982937010982,0.49613895281835557,0.48872459525349987,0.5053710453722912,0.3748048596412882,0.12843944
0.4515768268124508,0.19417532071864602,0.23034785194785767,0.774584090144863,0.5516117795287153,0.456988767460445,-0.056925926
0.023056563698546417,0.5923059701894254,0.6410111617076344,0.7981058287837965,0.283356158389366,0.542656936374214,-0.03887627
0.28066481214689804,0.7120655387253799,0.2878919889829137,0.4386173748006833,0.47722594931437917,0.5216015428433128,0.26074234
0.1292840914603425,0.6963934242360549,0.5818241555634206,0.540139795682733,0.5443507856236479,0.3492261977105512,0.061213482
0.3926593378581713,0.38011784297149454,0.16120775208567273,0.5266458088598878,0.47874957492939707,0.5911634354545864,0.11986822
0.2688402113180142,0.5471565131366476,0.3000111241619968,0.3727979137656014,0.47027834944700037,0.46638623020466763,0.18169297
0.17287622423647406,0.8005256309826755,0.4489236906881662,0.6856872365938238,0.2491747940472622,0.6700875715744266,0.1884322
0.24710592483356766,0.7961375763208789,0.3998756046134691,0.6663423339446133,0.46987104237700633,0.8417533879758987,0.22910653
0.6944760444799957,0.5466343429158128,0.8466716181076089,0.31985525449916136,0.16295196786331317,0.8354158864118568,0.066079505
0.324799156672446,0.33945985637587905,0.0760606084306843,0.514078641597093,0.4875540029207662,0.6063751179673255,0.06674936
0.1636658372766563,0.7337053609513333,0.6054044575076541,0.5040394352106792,0.7520106457770737,0.23261782751306287,0.10317454
0.1251733967047068,0.6264606007981998,0.5327291605083013,0.5390288733941725,0.5744076381538716,0.3340161572299668,0.077946365
0.2239107304773189,0.6917073122407044,0.337438717724903,0.45637656342618715,0.46795205277922636,0.41330234521293513,0.17530477
0.7666003966913031,0.47455242883597004,0.7138382850085294,0.6741640821332602,0.3135340733136238,0.35788181346449155,0.09626384
0.2225937515850384,0.5868937684137235,0.20758506280146252,0.28972345918282527,0.2751464179569678,0.43842770463000247,0.21106523
0.6026161434747017,0.4581861981971026,0.34750877418192305,0.7073483440704887,0.495605413893951,0.38858606803227846,0.18122537
0.32446706896095634,0.5608379358540734,0.15359328541604828,0.2935148823539474,0.4149993307766984,0.518965078041418,0.26307464
0.36658287314162963,0.5373664552910071,0.3070866365792041,0.4527030607126991,0.46305575753656364,0.575083818874733,0.25947413
0.16713484199019768,0.6314149701592776,0.5749318216279868,0.44592233787520236,0.5773696273770014,0.3512536303345773,0.0805465
0.48617151472987474,0.3393642419634876,0.1922676750957601,0.6207469248301613,0.535461927787964,0.3987024565679334,0.04955115
0.4311680415264593,0.624593161523761,0.4753922843758888,0.5415412666901569,0.6135063697766823,0.6474185797280807,0.3008847
0.35819967668175584,0.42524148169686793,0.13329151611861628,0.41497807155404476,0.4693973938985576,0.5857217951366738,0.1718077
0.7019607592541776,0.806566924029754,0.6132887436626104,0.3805154566069939,0.6128784385440844,0.6750281690454637,0.3993052
0.42663667837598296,0.8116866863687743,0.48020999051632207,0.5457789757868665,0.7089867578813138,0.6856507120230494,0.3628908
0.14009793163386772,0.6484954262417845,0.6722314401883049,0.5745715156712126,0.5322014041873401,0.5163672741003354,0.04038179
0.25131525076810546,0.6377846374163785,0.276202486052558,0.4076555787175665,0.4147305386932865,0.4900035279518992,0.21541354
0.0774357086003492,0.5670703608694538,0.6536734465839106,0.6546216647863807,0.631931706808107,0.4175729880115373,-0.020062499
0.5739029926654333,0.5722108097467354,0.28962852762204255,0.6004675622933848,0.4556199335038215,0.550759338191834,0.35117868
0.4692978990378382,0.3246825651331846,0.7956995947515214,0.4318300780460573,0.07123462428385702,0.81856306945328,-0.04981638
0.23644678993808232,0.41840641379865406,0.2192307062647005,0.34949814368894916,0.4196014462876227,0.4572765190070116,0.11614469
0.44869495413833105,0.262987042401983,0.3310060485872165,0.7516116398826167,0.42282631828833445,0.5560617103718374,0.05556383
0.5000783845641174,0.4777606226568455,0.18445187018186576,0.5533491810323287,0.4967458932225479,0.5381609877920407,0.2284813
0.7788459361677834,0.9056136011060003,0.5639532345681124,0.4924967781652374,0.47596112768459586,0.4920459252907398,0.56316537
0.21996886199616045,0.5924418901069436,0.03841852399774859,0.15040228657085208,0.3021473817334623,0.1969412428568365,0.23960316
0.8002987268255313,0.43162458773276724,0.7200291424351868,0.831029032664026,0.34679677660264274,0.15452388645788556,0.10539721
0.7828211096277611,0.8500310029614392,0.5303054964469989,0.5715997952089307,0.3791351765119495,0.3802768917238894,0.600221
0.4729557673931468,0.8526348415393532,0.39067318561547976,0.6036043712283375,0.5131926988299597,0.6581771566919868,0.4222777
0.6072357430609674,0.378657253599205,0.4362238479364354,0.7607725376077599,0.4489143524888287,0.4192827691094514,0.10887675
0.058003094337928274,0.7514109855225617,0.2528294470011627,0.5750088869137526,0.38220508974593637,0.15615355543544557,0.08671568
0.4979247009369666,0.734749543112843,0.435033281081223,0.48483140508730416,0.650106493919435,0.6512064377339396,0.37417474
0.16490490363372487,0.8433142799147633,0.5537666868363282,0.6341000713841046,0.2450884917509563,0.4493708625631274,0.13043725
0.1343085463425706,0.6344497508943927,0.5926231611782933,0.5135106339058609,0.6888735580430776,0.3535328827596449,0.08520586
0.2769859566351395,0.8241388706781549,0.2932126128389345,0.6773066170912193,0.3852569233273416,0.8190634247577033,0.3172292
0.13676035350455018,0.7440458405685487,0.5058094844952199,0.5359671993231813,0.4811026890849771,0.2813108246599911,0.08957098
0.1392595520573388,0.6008889427028297,0.5675807638872609,0.5475747601270067,0.7118317901913168,0.4201069975350422,0.072817594
0.1095287211544253,0.6672738004780485,0.18301203339663194,0.44172693618525594,0.2642817726234097,0.41952757274544605,0.12140858
0.3118377040277219,0.3912711621155074,0.5055429548515605,0.38271188241344567,0.3919318923888574,0.5927027942829322,0.10627721
0.19278627555844813,0.5426705172039072,0.7292988493784895,0.404897885135799,0.9772337167499725,0.6436328776657575,0.025023384
0.33678920128526074,0.4703944312931373,0.08510297665579458,0.4165249002403238,0.416215857493096,0.6048769223132575,0.18665591
0.3915807340358251,0.8229021011297938,0.3008528618486268,0.4888702374389513,0.5584752261759509,0.6227804542069262,0.3687284
0.3683826910821669,0.20817770272446173,0.2416775124564472,0.6977504569291098,0.4175904803635337,0.5881518234087818,0.0013730936
0.5157251822633042,0.4944634917669741,0.14643897495736174,0.57438194604354,0.5143921425953579,0.5041796389667791,0.22288756
0.2131866612969007,0.7818882043965233,0.5195243377541581,0.5385213705896201,0.5852013781791169,0.6420754441328311,0.1762934
0.20099846830263254,0.6769849890950363,0.5940909299406336,0.3595916707657608,0.45751640058786724,0.4705425601502766,0.08540361
0.21844421975510303,0.44545607706252427,0.16052117040655073,0.3899888324503658,0.39624820116979337,0.5149642154184089,0.09505224
0.32191251353800066,0.5226595145956185,0.3176018652756137,0.47296737619812795,0.6464636392088613,0.591166771459087,0.18588433
0.14305500022892162,0.6322363975011087,0.5556517518767841,0.522386946829732,0.5557233515951251,0.3234811332040455,0.07142635
0.4071763956918794,0.4401566802624882,0.2340660746289471,0.4991774580482185,0.4119191596482401,0.5527142415479854,0.23537533
0.15836067778379515,0.6701757403295804,0.5918971980868573,0.4935578496606938,0.629168791520726,0.31911913377838935,0.0841068
0.38937564016984466,0.20472736241724104,0.4730689328300186,0.7298417506004601,0.3393229972616154,0.5659759006005138,0.038554978
0.34347758248298715,0.6245706444057728,0.3676244479234939,0.6802333181357709,0.5065638769260662,0.8723767303716198,0.20539738
0.31169148296540117,0.6461623500368424,0.1544332386989788,0.6156960080898958,0.4304869563919651,0.7689196753434285,0.23403732
0.3896381475530504,0.16708017841449513,0.2980793452385863,0.6792040227485857,0.5873909043743772,0.5325528024037395,-0.0060438924
0.44254943287351556,0.4166510921408831,0.21244179107770803,0.5099622074362298,0.46879676131491305,0.5662412852230114,0.17984222
0.09971436518846413,0.7760326530203314,0.26594795296089246,0.503927025600304,0.2417083503138359,0.19281993648982626,0.10014324
0.5068882773054845,0.596922026095409,0.17650610841893377,0.6009318008231399,0.46777819598371523,0.6476273442026306,0.34383494
0.13583795173500973,0.6827488062490936,0.4934501704989961,0.6151553175514171,0.5360873720799263,0.2508702700966628,0.10378054
0.4808640230869846,0.5678926862461586,0.39387322010113845,0.42104645204774127,0.42304440223381845,0.5497336441754663,0.29625136
0.8858164249312821,0.9089621388279165,0.5396373584652717,0.5777834276732762,0.3557972320743135,0.22503562488772538,0.66805077
0.25485491952143663,0.6254013585620726,0.6447383591950714,0.24260614823293647,0.49524955876637705,0.5965228576751661,0.04897683
0.20724823387644187,0.7710927417515655,0.24009789485682806,0.49701942243748115,0.38501961544229124,0.5650435549118213,0.21994263
0.17471038862041186,0.7037019868279483,0.6102720250469762,0.5358076960033558,0.6027014035116405,0.5428480354030624,0.12366675
0.6218561678196168,0.5697772686159447,0.7678527202115788,0.34178630824384015,0.08629991804923481,0.7989776278824554,0.09227423
0.3307231262152292,0.1630018115583225,0.2606948768372298,0.7100794070994505,0.37137691017940844,0.5248810924201586,-0.054033253
0.6491494221414076,0.6376926292312165,0.37433096031144125,0.5467919476197087,0.48572960970009493,0.492319194349926,0.4322671
0.2639931240046884,0.23647133233928763,0.5150075116163861,0.5033068252502705,0.4818304311772175,0.44139025891422884,0.048107564
0.4377206300227994,0.8512372754853135,0.32164937927046866,0.6072548734688027,0.5013748095314505,0.7254905712056383,0.44162712
0.2940837491642858,0.5001677538681728,0.2599563985796259,0.2755995233433192,0.36154764749958834,0.4804050495983595,0.22328214
0.33955145742308185,0.20247875432172746,0.7858892590592672,0.4598688567903428,0.0783835488197826,0.8003081394154195,-0.07452838
0.3378723533159179,0.11063589348244629,0.5629178247838286,0.7929732399874316,0.2818810001166747,0.476445832363727,-0.013166521
0.45828789548865795,0.7079609511805992,0.3907171985200079,0.4129628374422174,0.22852175795610563,0.44931169422079875,0.3533421
0.5242766135260565,0.5537569543017337,0.6105491745260125,0.4830782383526473,0.8424238290608772,0.6209601192910116,0.2642602
0.261286357220194,0.6345927968635555,0.6374442784460328,0.37668119331685473,0.7082486244870774,0.4914201954797926,0.12846996
0.767914797479675,0.6763733836041388,0.5660429558616197,0.5635129223803191,0.3504607569448216,0.3381107056438195,0.36155114
0.277039950133968,0.6484237137408335,0.21568220182970232,0.42142170658534384,0.5425019276259447,0.5273304489900352,0.1896846
0.11146249963079372,0.6906796654258156,0.5659686492121975,0.6803093973157534,0.1941345281132169,0.507769385809407,0.051040087
0.2762122819179573,0.6876649349327963,0.5274046003269806,0.34266151827991165,0.451935590954193,0.5327539181823424,0.15837213
0.2744251412211296,0.14922018906399503,0.6653175439547399,0.5861829865428794,0.40022052508086414,0.4430422785676673,0.08479118
0.3219564221073302,0.5483486363086028,0.2639740598401569,0.3227988516970127,0.37875549453858415,0.5062909574740925,0.24736734
0.028827591656356732,0.6258026361366804,0.5367966264114029,0.7152104022336883,0.6033129437235152,0.27977557979998346,-0.009646121
0.1369508498136209,0.6829907076315921,0.6355985227598668,0.6365369052373482,0.4949477795827826,0.39725541857185875,0.07547548
0.0945691915464969,0.7055066477858086,0.6282074963322773,0.7971790543296362,0.0,0.6368174322678755,0.01188606
0.3700356292536861,0.17887228140128836,0.5766168030483603,0.7587885444537645,0.22166598407764873,0.5265720486146019,0.0028640851
0.7241246922733373,0.7795645276565336,0.6404060120643793,0.4152843415795424,0.6078242314263109,0.6700265692225313,0.44360006
0.220506023856883,0.7971312369273201,0.5463627454810316,0.46321242612202146,0.5238872834725298,0.45959133712158795,0.17174925
0.36487520052081657,0.7848384504864838,0.3938531192963613,0.6162154300456525,0.5996065288420702,0.771760391055962,0.3204609
0.5716014189106718,0.6722829655976315,0.4991350183817148,0.45636670017364445,0.38638000345177415,0.5556886554577379,0.37675437
0.8541520534952416,1.0,0.5191514721269198,0.5369763461547507,0.2725050961003497,0.37133073401694205,0.7015054
0.09612683102810474,0.6036308316926972,0.5171050334906265,0.5555370483521739,0.6227743032060491,0.3869741223606414,0.043480173
0.043557210148993275,0.6550341222580104,0.4781777161772433,0.7296678394107332,0.436061040163595,0.28693890119053284,0.018804442
0.38029215570874,0.8123206719796958,0.23966851974810088,0.5956430223752155,0.5378604574098327,0.7535497512127745,0.35599536
0.5798984718096039,0.49156031637691905,0.4047294407824693,0.6843471898274021,0.373742061113338,0.4693256697646596,0.21511118
0.1347504965817332,0.8530428646325559,0.37180362117327825,0.6269561499908339,0.14220329681533705,0.34363455753577304,0.14347288
0.3614761601226336,0.06994243846487336,0.5688936158450317,0.852628496206485,0.3339471726610963,0.4391711019952311,-0.054215055
0.41311783033400185,0.6983092712743996,0.6242024081798525,0.2717136987706138,0.5190593102987834,0.6581140038048808,0.21858387
0.1454282864245275,0.7417923038782985,0.5618943049463873,0.6907604974296716,0.18236174393896004,0.4721952907717822,0.094123736
0.11768788761865659,0.6200376781068441,0.5031445020175392,0.5688614542670732,0.5499583166663106,0.32780531301301963,0.10002169
0.2841361624908811,0.2612553561678775,0.6789122098562851,0.4181917611574334,0.415777272094946,0.5479157298715558,0.041775767
0.7571488547218752,0.7805793357554502,0.4743438507927558,0.5789411341023563,0.3707537316757301,0.3042979450617447,0.5195255
0.13952576987750318,0.7932477480409088,0.6272705679411782,0.5964780379045581,0.6057013107068012,0.4132862339098997,0.09542903
0.6129316827157152,0.6283276069439185,0.5890450851553736,0.3695106950361826,0.5092493154736553,0.7124852419627603,0.3009147
0.05779050287197329,0.7611430175428434,0.30447053376831607,0.7006003180197076,0.04750456969089062,0.6432319185668832,0.08836734
0.12080396027486184,0.6803292879551788,0.5940665419284871,0.7750152598671827,0.0845313433417258,0.5170681827746011,0.07600483
0.26702773355341075,0.455727762714507,0.38556517579964666,0.3715662297166742,0.33786997621324194,0.466983274170964,0.15421033
0.1264189978932666,0.6427969268849884,0.6239328268452812,0.48791761330705635,0.7285802597471018,0.3975373203033901,0.060767595
0.3311309690734169,0.07215982019039868,0.800920451314311,0.5610249712843011,0.33649644233096954,0.5355375889091892,-0.04175021
0.17487300332001476,0.46439231875555476,0.6088814298302601,0.5848466445202466,0.7425649315855605,0.30729435188552073,0.05974783
0.3006221058387183,0.39244227560203193,0.2763803825995968,0.3858509420692622,0.42850735626946374,0.515684699028747,0.123959824
0.20917657714356863,0.7438159849694181,0.42194787247577437,0.6785031314883164,0.5038687829408642,0.882637252104174,0.17588852
0.06349698674036303,0.5547997742269829,0.6065421901814371,0.7043921279631103,0.3658519784213263,0.592389125644876,-0.0076391995
0.07314244185108332,0.5321226731014204,0.5789350390209256,0.6637428329050394,0.7103035686687809,0.4536097056329385,-0.054798167
0.16982407608105513,0.8020006989964916,0.4661233366645483,0.5598869474862146,0.3328666876752464,0.26997909159632894,0.14395182
0.3198065939638694,0.753130934769512,0.4228369205251987,0.6687249657855283,0.5129888917340217,0.8371849796155193,0.26877967
0.23264432575468813,0.8603518015609901,0.48413376249511497,0.5283493306177559,0.37645583275830036,0.4849058095481749,0.24026087
0.13313559779343956,0.7392702789941,0.46026939197063077,0.7094847019376607,0.25994508123729776,0.7374938427866675,0.10561873
0.47507128847944746,0.16286714830196392,0.23388121442614396,0.8840745157165091,0.5105838135483692,0.37076511185444844,-0.1315297
0.2011287456319924,0.3975251754684664,0.17609655223087745,0.3839341295060169,0.37723957029272503,0.4526384803764347,0.09078479
0.6692916308435046,0.7242731154651673,0.302087689043243,0.5947689273397255,0.33114250226360625,0.43595454531631633,0.50240576
0.13071633903087812,0.7824078565835512,0.23570417275256403,0.5535564075250166,0.2997940205806804,0.5411305473030668,0.16389042
0.2875268615605505,0.6617008393511119,0.2376371029785252,0.46504958954714726,0.4200912001754122,0.5384920677677177,0.24392176
0.2688719641505771,0.7318964485115612,0.44984750041007265,0.6442869092736286,0.6248829555064566,0.8948788740451625,0.22328597
0.330852101437571,0.42375300329459714,0.3118740887855196,0.40377619425222966,0.46580085664495446,0.5299673098494619,0.15660189
0.8394439606630715,0.7012916435860592,0.574773550449581,0.6479758875339092,0.5286913549553289,0.1486739015112895,0.38444644
0.6663125927630632,0.5375741662682822,0.43084822886791196,0.69069715470469,0.5423359371382315,0.42006533346672276,0.29452547
0.2987932414623202,0.8368987826429127,0.35565787983468844,0.7313388136642716,0.4261560070658405,0.9286469497346437,0.29137397
0.19035811601436503,0.547157494711991,0.6257537486172815,0.5698990817349786,1.0,0.524374503363059,0.06864275
0.34041378723610755,0.29182361748366153,0.3354809216009549,0.5428599963325184,0.4624710909598922,0.5270529467115441,0.08845775
0.24545079463065492,0.5098390324593702,0.34628066781362743,0.38289002492734103,0.4357921984698632,0.42369026853516234,0.16006295
0.21616017348017913,0.7509917292935872,0.3338011359936015,0.7001965172554144,0.49063935855244256,0.9287633471925436,0.20799628
0.23428409593081073,0.5268273393122096,0.08888522215995548,0.22574750765986507,0.3445478116199956,0.44817529840020004,0.20405188
0.19586863463146953,0.6516888991592166,0.6008902128057899,0.5407647861429279,0.8549154994240271,0.7150386799727441,0.14796738
0.19428946410280515,0.706380717045295,0.36026678435605003,0.736511212096621,0.28855065575272054,0.9402400246710484,0.15665674
0.631167326266002,0.719703879368633,0.3894330850900979,0.6034109882211045,0.4559299061000989,0.5225776348602363,0.46248412
0.33909965846636936,0.6537127920537207,0.5737439746086426,0.24795951655910203,0.5317189308522866,0.7270303787826274,0.16894248
0.41765615074005047,0.5814661124981808,0.22612765360425738,0.5249812964281522,0.5221238699947435,0.6959261683967959,0.27606988
0.49900866660673593,0.31302104168025024,0.2608017339143286,0.6862505954120444,0.5688337725577617,0.4491152299787844,0.061861385
0.29149177942037796,0.5077947469921223,0.1499024293689306,0.3769076244471853,0.4476478357800914,0.5324007667753917,0.19023181
0.8899818481983732,0.9704404254104442,0.43991073714570617,0.5730436053318475,0.30077552659169987,0.10464380905265447,0.6598452
0.1487210279233229,0.5877285574713578,0.11681467176534477,0.31168718485212266,0.31158769881815473,0.28728063131977993,0.12591818
0.5137682329248957,0.534459069501844,0.44846027185150517,0.4783847147574195,0.44817062983428774,0.5540805588698604,0.28776667
0.0986638325214021,0.6604691815026147,0.45398518428016216,0.5536309163744325,0.5466120409250551,0.2439733496925544,0.0813784
0.3953847149956526,0.6274560509329299,0.33022754314209873,0.5919066854925598,0.5659152510447595,0.7421760078753378,0.27137962
0.5158199167997144,0.46172022543180175,0.24365421508070148,0.5523110257604325,0.5829759791547543,0.583544784744537,0.22468716
0.14083948879648048,0.7024223796923311,0.550285887108884,0.6427638080507814,0.4902300555491404,0.6368428970521899,0.100825295
0.5964065428281768,0.3064098766779091,0.6836472818909094,0.711841782361682,0.21665754173322652,0.4879234064038035,0.0046808627
0.2089289956791265,0.5675404830079385,0.3749785523627939,0.40524290455331974,0.343303584055083,0.34326196200069975,0.15293789
0.6993936457363615,0.6931788767293267,0.5407478817358101,0.4612233003282219,0.3907544949532553,0.5618340714092448,0.38543016
0.3349027951961728,0.3981736200560866,0.7265881437151106,0.18476117284341764,0.21951125505625468,0.8460245571026692,-0.025989495
0.24125106246084893,0.7222512161123309,0.4072423554087934,0.4427947678776277,0.35281161735090505,0.3502783952699475,0.2156792
0.42576660769691754,0.6275250751902988,0.31493190790167014,0.5465807967841724,0.611782180662467,0.6901347244218892,0.28423783
0.3734273320193823,0.3118205704196347,0.18219672801720252,0.5936276901111538,0.5546837378913594,0.6236704214819939,0.06720788
0.06820718835974393,0.648012470976171,0.520566408229858,0.7053441455958818,0.38872837105186114,0.34472296672248476,0.037978247
0.37036597314492337,0.40602798423795894,0.3329534146674339,0.5961245689775948,0.76262209865216,0.6608789957390019,0.111735985
0.21743610467271485,0.5771216557793493,0.5173936767627099,0.6770579627791444,0.8196654197536293,1.0,0.12914918
0.21563343970560087,0.6769829974844039,0.24455089166732463,0.5150342549390227,0.46283622560101095,0.6393192205941749,0.17978173
0.15663306680302705,0.6759305002016425,0.4630031084701152,0.704744398276005,0.42440513413552655,0.9298369294886655,0.1291618
0.3188112925566557,0.44076060821475044,0.6960547849928471,0.16335749660217952,0.32792121794208595,0.7687125399827732,0.021248288
0.28057772693665006,0.5247494966655245,0.28302787999324996,0.33891508703965967,0.40658273737730277,0.45926519097185775,0.186884
0.09344107056896858,0.6557894755374241,0.5994242052214254,0.7402220559640587,0.12021027628169134,0.6222685389605057,0.04454553
0.6060482635691189,0.5278187108242655,0.4328453486957771,0.5678582567955708,0.5399393953665496,0.5467915231796342,0.30181855
0.6625973512170988,0.6030376701859123,0.7069258988564706,0.4953128963122797,0.09742989143557129,0.6178861802070243,0.1478114
0.10322055348475395,0.8115004093705034,0.44514741664821345,0.7494584708109531,0.10467709884100135,0.2433581877588643,0.118051484
0.3435069916796937,0.48721480435714476,0.7190887553574266,0.10903795693732277,0.1519275386677586,0.8917166092861157,-0.0033686794
0.7294619599323835,0.7418001456642462,0.4938147352790357,0.5536586461690285,0.4514224821657433,0.4837805433182767,0.5047366
0.32490854167907557,0.21895820056204596,0.7793753037966504,0.35274985211490795,0.568444005028969,0.5764128851341572,-0.028316867
0.24365973278402428,0.36103737520704404,0.2461547084548341,0.40959292786222196,0.3137828397503178,0.48104417853221143,0.11577153
0.3771795034458144,0.2986834181293464,0.1655332219597868,0.5760871635305581,0.46951994564551525,0.5740776477049611,0.049974654
0.3008281032499125,0.6127690948579521,0.30743639666177236,0.47044522742545347,0.644817670199301,0.6065860479706219,0.21153904
0.16932760276512737,0.6864368210757069,0.34603763872044635,0.42562233485504897,0.3863979552543936,0.3038903271383211,0.13947192
0.5190933296478615,0.37585872614306537,0.4213982465892114,0.6817488299701836,0.439595650751715,0.48670096850135514,0.16820358
0.27287466000664523,0.497026640151171,0.6875727726847753,0.2023878314226209,0.5418654490034489,0.6767874355636587,0.009452369
0.20217716968660068,0.6210464020167593,0.3854125463737267,0.4059671611002214,0.3972536247501627,0.28203630386663364,0.14090982
0.06633868470044213,0.6754635931490865,0.48555258143095537,0.7021425130421415,0.10203386282603949,0.47577635028491605,0.04783059
0.09351270161168826,0.7307631298620204,0.3014688350619794,0.5435864157308008,0.30427078200849544,0.5290924475563233,0.12287563
0.33999919175030585,0.5587526101496693,0.1550839859617253,0.4468626253150859,0.49718380518694605,0.6168334310940503,0.21200107
0.4324246631908511,0.6638447630570923,0.18472922480906262,0.5338639931793964,0.4435064994514924,0.7042825391957351,0.3618355
0.19141123718834735,0.5230327660146228,0.6444230724507485,0.44128961719099463,0.6968054423657936,0.3926713407984139,0.082768455
0.49234093274144963,0.3274116163467711,0.6864670754436366,0.6400876189117425,0.11753757318415814,0.6413543794374094,0.0040718857
0.27912648015178854,0.4062394677229052,0.5860414448147049,0.4118166667375577,0.31071191473108983,0.5479727896484731,0.11307445
0.39126464359912505,0.6629777117949617,0.7047591922478466,0.0,0.34043376078774173,0.9052728660196827,0.0052617546
0.24040839398372515,0.5587441775816498,0.16017544676845719,0.3720058839533566,0.4061122399586759,0.5194762457954286,0.16632067
0.15874538227724852,0.8780261494515609,0.3606647078928969,0.5654892517221769,0.30346141079515127,0.42142427352085166,0.1929497
0.13793833591588647,0.5949506428478324,0.5791751359018422,0.5170368156914427,0.6576820055429852,0.3352751599469903,0.057507835
0.29325719723402477,0.24410245834763622,0.5197385687628829,0.5847391628272326,0.7350915922957401,0.4364133588092489,0.035646122
0.05638421255837822,0.6496366834066197,0.4861717296115964,0.6495080713372812,0.41089696841668727,0.41647990058313894,0.020624356
0.1263873761743976,0.6781365013080277,0.3269125937967451,0.4736590166867898,0.35758553632292756,0.1946932255344575,0.10485332
0.24024469412770383,0.6897625877995399,0.45591404205099545,0.5608008578939851,0.7037685896329469,0.7453081640021528,0.18509829
0.22608996084327249,0.7898465971265004,0.6269283510240788,0.5441757202730075,0.5310564242114459,0.43672642785451443,0.16310121
0.8113429824936532,0.9176217638448212,0.5551974138065658,0.4638048998923867,0.4022108358579063,0.44618887548106534,0.5923678
0.40102005942063274,0.5111273219846251,0.1739206781772995,0.6094975485155457,0.44581762663073116,0.701019213108169,0.20584641
0.2130406051506037,0.7172190533223357,0.38752035823735514,0.6506283133926444,0.5745081966180078,0.8987454872365215,0.19176303
0.38106920226202856,0.40225692777037725,0.36920352198625117,0.5100185763931618,0.35854612975364286,0.5467462366229582,0.17739446
0.5643285930398482,0.8272728739458034,0.29623988466490403,0.5862978996716749,0.3420389500291039,0.6167486650812777,0.5274263
0.45248567413421137,0.5457444884918339,0.4308488781415318,0.3601613984888046,0.4531516966100998,0.6466444104937124,0.24180983
0.37753681284447627,0.5480984188845667,0.47478233732814773,0.2736682915925299,0.28464327365806547,0.6827448196383631,0.1798912
0.39747970917541176,0.396319091531642,0.6462465969416624,0.3546347434005813,0.33225875498625024,0.6534918881172709,0.07145159
0.08396272545512973,0.7854212810101929,0.20079675405987396,0.5008112194679478,0.2294110958973235,0.2762507765601649,0.107432306
0.07850513899065475,0.6358750631047685,0.5270146508220308,0.6398616991386061,0.3748413207450386,0.5775331720308383,0.030298652
0.2635961966271141,0.3014578116299933,0.6302634179751585,0.3401949607743101,0.2639153455070594,0.6605830644004386,0.019895619
0.24088401795219633,0.35329818983166544,0.5360330922989073,0.3165854747842113,0.3774429989414727,0.5791106963505099,0.07953978
0.19721039604014828,0.48538082045391606,0.22216330026960215,0.33363132232482745,0.3445246418400967,0.3969720919000663,0.15194073
0.4823028941276459,0.5887158953582128,0.5255834057537841,0.3400071834788264,0.4345925785850803,0.648505312395906,0.2535359
0.4530535918122105,0.6589573481065627,0.24209697192075913,0.5850988717986138,0.5195938380070386,0.7110984347492897,0.34262004
0.5330021487074164,0.5913234976510955,0.36109419071137183,0.5162162319070286,0.3302024866030706,0.5372607650561343,0.30281788
0.1569940633360569,0.7433230206048875,0.5866448705983637,0.646786538609263,0.20841664177043825,0.4565624939044408,0.07372734
0.2208227406436043,0.4758465802253674,0.3125252378792615,0.37285318795357003,0.4417806620427225,0.41308877958130924,0.13006121
0.12978313564778574,0.6296427084009643,0.5572678121111654,0.565061706559298,0.6502929695625169,0.32314562380556544,0.06517328
0.24781005152450403,0.7340586355633819,0.46332007740799325,0.7480736517109088,0.34284029702153695,0.958568417917378,0.19104257
0.35512769925454607,0.8946810224867912,0.3549428852208759,0.6417177147593567,0.5705723074469103,0.8215855998471646,0.3742184
0.783784436969711,0.7847861114622164,0.49587851670006455,0.5828293885516972,0.4800463346391177,0.3967866610706316,0.5438525
0.18794040988520344,0.603419843228116,0.36684507721477033,0.7270982702205128,0.5026176833447616,0.9719816419260356,0.09061267
0.30431149738918034,0.4372190072911789,0.19509052861742157,0.4418289972583507,0.44958734889888846,0.5678284757125519,0.14844468
0.23000457353938597,0.44282928331033056,0.38029969900879557,0.29362750654236147,0.29641567773264504,0.436777274278884,0.16069554
0.36195023474557186,0.5398756789754784,0.20117266212995863,0.5127554929195851,0.5339274236913426,0.6737286994887728,0.21867318
0.8711346319510778,0.7079812331223191,0.6112281351297946,0.6587430304925578,0.4648889591554514,0.13978702001589932,0.4014041
0.7441407686117958,0.7615750437855295,0.3628457485567325,0.6124086153487629,0.3565533576753564,0.23455191933366382,0.50138235
0.20324201773488013,0.4857513377845837,0.6616678878434946,0.5011384879065733,0.9565868401867137,0.49306269957313326,0.07573302
0.4259482048533121,0.2933932915745819,0.2412994853652489,0.6262151370063586,0.6130733757378249,0.6103662656483243,0.07743327
0.266408033014696,0.26312557843811274,0.5744166528466051,0.4761738514092868,0.21291815746032614,0.5984107023030737,0.059930317
0.20508811095680915,0.47162213162384775,0.3205249478177071,0.3527403504293527,0.467185173703121,0.3241870398601494,0.1480621
0.19414513136338712,0.6407870378993694,0.3543422052434984,0.41450965226876413,0.35925788357949906,0.3214009863483271,0.15171851
0.2107458991491133,0.7914601489862392,0.33710285650033894,0.3999801615981695,0.23805383457496754,0.27819931009681886,0.21000072
0.8043100273584891,0.6157100375373791,0.745530641990295,0.5503655143060842,0.2838773787160799,0.42501673688862684,0.2782757
0.1313231533286303,0.6270831213388717,0.3965251850540191,0.4704266194084712,0.43918228475384863,0.26139981553815883,0.113309026
0.4003092092006368,0.3669331537295293,0.1168365580111892,0.5360855926013773,0.4791461807257006,0.5704301133078848,0.11167601
0.26928237355926915,0.6196875407365661,0.5544849032599306,0.5539565011103509,0.8997067806040244,0.8709127778147439,0.17162053
0.22266678687849034,0.4504617931497731,0.12341317839871269,0.23295003466928832,0.32311486072523216,0.47579592860254744,0.18576348
0.616809315995306,0.6755221186133032,0.3921005309315958,0.491292132608557,0.45284795823923596,0.5270056336064632,0.40796554
0.3868590152067509,0.7437912465380679,0.5182706096493375,0.522175669714521,0.608906005270967,0.8600256571454504,0.2931915
0.38025205023096503,0.10547517361527786,0.5114285234584199,0.8269078370591827,0.25763955814322737,0.552670909909866,-0.033819865
0.1853174403175908,0.7946216914280979,0.40999659065685423,0.731043464201538,0.21621276504121223,0.7635940710621223,0.18021606
0.7195083708220138,0.7184105611969077,0.3917644407158132,0.5258105359259766,0.45022923889599276,0.40586715044189103,0.48403296
0.18582063346576005,0.6276470941111418,0.39207874032977647,0.39206816152651586,0.3608352550743528,0.3455461159381974,0.15360197
0.306147741538028,0.3980277921156754,0.6224163435695821,0.2929366589676835,0.1816573186531955,0.7435131906260048,0.071162276
0.10625399213693953,0.699070748471592,0.5340710759161281,0.7053865807295192,0.28568145557575897,0.7164542057304804,0.08090909
0.2979212522890031,0.6869969110252997,0.22718551955094313,0.6175966060348473,0.4387161003428643,0.7959282773733183,0.2512754
0.05796269346415173,0.6886316430830052,0.3576624463677521,0.6151095779357468,0.21303575037701108,0.3854718379309065,0.047953695
0.39932815549252515,0.5949768094490967,0.12812683517747214,0.3208039833860349,0.40636951672027594,0.5246822234164075,0.33010557
0.14875352172243933,0.686322137688112,0.4843618254831038,0.7031261926625317,0.3685040114368784,0.8332208070836851,0.12199716
0.7334183098584435,0.7210116930684172,0.4903207388102162,0.6150782041283313,0.4294341618060461,0.19490878968725006,0.41278636
0.673709875938505,0.8944046634757905,0.38151497683257307,0.6232490316076109,0.34629298407249226,0.5220769321648929,0.588694
0.23111266759119947,0.6237195950770263,0.5720412199407489,0.49134141253853986,0.8187116620628886,0.49843245745659337,0.13728616
0.09168218987158813,0.6486655436334186,0.5241007788731629,0.6427310375857842,0.38345684978283334,0.5377828930745882,0.035207387
0.37263104047984896,0.7869906829058113,0.27023312645705927,0.5188498335981059,0.48396056276685484,0.6484147899350566,0.36175415
0.42165100757513796,0.3558391835270982,0.23664559500015736,0.5621334611961122,0.5306523193205934,0.5976790169916207,0.12230432
0.5891165930826576,0.3663785311961745,0.4383553123870313,0.7145728222097613,0.4536049296859078,0.2999960023039241,0.09184402
0.044616458073869214,0.5875352128077258,0.5250780814067775,0.7152370302445497,0.2943654512003806,0.7285957705724423,-0.011042979
0.5487416162957746,0.5649512216784237,0.2776143779179205,0.5691548564205768,0.39969783300296413,0.5298033103803405,0.361583
0.3928771275475737,0.81778711186891,0.2950510264546451,0.6479266309344085,0.40329161773808564,0.734231530873065,0.39728257
0.3642857997767065,0.1615268677767458,0.433666873489143,0.6477163996152406,0.41866238454803895,0.5773208192420991,0.022154946
0.15917593767955154,0.48407630454820144,0.5207271079639079,0.4899060218253358,0.6622818998638971,0.3155065651113467,0.065859094
0.28233411607467623,0.20470971696077922,0.5846113328344285,0.5885237838359283,0.4339892279860449,0.4297513765200031,0.049622342
0.5805839439124914,0.4519490849113631,0.3833344963462955,0.6903561135853769,0.4127521906487891,0.4631454844095188,0.19779857
0.4408388471168195,0.6375206360950578,0.19430255894685372,0.5467237736622592,0.3894048639327651,0.642787565830546,0.36429682
0.270693570383843,0.38695517480023867,0.43188354608253204,0.3786435522289845,0.36090003195170167,0.45401529857728784,0.14177655
0.1840762303515227,0.5994449436218366,0.3433671365816993,0.41992818882150823,0.4466664653599231,0.36675556997725317,0.122618675
0.3818726040485537,0.8474823409145091,0.42419486974741116,0.6227990977066419,0.5692583149330418,0.7952769450937487,0.3573465
0.12818147377039732,0.6957177351680897,0.5438104299484838,0.6855545005897548,0.24677863775819403,0.6385759903200632,0.073598996
0.4087583595795038,0.47595547516821346,0.14720699392123965,0.4765066103751201,0.509857600977911,0.6587279923109506,0.21412298
0.5022130310515632,0.22485692104086663,0.3486203467179335,0.7815619896003148,0.5904360015047874,0.4463421716439854,-0.0016349442
0.5145226732087871,0.5438064511349818,0.6884382557091167,0.2943441787654264,0.3089503473833675,0.7313614429404249,0.14340515
0.1235642194217402,0.7387827231467872,0.5133982011863403,0.620504717198184,0.2942597444450654,0.46538836107343046,0.08707719
0.21960195939641874,0.5575514712909638,0.43479107658480887,0.44764474251153386,0.41998332419765844,0.3502366639497778,0.15017085
0.1342344269291037,0.6790022801149276,0.6636976666217702,0.5937895657033161,0.4245182690067688,0.5120467902691784,0.023023581
0.27030081137713635,0.2243314335052507,0.582899617775448,0.5555023687384658,0.24622054307176647,0.5038467165193972,0.09510185
0.38771078352607363,0.11301862412599106,0.5740722375827901,0.8311734168670744,0.2626080775705476,0.5208303559546166,-0.03689084
0.16895782627147007,0.7714485632916196,0.40611499247204075,0.5235512163594472,0.4636858075369221,0.42917556555649866,0.16059165
0.3073214700889888,0.463863639798325,0.38591954855752947,0.30964370784048556,0.302367065185976,0.6109105107228646,0.15793583
0.7259459609407866,0.8570362173112714,0.3543186890179418,0.6201118274704733,0.32463955355527485,0.40874792160209694,0.62440395
0.19582913779043223,0.823803446661024,0.4618410468780954,0.49435091742907494,0.48896649102783574,0.3523779344014405,0.18020664
0.28732277737843076,0.425306983255365,0.30782707133323733,0.3526995335836941,0.3506119651317765,0.5299945485906647,0.15899858
0.5966121118442798,0.22904495977182737,0.3465333882138588,0.8342222667385728,0.6400513279041657,0.20915053109616888,-0.0527304
0.42085751573539276,0.7000508289316703,0.5617691965499405,0.46949904813070864,0.7272921264288923,0.787235901686195,0.31547928
0.19131691943141646,0.7406282758378362,0.5504602988451881,0.4826034641865982,0.5033493603082078,0.3880052506483421,0.14893262
0.35390358088728235,0.4513875702036988,0.39464041616029205,0.5946402176682621,0.8353312078137385,0.6956650962343551,0.13810025
0.6709514551620125,0.8379257377873995,0.42746080067273506,0.5065872535400529,0.4158636396201943,0.5115598116131468,0.53674877
0.27417349606683283,0.2901007648189045,0.6590898790456079,0.4626228745797146,0.21149213129322944,0.5640696412694652,0.10551222
0.19869560876080855,0.47680737769480797,0.0,0.22961152974114196,0.30952934038434876,0.41844792409268783,0.11339247
0.13478612042589067,0.7494219273244832,0.4841140824772172,0.5925929781305415,0.29237057219911783,0.4362271565893748,0.124646604
0.36258766452341207,0.41077496176961414,0.06930285098756267,0.46514464081529994,0.46462984081930797,0.5807806296825841,0.11996959
0.38719183270087404,0.5385796535571861,0.628034891762284,0.2521034296209602,0.26781401587903647,0.7315836772445008,0.113713786
0.2102228511228203,0.7670662825534307,0.4100456632415775,0.6246125392819971,0.5304395399456424,0.8076524686899845,0.19857574
0.8393392576844647,0.7864914338562385,0.7366387779568707,0.4248150149469449,0.26787599570909293,0.5170568242960533,0.3874148
0.07538818795897068,0.7111898317163432,0.45423025257342325,0.7018923023107393,0.04063735160515353,0.5162424637291887,0.06303616
0.28570937265708474,0.5756164620234351,0.26552866863177327,0.5916053753151028,0.551168206805729,0.7839285950558801,0.1545197
0.146614369721672,0.6417122560295113,0.5623034701805945,0.49445906829751796,0.5575779203964153,0.3238361194107402,0.07150416
0.809618334762248,0.8606306284298741,0.5511926977581745,0.5873856428571196,0.43470004091936265,0.31950867416433393,0.5633711
0.2212834750719925,0.4303216534553329,0.5173084426040445,0.42640087315616404,0.37659229685757056,0.44804771705809465,0.096966356
0.6166343014785245,0.5004555400022204,0.316500338947302,0.6295716039708584,0.5929097477064511,0.4081538992918143,0.2330787
0.4000081860536081,0.32295160735941625,0.12387191513411744,0.5498343002405666,0.524573342378757,0.5832234138109949,0.06565012
0.40046094168277735,0.22207483059466593,0.005170633564153315,0.5693365535390236,0.6031803368146758,0.5335947418161975,-0.032682355
0.2852295687454332,0.3541605786948938,0.7136414408503319,0.20537309960166172,0.39266895376374095,0.7507812403468852,0.010566225
0.3527175385365258,0.22404722788792647,0.7243692747176664,0.4961978308258176,0.047852434201329064,0.8077581054022164,-0.078427255
0.6316705024636515,0.40957099045656015,0.7673101076123748,0.4396314096075873,0.6541635376680048,0.668393781063072,0.11830057
0.19159942100558394,0.6587054151531605,0.20969194595791946,0.43981559521959684,0.42050015494902626,0.4977799981730309,0.16382478
0.1550780826925158,0.6324581892843674,0.6047896092710812,0.5641167681272061,0.6510932700387574,0.32153032258393666,0.1020354
0.37218872553493737,0.485932905633331,0.19375698937161964,0.5214018545354131,0.5257951004770125,0.710017587379715,0.1820459
0.30012192179139824,0.4852900265977741,0.6108852893013642,0.315062475338141,0.43000861397316176,0.5820999605418073,0.10038561
0.6012215769041526,0.49332707518220464,0.4727144921293239,0.6344255606649981,0.6762527877348102,0.5407404306535852,0.25911635
0.12594383215120064,0.5782991135687333,0.39826321306710866,0.5451371427680521,0.5744722032012057,0.33818817796380596,0.06408855
0.6126313570485904,0.5711460393783973,0.30149241351498035,0.5767454932937682,0.4372321881106794,0.45599983386551657,0.3345462
0.14567171752372526,0.773117283426285,0.3467943323548009,0.46484106115174445,0.29602059093317,0.19839861620167287,0.12763159
0.36243021725226676,0.19512872881936721,0.6024308161942433,0.6870421038519857,0.19171463785207943,0.59306931237504,0.001514433
0.45283660986058005,0.2295844066572919,0.42268928384450283,0.7459350679822287,0.3718706294270997,0.544629096343044,0.0053514335
0.8898337798265246,0.988991547928501,0.37200868306180446,0.5987184831297794,0.2675452226151669,0.1476625226625407,0.72716475
0.11830713687795505,0.6308147494990806,0.6139036256043593,0.6071923127890917,0.5463265248189741,0.4372351268968198,0.051769383
0.31590510266352934,0.32137675359420337,0.6685208443797861,0.3906124964649055,0.28305215018217045,0.6139304216735841,0.048184924
0.638893523314675,0.5520637550011417,0.3593127701418281,0.5873009191805455,0.5045623740199437,0.5030319858266117,0.3387785
0.18694247738912304,0.5410797276718136,0.49535055769121156,0.4372171458705453,0.4864488941231681,0.3539784857197159,0.118433654
0.13579027094452023,0.795028389160382,0.3616808936246297,0.6653979603496776,0.19728636806291022,0.620014064913549,0.15897825
0.4343092608934901,0.6538459663282351,0.5210392049053161,0.426835098661579,0.4492810925291984,0.6833006771428801,0.29009205
0.12275409421383737,0.6357657716733764,0.613296819417813,0.5219566046814275,0.7953319745812728,0.3306431900046225,0.04155302
0.3813733957012728,0.3982639350450809,0.3537618582303138,0.5696107934276031,0.3607680921811887,0.49806774923680264,0.14945002
0.2716310426370527,0.32200854332776396,0.5394600722988855,0.362648441992458,0.4020764560281336,0.533145412960224,0.06667254
0.6679880136472164,0.35924721011963645,0.48765613444337086,0.733065015011724,0.6653977309571473,0.34750585533317646,0.13469508
0.22597329142755734,0.7999912450851833,0.4420736967622341,0.7945045351269908,0.183037275057035,0.9420895125075266,0.20078279
0.13801668511918086,0.6140721045251613,0.676997873536108,0.5615309988693017,0.6574026903447951,0.5051077106026417,-0.023384787
0.4164680223978138,0.46835819221634734,0.22933481860829102,0.4498923129122111,0.541018641431805,0.5538137527048244,0.21284327
0.06486250642708363,0.553716838248155,0.7656843685821222,0.6983696513447688,0.5980413165266952,0.562204560559039,-0.068341106
0.5473126722258871,0.60925850497787,0.41145269231880405,0.5982913096145234,0.7091184709777021,0.6451169968632078,0.31897122
0.4391797925321059,0.5203145826734344,0.1803487291862152,0.5170812607791003,0.4770070748959716,0.6108791712279242,0.26260343
0.30451583651429437,0.457474367598859,0.0644187201473061,0.5132750109919942,0.4168204211427893,0.6775510525842225,0.13361217
0.14072713057293193,0.6445267554859656,0.09645996505576548,0.33530861845001403,0.3535990174141159,0.17726182900905985,0.12956537
0.31858905096777307,0.39449117496618025,0.3432508136480241,0.398763746795282,0.3554193792352122,0.5368650270429238,0.16196398
0.3883986003250668,0.05199343109884069,0.599120315424588,0.7939161384817073,0.4673211362231967,0.3616836415094706,-0.022516225
0.41790739240988184,0.664063344459176,0.18555583309035092,0.5561641425964651,0.36801028462784313,0.6687595326221537,0.37296182
0.7550377173110082,0.9548624448690433,0.5263536623463441,0.5956771323648666,0.5315056219250759,0.47643979495453115,0.6411096
0.3588768467293984,0.3834741282895937,0.22524713105995853,0.45135309008563484,0.4421110049139418,0.5168468440655682,0.1556221
0.28346690056997736,0.2164946087750877,0.6646427290016219,0.44536055737603414,0.3855036523705691,0.5286532346227084,0.026869504
0.37652154349202255,0.5414515633729949,0.3412487299745694,0.6515216100630958,0.7375223409935192,0.7002678037458268,0.14783095
0.4788011974824103,0.0887766826856633,0.4211061044590549,1.0,0.42457473862429385,0.38068116108479966,-0.12801637
0.34186397161706283,0.664586415860597,0.30587556089138157,0.4355798453684899,0.448758353395754,0.5502935288421064,0.2915927
0.35627393544065256,0.45418678844861904,0.016614860256786324,0.4573962298414932,0.40925447289680894,0.6399596653386683,0.1810161
0.08407726800743154,0.8284766834307746,0.2673983453083566,0.619487958837307,0.14091196833468694,0.4718690110521722,0.13501196
0.28353688184037507,0.3844557563555391,0.5764647153667497,0.2841839312335509,0.20066644488321586,0.7416159625846768,0.0625778
0.38948319582506385,0.21143317775785714,0.2958677259352217,0.6831083983083466,0.6349790996951106,0.560701400036047,0.0026952736
0.5902853687956396,0.3545289599762047,0.8607327623051826,0.4103062466975579,0.20053299672742708,0.7933820253733622,-0.030723307
