size_D,duration_D,app,har,dba,ifc,source,nlan,telonuse,t01,t02,t03,t04,t05,t06,t07,t08,t09,t10,t11,t12,t13,t14,t15,Generated_Var_1,Generated_Var_5,Generated_Var_6,effort_D
0.143335192414947,0.2,0.0,0.0,0.6979651364831616,0.0,0.0,0.0,0.0,1.0,0.5,0.3333333333333333,0.0,0.5,1.0,0.75,0.6666666666666666,0.3333333333333333,0.3333333333333333,0.0,0.6666666666666666,0.5,1.0,0.5,0.06208967,0.04567933,0.30079597,0.0075898020947219
0.1670384829894032,0.24,1.0,0.619852032890937,0.6979651364831616,1.0,1.0,0.6666666666666666,0.0,0.75,0.5,1.0,0.3333333333333333,0.5,0.6666666666666666,0.75,1.0,0.6666666666666666,1.0,0.6666666666666666,0.6666666666666666,0.75,0.75,1.0,0.769068,0.620732,0.5615006,0.1154790765476699
0.0228667038482989,0.02,1.0,0.619852032890937,0.6979651364831616,1.0,1.0,0.6666666666666666,0.0,0.25,0.5,0.3333333333333333,0.3333333333333333,0.5,0.6666666666666666,0.25,0.0,0.6666666666666666,0.3333333333333333,0.6666666666666666,0.6666666666666666,0.75,0.75,0.75,0.3889384,0.47537956,0.7332968,0.0041514157595347
0.0574456218627997,0.08,0.0,0.619852032890937,0.6979651364831616,1.0,1.0,0.3333333333333333,0.0,0.5,0.5,0.0,0.3333333333333333,0.5,1.0,0.25,0.3333333333333333,0.6666666666666666,1.0,0.6666666666666666,0.3333333333333333,0.25,0.5,0.5,0.2832292,0.5769204,0.82304955,0.0276813867630048
0.2810931399888455,0.24,0.8795232095320975,0.619852032890937,0.6979651364831616,1.0,1.0,0.6666666666666666,0.0,0.25,0.25,0.6666666666666666,0.0,0.25,0.0,0.5,1.0,0.6666666666666666,0.6666666666666666,1.0,0.6666666666666666,0.5,0.25,0.5,0.47850087,0.6197598,0.7891536,0.3278192391183787
0.0934188510875627,0.16,1.0,0.619852032890937,0.6979651364831616,1.0,1.0,0.3333333333333333,0.0,0.5,0.5,0.3333333333333333,0.6666666666666666,0.5,0.6666666666666666,0.75,0.3333333333333333,0.6666666666666666,0.6666666666666666,0.3333333333333333,0.6666666666666666,1.0,0.75,0.75,0.51399624,0.4980816,0.6703253,0.0576920029788784
0.0828220858895705,0.16,1.0,1.0,0.6979651364831616,1.0,1.0,1.0,1.0,0.25,0.5,0.3333333333333333,0.3333333333333333,0.5,0.6666666666666666,0.25,0.0,0.6666666666666666,0.6666666666666666,0.6666666666666666,0.6666666666666666,0.75,1.0,0.75,0.64643157,0.6273372,0.76451933,0.035540555529147
0.0448968209704406,0.46,1.0,0.619852032890937,0.6979651364831616,1.0,1.0,0.3333333333333333,0.0,0.75,0.5,1.0,0.6666666666666666,0.5,0.3333333333333333,0.5,1.0,1.0,1.0,0.3333333333333333,0.6666666666666666,0.75,0.25,0.5,0.6586972,0.5123589,0.5576435,0.1067484273739918
0.0886781929726715,0.4,1.0,0.619852032890937,0.6979651364831616,1.0,1.0,0.0,0.0,0.25,0.5,0.3333333333333333,0.0,0.25,0.3333333333333333,0.75,1.0,0.6666666666666666,0.3333333333333333,0.3333333333333333,0.3333333333333333,0.5,0.25,0.5,0.31523633,0.4273843,0.6261416,0.1353488298394891
0.3159509202453988,1.0,1.0,0.8249376887731341,1.0,1.0,0.0,0.3333333333333333,0.0,0.75,0.5,0.3333333333333333,0.0,0.0,0.3333333333333333,0.75,1.0,0.3333333333333333,0.0,0.0,0.0,0.5,0.75,0.25,0.4501459,0.13312723,0.2440765,0.1793189776742564
0.0370886781929726,0.18,0.0,0.619852032890937,0.6979651364831616,1.0,1.0,0.3333333333333333,0.0,0.25,0.5,0.0,0.3333333333333333,0.5,0.6666666666666666,0.25,1.0,0.3333333333333333,0.6666666666666666,0.0,0.3333333333333333,0.25,0.5,0.5,0.15489805,0.38172084,0.70666087,0.0588962304511099
0.1926938092582264,0.34,1.0,0.0991880356339056,0.6979651364831616,1.0,0.0,0.0,0.0,1.0,0.5,0.6666666666666666,0.0,0.5,0.0,0.5,0.3333333333333333,0.3333333333333333,0.0,0.0,0.0,0.0,0.0,0.25,0.22269242,0.0,0.24533397,0.0565194657032846
0.0167317345231455,0.06,0.8795232095320975,0.0,0.6979651364831616,1.0,1.0,0.3333333333333333,0.0,0.25,0.25,0.0,0.6666666666666666,0.5,0.6666666666666666,0.0,0.6666666666666666,0.6666666666666666,0.3333333333333333,0.6666666666666666,0.6666666666666666,0.0,1.0,0.0,0.1884094,0.39445573,0.7462459,0.0050228961670707
0.0,0.12,0.8795232095320975,0.0991880356339056,0.6979651364831616,1.0,1.0,0.6666666666666666,0.0,0.25,0.5,0.3333333333333333,0.6666666666666666,0.25,0.3333333333333333,0.25,0.6666666666666666,0.6666666666666666,0.3333333333333333,1.0,0.3333333333333333,0.5,0.75,0.25,0.27623433,0.59428334,0.9466822,0.0
0.0560513106525376,0.3,0.0,0.619852032890937,0.6979651364831616,1.0,1.0,0.3333333333333333,0.0,0.25,0.5,0.0,0.6666666666666666,0.5,0.6666666666666666,0.5,1.0,0.6666666666666666,0.3333333333333333,0.3333333333333333,0.6666666666666666,0.25,0.75,0.5,0.27436438,0.5225651,0.7482587,0.0314049848679311
0.0900725041829336,0.14,1.0,0.619852032890937,0.6979651364831616,1.0,1.0,0.3333333333333333,0.0,0.5,0.75,0.3333333333333333,0.3333333333333333,0.5,0.6666666666666666,0.5,0.3333333333333333,1.0,1.0,0.0,0.6666666666666666,0.5,0.5,0.5,0.46411848,0.40149128,0.5816669,0.0548874205764446
0.0454545454545454,0.18,1.0,0.619852032890937,0.6979651364831616,1.0,1.0,0.0,0.0,0.25,0.5,0.0,0.6666666666666666,0.5,0.6666666666666666,0.75,0.6666666666666666,0.6666666666666666,0.3333333333333333,0.0,0.6666666666666666,0.5,0.5,0.5,0.31198743,0.34200227,0.44580287,0.0148468571247484
0.5022308979364194,0.56,1.0,0.619852032890937,0.6979651364831616,1.0,1.0,1.0,1.0,0.75,0.0,0.3333333333333333,0.3333333333333333,0.5,1.0,0.75,1.0,0.6666666666666666,0.6666666666666666,0.6666666666666666,0.6666666666666666,0.5,0.5,0.75,0.81780595,0.689258,0.5978037,0.4013088051211357
0.6787506971556051,0.68,1.0,0.619852032890937,0.6979651364831616,1.0,1.0,1.0,1.0,0.75,0.5,0.6666666666666666,0.3333333333333333,0.75,1.0,1.0,0.6666666666666666,1.0,0.6666666666666666,1.0,1.0,0.5,0.0,0.75,1.0,0.85792595,0.677015,0.5815626435962035
0.1076408254322364,0.72,0.8795232095320975,1.0,0.6979651364831616,1.0,1.0,1.0,0.0,0.5,0.25,0.3333333333333333,0.3333333333333333,0.5,0.3333333333333333,0.75,1.0,0.6666666666666666,0.6666666666666666,0.6666666666666666,0.6666666666666666,0.75,0.25,0.5,0.57715863,0.57381904,0.716359,0.2292627275752246
0.0680423870607919,0.5,1.0,0.619852032890937,0.6979651364831616,1.0,1.0,0.6666666666666666,0.0,0.75,0.5,0.6666666666666666,0.6666666666666666,0.75,0.3333333333333333,0.5,0.6666666666666666,1.0,1.0,0.3333333333333333,0.6666666666666666,0.75,0.25,0.5,0.6629775,0.5286389,0.61224115,0.1656763480217394
0.8103736754043502,0.2,0.8795232095320975,1.0,0.6979651364831616,1.0,1.0,1.0,0.0,0.75,0.75,0.0,0.3333333333333333,0.5,0.6666666666666666,0.75,0.3333333333333333,0.6666666666666666,0.6666666666666666,1.0,0.3333333333333333,0.25,0.5,0.5,0.62754256,0.80555946,1.0,0.2838966265785679
0.071388733965421,0.2,1.0,1.0,0.6979651364831616,1.0,1.0,0.0,0.0,0.75,0.5,0.0,0.6666666666666666,0.5,0.6666666666666666,0.75,0.6666666666666666,1.0,0.6666666666666666,0.3333333333333333,0.6666666666666666,0.25,0.75,0.5,0.51706123,0.4749372,0.560164,0.1392150338292849
0.0850529838259899,0.48,1.0,0.0991880356339056,0.6979651364831616,1.0,0.0,0.0,0.0,0.75,0.5,0.0,0.3333333333333333,0.25,0.6666666666666666,0.25,0.6666666666666666,0.6666666666666666,0.6666666666666666,0.0,0.0,0.5,0.5,0.5,0.2781007,0.13295144,0.04338094,0.1045934940026302
0.1447295036252091,0.24,1.0,0.619852032890937,0.6979651364831616,1.0,1.0,1.0,1.0,0.25,0.25,0.0,0.6666666666666666,0.5,0.6666666666666666,0.75,0.6666666666666666,1.0,1.0,1.0,0.6666666666666666,0.25,0.25,0.75,0.69919866,0.73479736,0.6935868,0.1562960498169891
0.1168432794199665,0.18,1.0,0.619852032890937,0.6979651364831616,1.0,1.0,0.6666666666666666,1.0,0.75,0.5,0.6666666666666666,0.3333333333333333,0.5,0.6666666666666666,0.5,0.3333333333333333,0.6666666666666666,0.6666666666666666,0.3333333333333333,0.3333333333333333,0.25,0.5,0.5,0.6205216,0.50380087,0.6142493,0.071572309106178
0.9258226436140546,0.82,1.0,0.619852032890937,0.6979651364831616,1.0,1.0,0.6666666666666666,0.0,0.75,0.5,0.3333333333333333,0.6666666666666666,0.5,0.6666666666666666,0.75,1.0,0.6666666666666666,0.6666666666666666,0.6666666666666666,0.6666666666666666,0.75,0.25,0.75,0.8074575,0.8672362,0.87028563,1.0
0.0571667596207473,0.0,0.8795232095320975,0.619852032890937,0.6979651364831616,1.0,1.0,0.3333333333333333,1.0,0.5,0.5,0.3333333333333333,0.6666666666666666,0.5,1.0,0.25,0.6666666666666666,0.6666666666666666,0.3333333333333333,0.0,0.6666666666666666,0.75,0.25,0.75,0.42250317,0.4079333,0.5258151,0.0169225650045158
0.041271611823759,0.12,0.2389808690832257,1.0,0.6979651364831616,1.0,1.0,0.6666666666666666,1.0,0.0,0.75,0.0,0.3333333333333333,0.5,1.0,0.25,0.3333333333333333,0.0,0.3333333333333333,0.0,0.6666666666666666,0.25,0.75,0.5,0.22742985,0.47115552,0.74690384,0.01373770024243
0.0382041271611823,0.16,0.0,0.619852032890937,0.6979651364831616,1.0,1.0,1.0,0.0,0.5,0.75,0.0,0.3333333333333333,0.5,1.0,0.5,1.0,0.3333333333333333,0.3333333333333333,0.3333333333333333,0.6666666666666666,0.75,1.0,0.5,0.24432924,0.578356,0.8971334,0.0184120042464863
0.0945343000557724,0.04,0.8795232095320975,0.619852032890937,0.6979651364831616,1.0,1.0,0.3333333333333333,0.0,0.25,0.75,0.3333333333333333,0.0,0.25,0.3333333333333333,0.5,0.6666666666666666,1.0,0.6666666666666666,0.6666666666666666,0.6666666666666666,0.5,0.5,0.75,0.3918219,0.54374945,0.75543433,0.0192517944573846
0.1065253764640267,0.48,0.3801766679984392,0.619852032890937,0.6979651364831616,1.0,1.0,0.3333333333333333,0.0,0.0,0.5,0.3333333333333333,0.3333333333333333,0.5,0.3333333333333333,0.75,1.0,0.3333333333333333,0.0,0.3333333333333333,0.3333333333333333,0.5,0.75,0.5,0.2919816,0.4834304,0.67964154,0.0376162634089144
0.0435025097601784,0.04,1.0,0.619852032890937,0.6979651364831616,1.0,1.0,0.3333333333333333,0.0,0.5,0.75,0.0,0.3333333333333333,0.5,0.6666666666666666,0.5,0.6666666666666666,0.3333333333333333,0.6666666666666666,0.0,0.6666666666666666,0.5,0.5,0.5,0.26610103,0.3109657,0.5654582,0.0060211373611573
0.0064138315672058,0.04,1.0,0.619852032890937,0.6979651364831616,1.0,1.0,0.0,0.0,0.5,0.5,0.3333333333333333,0.6666666666666666,0.5,0.6666666666666666,0.25,0.3333333333333333,0.6666666666666666,0.0,0.3333333333333333,0.6666666666666666,0.25,0.75,0.5,0.30708113,0.328378,0.5699612,0.0102993139072427
0.2208588957055214,0.04,0.0,1.0,0.6979651364831616,0.0,0.0,0.6666666666666666,0.0,0.75,0.25,0.6666666666666666,0.3333333333333333,1.0,0.6666666666666666,0.75,1.0,1.0,0.6666666666666666,0.3333333333333333,1.0,0.75,0.75,1.0,0.4101015,0.22844839,0.76827145,0.0421004262331447
0.4461795872838817,0.14,1.0,1.0,0.6979651364831616,0.0,0.0,1.0,0.0,0.75,0.25,0.6666666666666666,0.3333333333333333,1.0,0.6666666666666666,1.0,0.3333333333333333,1.0,1.0,0.6666666666666666,1.0,0.5,0.75,1.0,0.68694544,0.23918252,0.4812427,0.1492132908684698
0.2752370329057446,0.08,1.0,1.0,0.6979651364831616,0.0,0.0,1.0,0.0,0.75,0.25,0.6666666666666666,0.3333333333333333,1.0,0.6666666666666666,1.0,0.3333333333333333,1.0,1.0,0.6666666666666666,1.0,0.5,0.75,1.0,0.6452099,0.20635992,0.46125835,0.0985089762481976
0.139431121026213,0.36,0.8795232095320975,0.619852032890937,0.6979651364831616,1.0,1.0,0.0,0.0,0.5,0.5,0.6666666666666666,0.0,0.5,0.3333333333333333,0.5,0.6666666666666666,0.3333333333333333,0.3333333333333333,0.3333333333333333,0.6666666666666666,0.75,0.5,0.5,0.3790648,0.3346682,0.5447608,0.0517659362076341
0.5593976575571667,0.54,0.8795232095320975,1.0,0.6979651364831616,1.0,1.0,0.6666666666666666,1.0,0.75,0.5,0.6666666666666666,0.6666666666666666,0.75,0.6666666666666666,0.5,0.6666666666666666,0.6666666666666666,0.6666666666666666,1.0,1.0,0.75,0.5,0.75,0.9152083,0.84219426,0.8259624,0.2125936841438101
0.0708310094813162,0.44,0.3801766679984392,0.619852032890937,0.6979651364831616,1.0,1.0,0.3333333333333333,0.0,0.25,0.5,0.0,0.6666666666666666,0.5,0.6666666666666666,0.5,0.6666666666666666,0.3333333333333333,0.3333333333333333,0.3333333333333333,0.3333333333333333,0.25,0.75,0.5,0.30366135,0.46720916,0.6481024,0.0824578916512177
0.3134411600669269,0.36,0.8795232095320975,1.0,0.6979651364831616,1.0,1.0,0.6666666666666666,1.0,0.75,0.25,0.0,0.3333333333333333,0.75,1.0,0.75,0.0,0.6666666666666666,0.0,0.6666666666666666,0.3333333333333333,0.75,0.5,0.75,0.6342603,0.57591677,0.6028929,0.1444597613728193
0.0571667596207473,0.06,0.0,0.0991880356339056,0.6979651364831616,0.0,1.0,0.0,0.0,0.5,0.5,0.3333333333333333,0.0,0.25,0.6666666666666666,0.5,0.3333333333333333,0.6666666666666666,0.3333333333333333,0.3333333333333333,0.6666666666666666,0.75,0.75,0.5,0.0,0.34576118,0.8573872,0.0081919158308377
0.0499163413273842,0.2,1.0,0.619852032890937,0.6979651364831616,1.0,1.0,0.3333333333333333,0.0,0.5,0.75,0.0,0.6666666666666666,0.5,0.6666666666666666,0.5,0.3333333333333333,1.0,1.0,0.3333333333333333,0.3333333333333333,0.25,0.5,0.5,0.4609816,0.5109941,0.6442977,0.0791462661025811
0.0030674846625766,0.04,1.0,0.619852032890937,0.6979651364831616,1.0,1.0,0.6666666666666666,0.0,0.75,0.5,0.3333333333333333,0.3333333333333333,0.5,0.6666666666666666,0.25,0.3333333333333333,0.6666666666666666,0.3333333333333333,0.3333333333333333,0.6666666666666666,0.5,0.5,0.5,0.3482237,0.35540453,0.6114618,0.0075581118980843
0.0699944227551589,0.04,0.0,0.619852032890937,0.6979651364831616,1.0,1.0,1.0,1.0,0.5,0.5,0.6666666666666666,0.6666666666666666,0.75,1.0,0.5,0.6666666666666666,0.6666666666666666,0.3333333333333333,1.0,0.6666666666666666,0.5,0.25,0.5,0.52090585,0.77985686,0.9693175,0.0744085817052494
0.1042944785276073,0.22,0.8795232095320975,0.619852032890937,0.6979651364831616,1.0,1.0,0.0,0.0,0.5,0.5,0.3333333333333333,0.6666666666666666,0.5,0.6666666666666666,0.5,0.3333333333333333,1.0,0.3333333333333333,0.6666666666666666,0.6666666666666666,0.5,0.25,0.75,0.45275265,0.50462675,0.66672945,0.1193769707341034
0.2816508644729503,0.1,1.0,0.0991880356339056,0.6979651364831616,1.0,0.0,0.6666666666666666,0.0,0.75,0.75,0.3333333333333333,1.0,0.75,1.0,1.0,0.3333333333333333,0.6666666666666666,0.6666666666666666,0.3333333333333333,1.0,0.25,0.75,0.75,0.62975293,0.27771306,0.0,0.1287731140371726
0.0047406581148912,0.1,0.0,0.0991880356339056,0.0,1.0,1.0,0.6666666666666666,0.0,0.75,0.25,0.0,0.3333333333333333,0.5,0.3333333333333333,0.75,0.6666666666666666,0.6666666666666666,0.6666666666666666,0.3333333333333333,0.6666666666666666,0.75,1.0,0.5,0.2121153,0.561846,0.9797391,0.0033750059419118
0.0953708867819297,0.44,0.8795232095320975,1.0,0.6979651364831616,1.0,1.0,0.6666666666666666,0.0,1.0,1.0,0.3333333333333333,0.3333333333333333,0.25,0.6666666666666666,0.75,1.0,1.0,0.6666666666666666,0.6666666666666666,0.6666666666666666,0.5,0.75,0.75,0.6330771,0.71208155,0.73581314,0.1654228264486381
0.0404350250976017,0.18,1.0,0.619852032890937,0.6979651364831616,1.0,1.0,0.3333333333333333,0.0,0.75,0.75,0.0,0.3333333333333333,0.75,0.6666666666666666,0.25,0.0,0.3333333333333333,0.3333333333333333,0.3333333333333333,0.3333333333333333,0.25,0.75,0.75,0.36073014,0.33632803,0.55453056,0.0185704552296747
0.4121583937534858,0.48,0.0,0.619852032890937,0.6979651364831616,1.0,1.0,1.0,1.0,0.75,0.5,0.0,0.3333333333333333,0.5,0.6666666666666666,0.5,0.3333333333333333,0.6666666666666666,0.3333333333333333,0.6666666666666666,0.6666666666666666,0.75,0.5,0.5,0.51207286,0.7260145,0.9877644,0.0847395858091299
0.1469604015616285,0.18,0.8795232095320975,1.0,0.6979651364831616,1.0,1.0,0.3333333333333333,1.0,0.25,0.5,0.3333333333333333,0.3333333333333333,0.5,0.6666666666666666,0.75,0.0,0.6666666666666666,0.3333333333333333,0.6666666666666666,0.6666666666666666,0.25,0.5,0.5,0.55858135,0.529309,0.6199751,0.0613680657888482
0.1285554935861684,0.18,1.0,0.619852032890937,0.6979651364831616,1.0,1.0,0.0,0.0,0.25,0.5,0.3333333333333333,0.6666666666666666,0.5,0.6666666666666666,0.5,0.6666666666666666,0.6666666666666666,0.3333333333333333,0.0,0.6666666666666666,0.75,0.25,0.5,0.31798324,0.34012792,0.5177736,0.0478046616279254
0.1491912994980479,0.16,0.3801766679984392,0.619852032890937,0.6979651364831616,1.0,1.0,0.6666666666666666,0.0,0.0,0.75,0.6666666666666666,0.0,0.5,0.6666666666666666,0.25,0.3333333333333333,0.0,0.0,0.0,0.6666666666666666,1.0,0.5,0.5,0.15708338,0.34996742,0.78827643,0.0629684207190505
0.0744562186279977,0.2,0.8795232095320975,0.619852032890937,0.6979651364831616,1.0,1.0,0.3333333333333333,0.0,0.75,0.5,1.0,0.3333333333333333,0.5,0.6666666666666666,0.75,1.0,0.6666666666666666,0.3333333333333333,0.3333333333333333,0.6666666666666666,0.5,0.5,0.5,0.52284163,0.4410726,0.556268,0.1294386081665636
0.0250976017847183,0.16,0.8795232095320975,0.619852032890937,0.6979651364831616,1.0,1.0,0.3333333333333333,0.0,0.5,0.75,1.0,0.3333333333333333,0.5,0.6666666666666666,0.5,0.3333333333333333,0.6666666666666666,0.6666666666666666,0.0,0.6666666666666666,0.75,0.5,0.5,0.481052,0.37332737,0.5400184,0.0452694458969117
0.058282208588957,0.1,1.0,1.0,0.6979651364831616,1.0,1.0,0.6666666666666666,0.0,0.5,0.75,0.3333333333333333,0.3333333333333333,0.5,0.6666666666666666,0.5,0.6666666666666666,0.6666666666666666,0.6666666666666666,0.6666666666666666,0.6666666666666666,0.75,0.75,0.5,0.47567624,0.5740301,0.79237425,0.0221514474497314
0.1045733407696598,0.52,1.0,0.619852032890937,0.6979651364831616,1.0,1.0,0.0,0.0,0.25,0.5,0.3333333333333333,0.0,0.25,0.3333333333333333,0.75,1.0,0.6666666666666666,0.3333333333333333,0.3333333333333333,0.6666666666666666,0.75,0.25,0.5,0.3426362,0.4405387,0.63863426,0.2078401546481595
0.1246514221974344,0.32,0.3801766679984392,0.0991880356339056,0.6979651364831616,1.0,0.0,0.6666666666666666,0.0,0.75,0.25,0.6666666666666666,0.3333333333333333,0.5,0.6666666666666666,0.5,0.3333333333333333,1.0,0.3333333333333333,0.3333333333333333,0.6666666666666666,0.5,0.75,0.75,0.4870365,0.2080376,0.20843332,0.1033417312354423
0.1600669269380925,0.24,0.8795232095320975,1.0,0.6979651364831616,1.0,1.0,1.0,1.0,0.25,0.5,0.3333333333333333,0.6666666666666666,0.5,0.6666666666666666,0.5,0.6666666666666666,0.6666666666666666,0.3333333333333333,0.6666666666666666,0.3333333333333333,0.25,0.75,0.5,0.5955035,0.6781365,0.80815256,0.0987624978212989
0.0435025097601784,0.16,0.0,0.619852032890937,0.6979651364831616,1.0,1.0,0.3333333333333333,1.0,0.5,0.5,0.3333333333333333,0.3333333333333333,0.5,1.0,0.75,1.0,1.0,1.0,1.0,0.6666666666666666,0.5,0.25,0.5,0.55278295,0.8127441,0.76039046,0.0639666619131371
0.158393753485778,0.22,0.8795232095320975,1.0,0.6979651364831616,1.0,1.0,1.0,1.0,0.25,0.5,0.0,0.3333333333333333,0.5,0.3333333333333333,0.5,1.0,1.0,0.6666666666666666,1.0,1.0,0.0,1.0,0.75,0.6890054,0.7514584,0.790117,0.1088241352537592
1.0,0.58,0.8795232095320975,1.0,0.6979651364831616,1.0,1.0,0.6666666666666666,0.0,0.25,0.75,0.3333333333333333,0.3333333333333333,0.5,0.6666666666666666,0.75,0.3333333333333333,1.0,1.0,1.0,0.6666666666666666,0.75,1.0,0.75,0.904682,1.0,0.9993485,0.6163109442094088
