duration_D,app,har,source,t08,t11,Generated_Var_4,Generated_Var_6,Generated_Var_9,effort_D
0.35677838,0.75006837,0.76069283,1.4461219,0.22800936,0.6367423,0.47008517,0.53389883,0.0058381124,0.19552216
0.49322543,1.3660105,1.3798131,3.1755006,0.59245014,0.936934,0.61196,0.7149448,-0.116161756,0.2915679
0.3582517,0.7857788,0.8214851,1.6414391,0.27392435,0.740047,0.5163251,0.62117827,-0.06944795,0.22525832
0.4338777,0.8070364,0.8493212,1.6215708,0.26115832,0.9995963,0.80572,0.79856664,-0.06495313,0.32860538
0.10786058,0.4386444,0.63117564,1.0602331,0.09188237,0.42546043,0.24303173,0.32660758,0.2871059,0.013818743
0.09469116,0.37672037,0.5488219,0.85310924,0.005856878,0.40251142,0.24004239,0.29546297,0.3159304,-0.005504026
0.2882971,0.69447887,0.69116384,1.2692839,0.24504712,0.41507155,0.28698042,0.3927827,0.121870264,0.11094854
0.41148788,0.8854723,0.9209265,1.8931258,0.32629544,0.896544,0.67090267,0.72580343,-0.14557464,0.3091053
-0.032604814,0.27541158,0.64377314,0.93375856,-0.05194531,0.52099115,0.286887,0.33329016,0.51627684,-0.081950895
0.48192915,0.9314042,0.9268524,1.9130563,0.31129152,0.95899016,0.7503832,0.7898508,-0.16764507,0.35597295
0.40465966,1.0724062,1.0509061,2.2582705,0.44111368,0.69944143,0.48256683,0.5658885,-0.04370799,0.23146689
0.22613472,0.51198053,0.6823562,1.1591905,0.032026686,0.780378,0.57673764,0.56198925,0.08481255,0.16238159
0.06579648,0.39205402,0.8427539,1.1081496,-0.3609759,1.0377473,0.7426634,0.58430296,0.49291056,0.018934175
0.28454188,0.79751784,0.88581973,1.7687165,0.29920256,0.5589511,0.34591135,0.45116568,0.030742446,0.12792258
0.034140095,0.32857448,0.5526933,0.80190265,-0.09151051,0.42293206,0.23637725,0.2616492,0.47471878,-0.07906508
0.022961354,0.31796977,0.5687698,0.86547273,-0.024132501,0.36352143,0.18302605,0.2383444,0.46740505,-0.064043805
0.24069917,0.5380635,0.82421875,1.3644822,-0.0410268,1.0515687,0.7855626,0.7197944,0.17133194,0.21035436
0.37156785,0.8694403,0.9310343,1.9537452,0.35345733,0.8578807,0.61096853,0.7017267,-0.13130362,0.27160212
0.2856172,0.6748579,0.7191329,1.2441828,0.023619153,0.7774128,0.6014893,0.59414977,0.094519846,0.15463953
0.26884365,0.657568,0.8025489,1.5099249,0.24899763,0.648239,0.43481013,0.52866495,0.046166178,0.15889204
0.23291811,0.62263864,0.65444326,1.1988363,0.20547548,0.39866713,0.26280975,0.37074736,0.16251233,0.091653176
0.43291655,0.80190367,0.8493301,1.6912005,0.281517,0.91286427,0.70664084,0.7474854,-0.11662516,0.31870183
0.28492707,0.60237235,0.73923844,1.2612714,0.0117954435,0.88353497,0.65687156,0.6326494,0.13726199,0.19140181
-0.025335493,0.2685516,0.5669873,0.80663925,-0.088671036,0.41522112,0.21489559,0.24449505,0.48473713,-0.09193068
0.21588685,0.591276,0.6595657,1.1806389,0.1704649,0.4212016,0.28156108,0.36774698,0.18117575,0.065713026
-0.13604413,0.18709591,0.64694667,0.78623897,-0.24638788,0.42034328,0.22812186,0.13753346,0.83239233,-0.22858784
0.14751118,0.5183425,0.76735306,1.3853371,0.20070523,0.5440516,0.32458672,0.41997936,0.16933116,0.051961713
0.2702846,0.69968164,0.8534525,1.6438155,0.28996006,0.6297315,0.4035997,0.5378,0.03574466,0.13960399
0.088385575,0.36036706,0.6091256,0.9716848,0.019196346,0.51744694,0.3299188,0.37687904,0.2659606,0.02820036
0.30750912,0.8102912,0.8806454,1.8204757,0.33094072,0.63474596,0.4142025,0.53256387,-0.014556416,0.1806631
0.24858123,0.5924362,0.7167785,1.187167,-0.038552485,0.7959098,0.5874774,0.5777328,0.17234448,0.13407455
0.31181625,0.71151763,0.79005873,1.528431,0.27827325,0.6182652,0.4174242,0.5310327,-0.0038238014,0.1703355
0.29469827,0.71784043,0.7825078,1.5529015,0.2812503,0.58959883,0.38876146,0.5137799,-0.015638556,0.16631491
0.026167577,0.49265066,0.7372938,1.3321087,0.076384395,0.3448127,0.14654718,0.16965947,0.6559879,-0.11989529
0.2660532,0.64697325,0.68163675,1.2864386,0.19439442,0.48415342,0.32213908,0.42662838,0.08759688,0.13091178
-0.013138343,0.27238157,0.53880924,0.7114288,-0.15813014,0.41552573,0.23874217,0.21657367,0.5381911,-0.107764915
0.010993516,0.28518507,0.60285735,0.9024976,-0.027733333,0.48855382,0.29203936,0.3103411,0.30869403,-0.022967003
-0.09853767,0.2109857,0.72805816,1.0164843,-0.16118829,0.7098429,0.45335478,0.39135468,0.455599,-0.060045928
0.10713306,0.37485605,0.56793016,0.87039536,-0.037052695,0.49932766,0.31785947,0.35095194,0.29122534,0.0066522444
0.11539343,0.39205062,0.5732768,0.89357966,0.020492233,0.4505096,0.2797431,0.3329556,0.28311196,0.012235506
0.09725923,0.36476177,0.71906036,0.97706294,-0.16635264,0.8417016,0.594972,0.5087085,0.33813244,0.04369744
0.12876724,0.40486726,0.56612194,0.89477295,0.0049267486,0.45367238,0.2965824,0.33862478,0.25402468,0.031570867
0.03831762,0.37902263,0.57399386,0.8389266,-0.1388971,0.5793154,0.40362448,0.35333532,0.33327484,-0.0013403436
0.14275147,0.39184245,0.66561264,0.96942,-0.07763861,0.75127983,0.50328285,0.48225152,0.29392672,0.07846833
0.18283,0.4894158,0.6059145,1.0885592,0.07732835,0.52886504,0.36720493,0.43154526,0.09459909,0.11097749
0.26732007,0.6730399,0.7421142,1.4022952,0.23767759,0.5039631,0.32725564,0.42990625,0.0662286,0.13097252
0.26820862,0.6774896,0.90283763,1.7496301,0.3042079,0.7397564,0.47134987,0.62048364,0.015385128,0.1601106
0.13947299,0.42981687,0.59841007,0.979246,0.04176487,0.50708896,0.3188709,0.3693714,0.2718477,0.024984738
0.22384205,0.6049846,0.6827871,1.2343807,0.18299592,0.47531027,0.32388452,0.38630027,0.13384634,0.088041656
0.5744702,1.3695596,1.3736595,3.0322165,0.59717774,1.0310377,0.7452363,0.83861774,-0.20652235,0.36774567
0.26093435,0.6569343,0.7128063,1.2983898,0.2211657,0.4686845,0.32267284,0.41081074,0.10569653,0.113973446
0.16689974,0.51976216,0.6158463,1.0716572,0.13004516,0.39841387,0.24406382,0.33622018,0.22860652,0.048235252
0.25384438,0.57509,0.6552293,1.131681,0.15334441,0.55375195,0.3801012,0.46182,0.092130005,0.12147047
0.23751473,0.58846635,0.73348427,1.3467584,0.22312753,0.568245,0.37154558,0.47824928,0.07041776,0.11566722
0.07895922,0.3736606,0.55650884,0.8189687,-0.066071935,0.42351606,0.25193638,0.27465683,0.47714448,-0.05944542
0.38901812,0.8686411,1.0739918,2.225809,0.35265768,1.0457114,0.71154755,0.85945743,-0.1414659,0.3132069
0.21608354,0.5900711,0.65000975,1.1834453,0.151562,0.44575393,0.30403948,0.390406,0.13628429,0.072629996
-0.050661795,0.2622674,0.62851703,0.8662686,-0.13168117,0.5576946,0.33751738,0.33511847,0.4821863,-0.07465067
0.37002844,0.8562756,0.97421646,2.0189373,0.31314972,0.9478229,0.657775,0.7695033,-0.11770423,0.27302915
0.38650137,0.7192586,0.7565616,1.4176576,0.17649738,0.8706869,0.6827785,0.6959854,-0.024290107,0.27273405
0.35135153,0.7068441,0.77824044,1.4049048,0.10593143,0.8938037,0.6736849,0.69531614,0.030590326,0.2461665
0.51708835,1.2278991,1.316275,2.9322503,0.595681,1.0683757,0.7729978,0.8713082,-0.25414166,0.35116425
0.17889372,0.59560907,0.63654,1.2051736,0.11282992,0.28388396,0.16265343,0.2032063,0.34812576,-0.00097046327
0.34074524,0.7047044,0.7284369,1.3761706,0.2233192,0.6927759,0.5156867,0.57071567,-0.04707475,0.21917523
0.17877993,0.49512818,0.6993218,1.1811007,-0.027611323,0.7785513,0.57794106,0.53839517,0.083533034,0.12987773
0.072714925,0.35329697,0.6905471,0.9445251,-0.1811132,0.7854689,0.56957066,0.46864766,0.3107348,0.019737184
0.08428931,0.44894007,0.60478055,0.90503174,-0.10773884,0.49738076,0.33241898,0.28923967,0.45405266,-0.05104301
0.2820496,0.65076834,0.78563327,1.4799212,0.23148318,0.6516797,0.42336866,0.52993226,0.023440622,0.14597616
0.09396113,0.4858161,0.6247048,0.90420544,-0.07279766,0.38910565,0.24008223,0.23329154,0.803849,-0.116565384
0.085269704,0.37952232,0.6202584,0.84373975,-0.15496689,0.64659894,0.44227257,0.39489046,0.37715366,-0.0010762131
0.19244862,0.5901445,0.66061366,1.2216653,0.17055094,0.37951356,0.2340704,0.3140682,0.16478874,0.058340054
0.12261279,0.563112,0.74323666,1.4295915,0.17852385,0.46708992,0.2507565,0.35656884,0.1976241,0.028826496
0.4280146,0.79017365,0.86060184,1.7124342,0.28261063,0.9749462,0.77476573,0.7711793,-0.11281614,0.3442824
-0.008379506,0.40609142,0.69690984,1.2267326,-0.028807577,0.41714603,0.19633572,0.21701176,0.44383666,-0.09463685
0.31879923,0.77994627,0.81745267,1.7062938,0.24257962,0.70409995,0.48120087,0.5960686,-0.120052144,0.20746686
0.3865937,0.84897435,0.7795755,1.5593362,0.3014772,0.6147461,0.4642469,0.5271191,-0.026205577,0.20774087
0.06494147,0.37649179,0.5997583,0.9150081,-0.0438696,0.53215903,0.33612514,0.37266442,0.38258773,-0.006333689
0.08032734,0.35036653,0.55329645,0.82468265,-0.02117766,0.42839855,0.2515881,0.2988826,0.36076364,-0.020401489
0.23061392,0.57965106,0.6775013,1.217338,0.1872144,0.4941715,0.33592445,0.42182198,0.092989475,0.09959209
0.24226588,0.62224543,0.7596511,1.4324081,0.20266542,0.6110774,0.40542173,0.50809324,0.032535207,0.1254121
0.28508106,0.69464195,0.6634457,1.2050556,0.18548064,0.44908443,0.33685797,0.41003278,0.12587021,0.106374696
0.36959922,0.7755845,0.82027805,1.572974,0.267648,0.77660143,0.5524602,0.62376076,-0.07326466,0.24252403
0.34139958,0.6940688,0.7790704,1.3557335,0.055055253,0.9244731,0.7208127,0.70168096,0.092347905,0.23276609
0.2383498,0.6502998,0.66274554,1.1628863,0.1323755,0.4710187,0.32912648,0.38063464,0.16196191,0.08741599
0.31759307,0.6628802,0.6965889,1.2532247,0.18484339,0.57490945,0.4121922,0.49241742,0.060296938,0.15143612
0.024635756,0.2890779,0.5315871,0.75543416,-0.086815484,0.37775937,0.20453626,0.22032097,0.45342413,-0.076142706
0.41632652,1.0171939,0.9928675,2.1330266,0.4231063,0.6576227,0.45023024,0.5427783,-0.09060546,0.21466646
0.31980753,0.6398657,0.8194545,1.4392225,-0.018381272,1.0132731,0.7475894,0.7271591,0.12648174,0.22094734
0.24500611,0.63109636,0.8570141,1.6215959,0.3073839,0.6634319,0.4150369,0.53604275,0.04848756,0.130175
0.3477245,0.9480978,1.0401274,2.1923954,0.3924018,0.7403527,0.4819573,0.6065561,-0.047293372,0.20573273
0.2816486,0.7140063,0.7795694,1.5792584,0.26726535,0.56849754,0.3728645,0.47046477,-0.026720695,0.14899549
0.18997113,0.6466967,0.8394147,1.6299757,0.2847688,0.58994865,0.36595798,0.4700136,0.106808096,0.10527288
0.36403272,0.6934481,0.83599424,1.529747,0.27401313,0.8956007,0.6750675,0.71678495,-0.058616593,0.28016552
0.48030356,1.2005597,1.2194824,2.7455828,0.52564716,0.87131065,0.6019624,0.6992804,-0.19759403,0.2910944
0.4632024,0.84296215,0.86941355,1.6428492,0.14788106,1.102098,0.89515144,0.8678561,0.015008044,0.33987588
0.6367171,1.3029158,1.1829357,2.5095172,0.4882814,0.9185004,0.7358824,0.80578166,-0.21694049,0.36879942
0.45009044,0.89201295,0.8443061,1.5974591,0.2388465,0.79473686,0.6762064,0.6393861,-0.04773,0.26765913
0.21126133,0.78575975,1.0923557,2.2224205,0.36832348,0.80348533,0.43973786,0.61813164,0.12609084,0.107484825
0.0038753413,0.26888174,0.5565431,0.80812436,-0.1306239,0.47252026,0.26783523,0.29574347,0.47451934,-0.087874815
0.25995347,0.80859286,0.9851968,2.0795708,0.31440207,0.7242641,0.43307224,0.5729747,-0.02765929,0.1527192
0.11464822,0.39131737,0.6135636,0.9845133,-0.09942646,0.5687213,0.36502138,0.40745002,0.25947037,0.010515362
0.0314657,0.38841993,0.62832105,1.0756512,-0.0010843435,0.3964615,0.17914557,0.2300444,0.371659,-0.05788406
0.2666277,0.68928784,0.82308775,1.555783,0.27136487,0.58177686,0.36917275,0.4949102,0.032036133,0.13653035
0.058496185,0.36005935,0.54879683,0.8176889,-0.1212681,0.46106565,0.31231686,0.28600416,0.34380132,-0.029684037
0.44451332,1.0535693,1.152813,2.4264054,0.46714985,0.90553534,0.6253809,0.7391761,-0.13020635,0.29036155
0.2591544,0.55834407,0.85191506,1.5424472,0.11185381,0.947758,0.665129,0.70717496,0.06063652,0.21683337
0.23726386,0.58895475,0.6482075,1.1836772,0.18036355,0.46618086,0.31788418,0.41153336,0.09945528,0.09458471
0.23757055,0.7578092,0.9384066,1.877917,0.3061785,0.6745715,0.40224344,0.57101804,0.048552193,0.12353269
0.29910064,0.77319515,0.93644965,1.8810822,0.2829399,0.7651735,0.49837327,0.62767607,-0.065640226,0.17763403
0.32263523,0.61768645,0.80789953,1.514157,0.14222537,0.94882345,0.70555925,0.72214043,0.006268144,0.26726338
-0.1883031,0.18920508,0.7347384,0.76378036,-0.4248229,0.746024,0.49530146,0.3253992,0.82233554,-0.19295147
0.47514668,0.88703746,0.9319912,1.764148,0.22788234,1.1642251,0.9697795,0.9012667,-0.01397631,0.3693594
0.2665833,0.57770103,0.67011154,1.1336361,0.09792276,0.63004565,0.44075337,0.483063,0.09012718,0.12960069
0.10589884,0.38325134,0.67715245,0.9211327,-0.15196525,0.75783116,0.51741403,0.4648824,0.37910822,0.024970435
-0.019377558,0.29857528,0.7363375,1.2142228,0.027651101,0.5947561,0.32552746,0.3629142,0.26109222,-0.03127645
0.41436675,1.1771464,1.233466,2.8078907,0.49671033,0.8685549,0.5742612,0.67800707,-0.13296945,0.2533808
0.22030728,0.65673125,0.7519829,1.430952,0.25812078,0.47651896,0.29404026,0.41870558,0.12219141,0.0971895
0.28997892,0.7157499,0.86561465,1.6754984,0.29945338,0.66521055,0.43727213,0.5575691,0.019046873,0.16297996
0.28733477,0.63676,0.7225235,1.3228711,0.1946102,0.63912857,0.44882774,0.52477545,0.0010786426,0.17266726
0.29682028,0.79918504,0.8825542,1.7592225,0.3024216,0.6047316,0.393327,0.5210601,0.005462815,0.15382756
0.23357856,0.6225741,0.77541256,1.4465921,0.24952874,0.5466331,0.3468659,0.46121082,0.08676189,0.10814104
0.198265,0.67891514,0.8919352,1.7882981,0.23672438,0.67060983,0.3900707,0.50863874,0.044159643,0.09759119
0.39372382,1.1844567,1.2686692,2.8398943,0.53607225,0.9096488,0.5902814,0.6899655,0.011864164,0.23545831
0.2465409,0.6384049,0.7403165,1.3713183,0.20052807,0.5779223,0.38327986,0.4771908,0.049778122,0.12011786
-0.022071384,0.3478407,1.0468904,1.2459967,-0.49773082,1.2494967,0.9005418,0.6750732,0.8051441,-0.08680717
0.20096706,0.5726163,0.6935603,1.2695056,0.1890227,0.45722532,0.2849364,0.3751264,0.11340302,0.0756312
0.07076733,0.38413998,0.579515,0.93158126,0.0120210005,0.40279862,0.21923564,0.27785063,0.29682472,-0.017453697
-0.023876902,0.32637167,0.6152818,0.79203045,-0.25540847,0.62006366,0.42803538,0.32996768,0.5091206,-0.08921019
-0.044558533,0.27528742,0.56649244,0.7992379,-0.14335163,0.39317936,0.21575102,0.2001537,0.5943164,-0.13125381
0.10808605,0.39728788,0.6296533,0.9250355,-0.15301152,0.71401024,0.5185421,0.44889927,0.23539793,0.056349494
0.31497213,0.64886653,0.7532948,1.291273,0.08696838,0.8258316,0.60363954,0.61705256,0.07124645,0.19180968
0.27102664,0.7362752,0.8616944,1.7749871,0.28093284,0.6652472,0.42296377,0.53788644,0.0060958085,0.14760117
0.559496,1.328614,1.3963286,3.125282,0.6160339,1.026739,0.7111602,0.8474081,-0.22749619,0.34159195
0.53636056,1.215648,1.1725162,2.7217484,0.5352847,1.1443071,0.8968431,0.9522859,-0.31884784,0.43340376
0.2632126,0.6744761,0.83621025,1.639746,0.22980797,0.69785506,0.45789114,0.5797937,-0.00070564763,0.156934
0.19083048,0.5869615,0.6116088,1.0142944,0.020772532,0.4099408,0.30067372,0.30521694,0.43896377,-0.015735999
-0.008532966,0.27808782,0.57850033,0.88650495,-0.077489376,0.48122212,0.273203,0.29096404,0.37280762,-0.05653634
0.3632271,0.74257976,0.78457385,1.4655639,0.1994166,0.8028012,0.58235085,0.6510982,-0.035946187,0.24274474
0.30191928,0.7413495,0.7229407,1.3736755,0.2522105,0.44659826,0.32292503,0.38520148,0.13295883,0.11574362
0.48182812,1.1771877,1.30253,2.866267,0.5134456,1.0393614,0.70460904,0.8504862,-0.22283861,0.32030612
0.64925826,1.3310529,1.2572598,2.9117675,0.54272956,1.3437113,1.101538,1.1207663,-0.3660205,0.5521462
0.34289622,0.66388816,0.79673207,1.3631064,0.040007107,0.9622997,0.75594175,0.69049597,0.10105891,0.22975811
0.25851446,0.57784045,0.6415696,1.131992,0.114612445,0.5109673,0.34425592,0.414239,0.14118347,0.095080115
0.015437679,0.37236995,0.7226446,1.2420003,0.05584817,0.45994774,0.22049478,0.25600472,0.40054366,-0.06907292
0.11699279,0.45131695,0.6007316,0.9437486,-0.08408703,0.5013434,0.3420714,0.3501149,0.36171204,-0.020419456
0.32368255,0.8249547,0.96928436,2.0146124,0.30425587,0.79332757,0.52915263,0.67846113,-0.112748764,0.18802848
0.440501,0.932013,0.84002405,1.6845086,0.3118123,0.70000976,0.56521344,0.5839892,-0.07633043,0.2600042
0.6210644,1.0831699,0.9749789,1.9587059,0.30226767,1.2113006,1.0721267,1.0024425,-0.05770651,0.4111082
0.287177,0.62208074,0.73907703,1.313983,0.21402055,0.6482578,0.44499582,0.5305899,0.03296152,0.16338173
0.0767025,0.38001764,0.65716153,0.88260734,-0.1719394,0.6744318,0.46562162,0.41452703,0.40074387,-0.016551074
0.32000363,0.68717253,0.7086788,1.3116708,0.18554182,0.6327469,0.48160708,0.53465235,0.0024824855,0.19071698
0.37043476,0.7673436,0.84034,1.6321428,0.24289557,0.8627447,0.6163388,0.7087186,-0.054139093,0.26557782
0.29685777,0.6666243,0.6387975,1.1233745,0.21059257,0.37236387,0.28175494,0.343791,0.15806696,0.11407136
0.48526672,1.1449063,1.032947,2.2092912,0.46984398,0.6332927,0.4923379,0.5237367,-0.058868222,0.25086972
0.08447897,0.37733868,0.57643366,0.9084444,0.008842635,0.44261888,0.2774374,0.33514822,0.32111624,0.015158144
0.25592247,0.6517102,0.86687356,1.6678635,0.27901,0.6904113,0.4369344,0.5721448,0.026263645,0.13784626
0.057995304,0.34966677,0.56017566,0.84558797,-0.05043285,0.46894446,0.2939213,0.31927356,0.34097287,-0.01860756
0.57225263,1.059886,1.0436258,2.0866497,0.23216932,1.3697067,1.1729932,1.0728755,-0.0500401,0.4267854
0.3425829,0.7216263,0.7769634,1.453899,0.24801815,0.7194907,0.5026967,0.59952027,-0.03351502,0.21321866
0.19486485,0.5845961,0.60291064,1.0534681,0.07142033,0.3297059,0.20205177,0.23173039,0.37442318,-0.0053500934
0.2229662,0.61294246,0.6927413,1.2908902,0.19529575,0.42517486,0.26230872,0.34698588,0.12163033,0.081436016
0.05451192,0.37313828,0.7600707,0.99756813,-0.29439184,0.8894759,0.6270231,0.5042561,0.5001735,-0.011539317
0.20859946,0.7145327,0.90844756,1.8187083,0.32275966,0.6615053,0.37156934,0.516115,0.15203355,0.09446193
0.2277453,0.5158376,0.6822445,1.1388545,-0.009297471,0.7870371,0.5726291,0.5591024,0.08007421,0.1531058
0.50377816,1.1608269,1.1867164,2.6128612,0.49102467,1.0027499,0.7051841,0.83332664,-0.2074662,0.3428305
0.581303,1.1924207,1.1935599,2.6301818,0.46257025,1.1184069,0.86180264,0.9402933,-0.31162712,0.41774276
0.31649038,0.8302621,0.9139922,1.9049554,0.32686436,0.6907657,0.44758958,0.5866609,-0.058583207,0.19183543
0.4198618,1.0619642,1.1994294,2.594578,0.47666302,0.94132906,0.6144672,0.7732526,-0.11964132,0.2579799
0.35491058,0.84905446,0.7387897,1.3875843,0.21839502,0.41585976,0.3051701,0.45431048,0.2759635,0.081276484
0.38767964,0.792351,0.8246702,1.502242,0.1631172,0.8189131,0.6261804,0.6894311,0.02186753,0.20644952
-0.020714164,0.28793475,0.65447295,1.0089371,-0.004617811,0.49964035,0.27630734,0.32384664,0.459892,-0.07106056
0.36917028,0.9380097,0.9434708,1.9351041,0.37663662,0.57294434,0.39830315,0.4774228,-9.465381e-06,0.18599232
0.27494276,0.68129843,0.75298816,1.4143828,0.20748845,0.605311,0.43663052,0.50700223,0.0039305375,0.1677339
0.16510202,0.4569414,0.65617335,1.0115979,-0.08009252,0.7253678,0.47825825,0.48069945,0.29035655,0.068383865
0.18157448,0.4759067,0.6133236,1.0226388,0.014249583,0.57123446,0.39135736,0.4218895,0.11861305,0.07817248
0.38590893,0.99179476,1.089202,2.3543346,0.43303153,0.8378165,0.5497996,0.6977439,-0.10847863,0.26007688
0.06695964,0.33712366,0.5446996,0.73926675,-0.049333777,0.3830081,0.24228239,0.2539488,0.46594915,-0.053280704
0.25880784,0.61962867,0.67022246,1.201861,0.19989105,0.46552503,0.32429662,0.39762607,0.11657972,0.10860975
0.1469236,0.42475957,0.65509886,1.0320451,-0.072600804,0.70436287,0.46364418,0.47517946,0.24931912,0.07405818
0.44384247,0.8463697,0.97881013,1.744433,0.084981546,1.2062329,0.94779265,0.9153128,0.090846606,0.3363574
0.20517296,0.5816609,0.88152647,1.6577153,0.28310588,0.7120039,0.452848,0.57941103,0.07712023,0.12832129
0.3833015,1.0358652,1.2567297,2.749788,0.5086395,0.98897266,0.62976325,0.8188805,-0.11959514,0.25553688
0.3106681,0.64083,0.75541526,1.3517432,0.09615831,0.8242258,0.59783477,0.64149785,0.023017706,0.2139079
-0.011508832,0.3448871,0.5948173,0.7699434,-0.21816742,0.4663781,0.3164273,0.23659816,0.6116575,-0.123362474
0.13750271,0.42302796,0.5651042,0.9073109,0.0143845035,0.45066878,0.2813975,0.3264434,0.23798524,0.024897635
0.725223,1.2042743,1.261447,2.4671512,0.15407355,1.7678201,1.5201604,1.3530381,0.050878514,0.5283526
0.27842426,0.81415725,0.95103383,1.9499611,0.28112304,0.67519546,0.38883644,0.5107454,-0.0021223943,0.12116162
0.35112137,0.90747726,1.0066606,2.1195493,0.32670388,0.80702055,0.5206058,0.64391774,-0.057658,0.19105935
0.31078923,0.6737746,0.71491313,1.3245264,0.22605559,0.6308604,0.43889615,0.520208,0.013792715,0.17631014
0.352319,0.9666325,1.1766269,2.5683687,0.46704602,0.93615264,0.59006083,0.7763564,-0.100813165,0.24139875
0.38286382,0.7920322,0.9633722,1.8842249,0.33864245,0.9278292,0.6536587,0.7631084,-0.122661665,0.2794717
0.17567658,0.5938205,0.73532724,1.3909857,0.22814552,0.49327016,0.30275154,0.4000124,0.14702794,0.083265565
0.58901393,1.1493812,0.994853,2.0482662,0.34098208,0.9672204,0.8124419,0.86129004,-0.17104062,0.38072604
0.18983181,0.5379319,0.82090133,1.2220668,-0.1641939,0.99761206,0.7299321,0.6483524,0.35425255,0.11881865
0.08037677,0.37622264,0.5537399,0.76748824,-0.047505185,0.3710156,0.22918463,0.24396771,0.50946397,-0.053450853
0.36167789,0.77732337,0.88416237,1.7391888,0.26316828,0.8846912,0.65529287,0.70245546,-0.12640274,0.26454535
0.620046,1.0626485,1.0196168,2.0265355,0.18538481,1.3592631,1.1620665,1.0784447,-0.028684191,0.44756785
0.26761317,0.61870706,0.6794112,1.2067754,0.20349552,0.48739976,0.33257344,0.42026672,0.094593436,0.11585923
0.24217546,0.579593,0.6583438,1.167679,0.14605452,0.55753917,0.39221597,0.45732462,0.064113446,0.11980533
0.23197365,0.52353334,0.6464724,1.1425266,0.03258673,0.6824661,0.50673705,0.53790116,0.035780944,0.15294251
0.14858794,0.475637,0.64455473,1.1101762,0.10147896,0.5223094,0.35059837,0.39499587,0.1581369,0.07139866
0.27891076,0.7066737,0.91249555,1.4778934,-0.17284979,1.0907522,0.8397027,0.7595721,0.33828688,0.16887262
0.054222517,0.4399175,0.8032371,1.0561509,-0.2997847,0.8968526,0.659071,0.52253485,0.5758126,-0.02916386
0.5967173,1.0888659,1.0810046,2.2901642,0.3226036,1.1681188,0.945483,0.9824432,-0.22485325,0.42403236
0.19853297,0.5474551,0.61406404,1.0797645,0.11387632,0.43682086,0.29463562,0.38157022,0.15687211,0.050461512
0.28518683,0.84097725,0.905538,1.8922646,0.3296471,0.5424193,0.3348821,0.42789868,0.051228505,0.12791753
0.30989653,0.9123657,1.0195206,2.192698,0.30316824,0.741866,0.47884893,0.5448455,-0.036682874,0.1423831
0.18857148,0.51360846,0.63140285,1.0729853,0.13219249,0.4715551,0.30988714,0.3893282,0.16027343,0.06760489
0.10207823,0.490655,0.7204881,1.2915766,0.10413945,0.5316341,0.31283408,0.37615827,0.17783397,0.030017462
0.38230172,0.99643064,1.2035887,2.6151338,0.45176485,0.97831243,0.6206108,0.8195706,-0.13211545,0.26734194
0.39329872,1.0404474,1.1468283,2.4405677,0.41206887,0.83026624,0.5570034,0.66179883,-0.11672806,0.23363185
0.07483917,0.38040417,0.6158727,0.8554339,-0.1563421,0.62661624,0.42323735,0.38719508,0.37420407,0.0005272003
0.19049108,0.6172786,0.7250612,1.3717251,0.19316632,0.43198115,0.2646621,0.3484888,0.1550486,0.057914786
0.24358836,0.6011281,0.74642646,1.3622919,0.23802881,0.5681046,0.37533498,0.48340562,0.07393976,0.11940535
0.14481743,0.46047717,0.5911461,0.98976624,0.060229894,0.46791053,0.29891998,0.3733287,0.23391275,0.058089472
0.17138453,0.5625823,1.0481077,1.5259396,-0.3138491,1.3885347,1.0246454,0.8598997,0.55404675,0.13078384
0.28962415,0.9523876,1.0116967,2.2610135,0.40377614,0.5861673,0.35670212,0.41485336,0.17998625,0.09665161
0.3787152,0.83697706,0.96300805,1.9568067,0.31146175,0.899316,0.6068678,0.7418347,-0.12087247,0.27243793
0.2299926,0.5441821,0.62907785,1.0676038,0.15680417,0.47788918,0.3308275,0.40321127,0.12891051,0.09040606
0.24186265,0.5839026,0.74859,1.3645813,0.22988069,0.60842186,0.39488554,0.50321114,0.08060734,0.1244888
0.22814554,0.5995955,0.6577475,1.2106571,0.16692859,0.45628694,0.31236196,0.40352115,0.107068025,0.086696394
0.2695369,0.63833714,0.82052547,1.5257764,0.25364843,0.6823695,0.44120228,0.5673526,0.041366275,0.14743912
0.3541641,0.6808031,0.7823766,1.4817171,0.15470171,0.87578475,0.65538096,0.69081795,-0.050500438,0.26361388
0.3059005,0.76566464,0.7280249,1.3680801,0.22696027,0.43303612,0.3124096,0.37012184,0.15375641,0.097991504
0.3539517,0.67118776,0.7411141,1.3647938,0.11484604,0.89396316,0.7213811,0.703524,-0.030428976,0.2751893
0.35385534,0.69439924,0.77157795,1.4003543,0.15816958,0.8826625,0.69176084,0.69926465,-0.036706373,0.26233873
0.21653265,0.5234217,0.6176248,1.0304382,0.059000563,0.5234829,0.3552818,0.39748365,0.1506035,0.07326052
0.1426196,0.47001603,0.56713027,0.87093997,-0.015043808,0.40096217,0.28300184,0.28092453,0.34377137,0.003756864
0.043973282,0.38588867,0.5889057,0.9129599,-0.03786838,0.34412685,0.16944641,0.19212532,0.54964346,-0.092065856
0.5410198,1.2515851,1.2012371,2.5722494,0.51731026,0.8902067,0.6534502,0.71804893,-0.07710059,0.29999498
0.35764515,0.67538506,0.79476714,1.471187,0.12427839,0.949483,0.7465113,0.7179793,-0.0518174,0.28050026
0.5395271,0.9593477,0.9273833,1.847864,0.24720192,1.1749822,0.98831856,0.9382229,-0.08181921,0.40593228
0.45801255,0.9459089,0.99253637,2.084493,0.37655187,0.8962418,0.67459387,0.7449384,-0.17720814,0.2906058
0.24648553,0.66037613,0.8062266,1.5274563,0.24159864,0.59380037,0.3637632,0.5017188,0.057325307,0.13391715
0.113225296,0.4401366,0.62727726,0.98591936,-0.12158662,0.5662072,0.3582077,0.37196398,0.4777395,-0.047647662
0.37585703,0.8864278,0.87617534,1.8074129,0.32511064,0.7102878,0.49800852,0.5790398,-0.06442589,0.21741787
0.07405285,0.32424733,0.5652956,0.8298443,-0.050928563,0.5076716,0.32488483,0.3470382,0.30855268,0.005295801
-0.010016812,0.3578872,0.62105477,0.82970065,-0.20382346,0.5623794,0.3673498,0.32679313,0.50034285,-0.09272387
-0.0053054225,0.22677179,0.6951802,0.8761183,-0.20292355,0.7577287,0.503377,0.41616622,0.42127803,-0.037497982
0.4414668,1.1054903,1.1072135,2.4734504,0.47909924,0.82810926,0.5532068,0.7107655,-0.16224086,0.29051706
0.35292032,0.90281767,0.9059383,1.8795043,0.35513523,0.5959651,0.41552734,0.50038695,-0.02658177,0.19619095
0.18259627,0.5408523,0.5768155,0.9502113,0.06441951,0.33932054,0.22173953,0.26165396,0.39264184,-0.008865488
0.57024795,1.152731,1.0180976,2.255035,0.46109423,1.0106443,0.83985305,0.8457888,-0.25332516,0.42267296
0.03846422,0.31781566,0.55855495,0.7647163,-0.057563122,0.39495933,0.23081732,0.2536072,0.51524305,-0.065410025
0.28713644,0.61479264,0.6919853,1.2134653,0.1811486,0.59747523,0.41781437,0.49836162,0.05442083,0.1421637
0.3210688,0.9044318,1.1092899,2.3444688,0.40561056,0.84498584,0.5239776,0.6858916,-0.054755583,0.18720183
0.28560773,0.7564999,0.95332116,1.8813971,0.32188714,0.7381002,0.46256337,0.61317116,-0.017695341,0.16862282
0.33152816,0.8888584,0.9668763,2.0522444,0.3593368,0.723647,0.45004067,0.6120984,-0.05937399,0.21207073
0.21759248,0.52863365,0.6139198,1.0353285,0.058203,0.49367738,0.33243462,0.3781255,0.17254785,0.06031868
0.27534705,0.6258389,0.6130568,1.1342083,0.17340118,0.36986154,0.2710055,0.3616094,0.13839838,0.09484201
0.2744955,0.7951408,0.8818799,1.763228,0.27579364,0.58451176,0.37022534,0.49745494,0.0062164827,0.13816762
0.23078972,0.61317503,0.7788878,1.4415163,0.23017417,0.60121536,0.38317162,0.50562495,0.0625228,0.12547418
-0.045889247,0.23394397,0.5798463,0.7618724,-0.14172748,0.48330852,0.2747345,0.27331668,0.5479448,-0.103393815
0.35267815,0.721932,0.83089495,1.4304926,-0.021968413,1.0389385,0.8089756,0.76073956,0.14779642,0.23968585
0.24604046,0.64560884,0.8328494,1.5788046,0.28135443,0.6260624,0.40192732,0.5291915,0.06077493,0.12629794
0.14319327,0.42920622,0.5673146,0.9101759,0.03385743,0.4457111,0.28607515,0.3382782,0.23862138,0.030433329
0.31421947,0.76246494,0.8738624,1.7733527,0.30634266,0.71209055,0.47548404,0.60352075,-0.055876266,0.19970694
0.5590031,1.295354,1.2893158,2.9125628,0.5529592,1.1006495,0.81549424,0.91437453,-0.29454067,0.41287997
0.7402958,1.2803086,1.2024125,2.493483,0.347587,1.678382,1.4731982,1.3201907,-0.046210635,0.57284504
0.019887136,0.33805916,0.5596247,0.8691577,-0.08002844,0.41325057,0.22277476,0.2840837,0.48995927,-0.08411403
0.2742018,0.61320436,0.68906635,1.1910831,0.1253406,0.5809811,0.4008759,0.4691932,0.06993858,0.13265043
-0.014000466,0.28843972,0.6510857,0.7794807,-0.26112494,0.66533893,0.45558125,0.36546722,0.51374495,-0.08351486
0.68536603,1.165332,1.1330752,2.4005892,0.3806242,1.5410931,1.3610388,1.2304022,-0.1312506,0.5258343
0.1624558,0.5692161,0.7492958,1.3995355,0.19004951,0.50814176,0.2934951,0.38678724,0.13377993,0.05633244
0.46976456,0.83221674,0.87104183,1.6660037,0.21882962,1.0629902,0.8670023,0.83296376,-0.050193295,0.35833636
0.40601927,0.83307546,0.8654368,1.67931,0.24694908,0.8764113,0.6788575,0.7065212,-0.08981826,0.2759147
0.08554652,0.41762555,0.5801493,0.9553243,-0.016256664,0.45881042,0.27808723,0.30379665,0.28678033,-0.01018867
0.159834,0.6695217,0.8360452,1.7155405,0.21436235,0.47964528,0.24230546,0.32147297,0.2535929,0.020573262
0.33409074,0.7975878,1.0106081,1.6990232,-0.11554664,1.2595565,1.015995,0.8748284,0.22405486,0.22899881
0.30967617,0.77341324,0.8727793,1.7943032,0.3045498,0.6831163,0.44409126,0.576812,-0.04458317,0.1789012
0.41267747,0.77023727,0.84341323,1.5860375,0.1981517,1.0359944,0.8412853,0.8284274,-0.05052925,0.3350853
0.29622173,0.6299219,0.74564147,1.313051,0.07448287,0.7887328,0.5705104,0.5825707,0.031781882,0.17383364
0.5222245,1.3276958,1.3989764,3.1993868,0.5954816,1.0795193,0.7208564,0.8862078,-0.22453326,0.31866542
0.42952323,0.7889471,0.7967189,1.4916803,0.2510077,0.8676384,0.69040984,0.7031063,-0.048671,0.28881755
0.072880775,0.4033164,0.6022404,1.0187423,-0.06264714,0.5012145,0.29856652,0.3856008,0.3812716,-0.05150737
-0.08185201,0.17923471,0.6578061,0.7645753,-0.19795753,0.61663294,0.379927,0.32992142,0.5917766,-0.09661984
0.10286069,0.59749085,0.8378742,1.6665145,0.25347722,0.53382784,0.27863976,0.34230703,0.28966886,0.013957853
0.10919942,0.46280363,0.782298,1.0422761,-0.2530661,0.875568,0.6516686,0.5276837,0.4585035,0.0115159275
0.39940464,1.0202193,1.1290866,2.4651456,0.46864283,0.86418855,0.57340187,0.71746933,-0.12696515,0.25254908
0.25550747,0.7579954,1.000163,2.0418448,0.3614887,0.76978517,0.4741772,0.622534,0.018068574,0.1616435
0.3034612,0.6272711,0.6804265,1.2163796,0.1901053,0.61409104,0.45669326,0.519974,0.0035619303,0.18267782
0.66286534,1.1255072,1.1163245,2.242066,0.26413456,1.4344964,1.1972806,1.1405458,-0.07389426,0.51627845
0.17083584,0.48400837,0.6154979,1.0168302,0.0070882747,0.62174904,0.44767147,0.44416255,0.10650031,0.09695455
0.40927258,1.027531,1.0638914,2.3142273,0.44784462,0.7600657,0.5083499,0.63464135,-0.13115358,0.25138402
0.4308399,0.8387388,0.92525476,1.7857682,0.22679736,0.96323526,0.7316116,0.8042011,-0.08660201,0.28247675
0.31622246,0.744437,0.8286324,1.6356426,0.29168135,0.65566,0.44303992,0.5494212,-0.024984151,0.19277026
0.23977044,0.62939805,0.7019639,1.2932471,0.22180669,0.4640086,0.30432183,0.41061696,0.11688179,0.11084639
0.2855226,0.73045605,0.84497577,1.6714796,0.25992346,0.6543932,0.42616245,0.53301036,-0.051926862,0.17081669
0.31700453,0.6465773,0.77178943,1.4098414,0.20551795,0.7739249,0.57382876,0.6317277,-0.04630758,0.2209619
0.19448584,0.7242634,1.0582035,2.2049294,0.3187116,0.8098214,0.4684701,0.6214647,0.026961572,0.11582855
0.0042784996,0.27929768,0.55384207,0.7885759,-0.078876846,0.4097456,0.2203161,0.24947365,0.47771966,-0.07577523
0.12369715,0.47734043,0.6223077,1.0210528,0.0065701697,0.45741385,0.2912772,0.32779992,0.36913508,-0.009913922
0.09775776,0.49216738,0.636589,1.1547512,0.102324426,0.33599404,0.16949539,0.23791102,0.31896642,-0.011087508
0.25581783,0.6628119,0.7237202,1.3828173,0.24602352,0.48338875,0.30772522,0.43828836,0.08257891,0.12601516
0.13929757,0.54260826,0.7655608,1.4015831,0.17937942,0.5402178,0.31230214,0.41261837,0.16472335,0.05009548
0.033906184,0.34442377,0.7379795,0.97393155,-0.31523812,0.88305,0.6157647,0.48814207,0.46005654,-0.00092955586
0.372598,0.9809556,1.1172805,2.3902192,0.42502543,0.831281,0.52254796,0.6883757,-0.09739832,0.22990665
0.33908805,0.66046023,0.7383703,1.3017867,0.15009554,0.80439043,0.6111771,0.6076349,0.0051613995,0.21806285
0.27189347,0.6740413,0.81915325,1.5473781,0.25451976,0.65037405,0.43334952,0.538662,0.029019322,0.15988263
0.07858785,0.4775183,0.7247421,1.294405,0.11889952,0.5178163,0.28332528,0.37264252,0.2646653,0.009423529
0.3293141,0.7898266,0.9329934,1.9008704,0.35661498,0.7284777,0.48376876,0.61943066,-0.07381493,0.19729157
0.42138174,0.7627025,0.80499,1.5482328,0.19512802,0.93955183,0.7593236,0.7536124,-0.09344123,0.30698502
-0.10529444,0.27233326,0.71300024,1.1388279,-0.06005891,0.3979351,0.21850117,0.16882695,0.6099272,-0.145407
0.40614325,0.8829867,0.8227776,1.6574163,0.29099333,0.6298475,0.47344595,0.5240276,-0.054407697,0.22493869
0.17491104,0.4687531,0.6763057,1.0768658,-0.06718016,0.7775555,0.5271585,0.51964015,0.23679258,0.09848637
0.06428733,0.3753617,0.75437087,0.962943,-0.26330164,0.8587105,0.5847003,0.49590483,0.5137433,-0.019480146
0.4692638,0.9021825,0.86516774,1.7651145,0.22543518,0.8525501,0.65544796,0.74671483,-0.13040963,0.29133382
0.1975859,0.6296796,0.7614388,1.4561636,0.20156172,0.54588515,0.3268019,0.45055723,0.12838899,0.0953949
-0.14140901,0.21496977,0.89167607,0.9697088,-0.5277501,1.0054275,0.6856482,0.48881552,0.83947444,-0.1668446
0.15266839,0.47127342,0.59625745,0.9753311,-0.0108420225,0.5222015,0.34310433,0.37820145,0.1922848,0.046155907
0.02683313,0.2794454,0.70480794,1.1253998,0.01996795,0.62432027,0.38460842,0.4202404,0.27997413,0.0045145396
0.26635593,0.6218475,0.76199794,1.3897258,0.20570375,0.65706396,0.4475939,0.5425985,0.025347969,0.14982499
0.19212745,0.5169488,0.6360682,1.0998957,0.13073984,0.47678953,0.30701363,0.37730333,0.14760362,0.07561836
0.16143033,0.5556391,0.8801022,1.6530067,0.22220176,0.7631811,0.471514,0.6093881,0.07707782,0.13537298
0.3141082,0.64625514,0.72636086,1.3473274,0.21578346,0.6811328,0.49764338,0.56628764,-0.023053082,0.20548606
0.29314312,0.64172226,0.6797741,1.2176902,0.17326671,0.5493024,0.39114046,0.43796247,0.07326311,0.13537052
0.19189955,0.49682155,0.6819489,1.1142236,-0.0768227,0.76328075,0.51033694,0.53173757,0.21340185,0.09279563
0.29843807,0.65298676,0.8210669,1.5242603,0.24962583,0.7615527,0.53079987,0.6203265,-0.013997008,0.19599813
0.021672165,0.40804252,0.64814764,1.1614311,0.01880576,0.30929115,0.15448883,0.1400961,0.5548482,-0.11446478
0.14949827,0.5278941,0.925115,1.7544904,0.21101306,0.80388373,0.50611037,0.6152585,0.07769252,0.13657111
0.13564865,0.45405322,0.6052068,0.8930673,-0.057444192,0.5122309,0.36770856,0.34460837,0.33710575,0.011500318
0.19003363,0.5552112,0.5897707,1.0140579,0.07781628,0.36224627,0.24837364,0.2760876,0.23085096,0.03392014
0.24096876,0.61821944,0.6942642,1.292211,0.20516856,0.4742268,0.3062358,0.40595013,0.089173645,0.10127854
0.09793344,0.37793076,0.5666272,0.8826254,-0.015861195,0.4904585,0.32367852,0.3493855,0.2346132,0.025739174
0.028605605,0.41367906,0.7279948,1.2203939,0.067136765,0.46472064,0.25924343,0.31760705,0.47728154,-0.084243
0.2854565,0.70213383,0.7011721,1.4138799,0.24188186,0.506078,0.3362684,0.4190293,0.060270015,0.12546465
0.3019191,0.6812584,0.8500287,1.599313,0.28496975,0.71780133,0.47775576,0.5982511,-0.0020432542,0.16969928
0.25505587,0.55676705,0.66130954,1.0696453,0.046694268,0.6414061,0.46632376,0.48230246,0.13510087,0.119127534
0.34406832,0.75303036,0.8491556,1.6668373,0.24015822,0.74429786,0.503392,0.62203723,-0.0813638,0.21125741
0.4738029,1.1513281,1.2232798,2.6670341,0.5489011,0.8708034,0.6024291,0.7070812,-0.15683459,0.27614766
0.2525981,0.7187199,0.8238147,1.583001,0.28459144,0.5428595,0.34006426,0.4760252,0.09299172,0.12423635
0.15632415,0.44963643,0.616247,0.9833229,-0.032200877,0.5523917,0.37796056,0.40302098,0.24818291,0.06685337
0.2643703,0.6744748,0.76769996,1.464135,0.26110107,0.52699053,0.34134492,0.45580643,0.051549725,0.12852268
0.23275068,0.5659195,0.7069497,1.2525334,0.16105227,0.59348917,0.3964237,0.47633716,0.1034589,0.11578043
0.21319646,0.5581107,0.5904543,1.0032059,0.10104551,0.3814531,0.25356138,0.30948016,0.27350777,0.04213897
0.24878618,0.628826,0.67151344,1.2224181,0.21820286,0.4224047,0.28321856,0.38908598,0.13593209,0.1022282
0.23660251,0.6305001,0.62355244,1.1447734,0.1626317,0.3790759,0.2560002,0.34977803,0.21882498,0.061359484
0.052314952,0.32287577,0.5459105,0.7929349,-0.06735326,0.42413163,0.24538296,0.27277082,0.40827027,-0.054695167
0.29279602,0.6344327,0.79796875,1.4413369,0.2189802,0.7565062,0.5258718,0.60923,-0.0118284635,0.19093317
0.28295705,0.6462138,0.77697587,1.4547672,0.20734799,0.75092655,0.55714226,0.5998581,-0.07995601,0.20773804
0.50966007,0.9952611,1.0753531,2.2928646,0.352698,1.2585615,0.9817576,1.0201684,-0.1749087,0.44541016
0.36391664,0.96406835,1.0130643,2.1671839,0.378324,0.7310427,0.4965028,0.5841126,-0.085532844,0.20981076
0.17257132,0.6193699,0.74729323,1.4451844,0.19862935,0.41261023,0.23852417,0.31636143,0.19007288,0.036916178
0.2662733,0.6348839,0.7088937,1.3367449,0.18851689,0.56575847,0.38302192,0.4850095,0.028817844,0.12666713
0.35571426,0.8498584,0.7971487,1.5800806,0.29644376,0.5172494,0.3821419,0.43813056,0.058729675,0.16341835
0.27578068,0.67059976,0.665499,1.2281809,0.21481048,0.38050035,0.26585788,0.37699085,0.15129822,0.10013605
0.2711408,0.68285394,0.73033243,1.39179,0.23633549,0.47886458,0.31016383,0.42533168,0.06255642,0.1328981
0.48307887,1.2155558,1.4755491,3.2461689,0.5930111,1.1878917,0.77817863,0.98148936,-0.17237212,0.31906274
0.34542006,0.86083096,0.95883626,2.0036113,0.3634706,0.75796324,0.50110906,0.6406792,-0.07925108,0.23379463
0.63507813,1.0882859,1.10835,2.255228,0.26689875,1.5193192,1.3222367,1.1877468,-0.03945576,0.4994833
0.12176676,0.4222005,0.5610319,0.88278025,0.016495306,0.39658043,0.2403869,0.29652482,0.3546817,-0.005104671
0.17303644,0.53046566,0.5904859,0.9220734,0.03575861,0.35074395,0.24231982,0.25713947,0.50949013,-0.03502284
0.23277259,0.6773357,0.6294404,1.1486968,0.13097176,0.3251561,0.22181615,0.29768154,0.40438563,0.0046891505
0.28471282,0.71569926,0.78632015,1.5484197,0.2694294,0.56965977,0.3863849,0.48965216,0.014158382,0.15797852
0.14711972,0.5158111,0.7848363,1.4442749,0.21626528,0.6066475,0.36941752,0.48296905,0.15618616,0.076058336
0.27390587,0.58271486,0.67959267,1.1526765,0.12193184,0.6752286,0.47672656,0.53182435,0.056753717,0.16254374
0.38808298,0.8243818,0.78638154,1.590644,0.20632263,0.67339694,0.50601935,0.60973877,-0.08634237,0.20933264
0.4337861,1.0633714,1.0559055,2.3708835,0.49790767,0.86456454,0.640542,0.7446064,-0.18535969,0.33381793
0.21920307,0.54090387,0.66988564,1.0878962,0.01308366,0.6707133,0.47773272,0.48321766,0.10346989,0.10612682
0.28425494,0.68429404,0.70305055,1.2818172,0.19081849,0.48485696,0.32468253,0.43380508,0.12353411,0.10418569
0.3934687,0.7746365,0.7427779,1.4350841,0.18484823,0.69447887,0.52824986,0.5984756,-0.039081294,0.23389187
0.26111755,0.59564507,0.6538078,1.1379296,0.1421388,0.55206215,0.38684675,0.45350876,0.083531685,0.117116645
0.27235648,0.5923963,0.65753126,1.0807452,0.13463123,0.49707562,0.3370657,0.41140053,0.18233362,0.105625585
0.5514214,0.957235,0.90977997,1.844385,0.3022858,1.1591336,0.9955843,0.9263301,-0.08322429,0.4185668
0.09472821,0.37067226,0.5774555,0.84230936,-0.10321965,0.5467974,0.35382432,0.35309702,0.32494345,-0.01305884
0.18392129,0.7826168,1.114421,2.406291,0.34640092,0.82274216,0.46113285,0.59154916,0.03291384,0.09063781
0.15551603,0.55381215,0.69862473,1.3081758,0.15465446,0.44331145,0.23848438,0.31732312,0.19788295,0.03771457
-0.19788831,0.093141,0.7228312,0.8709713,-0.19525433,0.592536,0.34176272,0.26432633,0.7434274,-0.17826718
0.25064307,0.71262085,0.78248805,1.5760629,0.21283531,0.56222355,0.3759651,0.5000207,0.012098264,0.11843907
0.34523934,0.69365054,0.7690151,1.4154539,0.21021752,0.78561115,0.5822743,0.62100065,-0.020110797,0.22597344
0.2081755,0.51297325,0.66179633,1.1342363,0.024689902,0.698637,0.47520685,0.5164147,0.08571714,0.12691826
0.4089536,0.813592,0.86078995,1.5487388,0.111799754,1.0134761,0.82210153,0.7818685,0.03484509,0.27184823
0.18287644,0.50701493,0.6010924,1.0080369,0.026735313,0.5401614,0.38023633,0.40271738,0.15515557,0.07086932
0.24453509,0.61253417,0.76960284,1.4138505,0.23495437,0.6044763,0.39277896,0.50979114,0.051554665,0.13093239
0.34195542,0.671621,0.73359805,1.2317208,0.13772894,0.6996474,0.5356065,0.56735903,0.07968798,0.19117811
0.1948051,0.6260596,0.8348781,1.676501,0.23600245,0.6802379,0.429367,0.5726188,0.07310032,0.10543885
0.2831196,0.62360483,0.72561723,1.3003088,0.20543955,0.6225234,0.4272992,0.50883996,0.03693451,0.15355794
0.33100688,0.74635273,0.79879737,1.5666053,0.27563795,0.6088575,0.4213534,0.52813417,-0.037377138,0.1825267
-0.023778498,0.26571128,0.5866319,0.87388164,-0.04547242,0.37560165,0.17937674,0.21653578,0.5014715,-0.08876619
0.15423383,0.49337214,0.5951305,1.0399438,0.08183012,0.35529792,0.21275383,0.27358484,0.21610615,0.02604907
0.27452236,0.66267097,0.76766497,1.3023674,-0.049186897,0.8476049,0.6369225,0.6217522,0.18565989,0.15026441
0.08777522,0.49364236,0.72187155,1.3233463,0.13018729,0.4637518,0.24008872,0.31829438,0.24575405,-0.002447418
0.30374235,0.61562276,0.7310816,1.2470895,0.020437606,0.8666916,0.6705062,0.63846165,0.072600976,0.19744837
0.3291299,0.720074,0.701585,1.3043246,0.17544578,0.5841194,0.44598463,0.51159936,0.10370078,0.14531733
0.27124488,0.7144484,0.7030679,1.379493,0.15764554,0.34858316,0.22546135,0.23908761,0.2665124,0.04111152
0.38089466,0.86852807,1.0230793,2.110282,0.34869972,0.914451,0.60699445,0.7720689,-0.1311987,0.2652348
0.33859867,0.73237103,0.7314035,1.3854427,0.21173619,0.6189871,0.45212469,0.509012,0.0078614745,0.18326816
0.5437414,1.401644,1.3299875,3.0322437,0.62808895,0.9378438,0.6741185,0.7389565,-0.12865013,0.31628639
0.020999251,0.38359475,0.7875218,1.0163285,-0.33796805,0.9272232,0.6515248,0.4927191,0.55534565,-0.034452736
0.17113261,0.5570395,1.0402049,1.4584808,-0.34396634,1.3211825,0.96823996,0.8200973,0.6337621,0.08398995
0.19319269,0.46752682,0.61396575,0.9737212,-0.015203873,0.5853125,0.41455683,0.42356357,0.18067114,0.08365012
0.2146798,0.5454979,0.6631632,1.1041439,-0.020019691,0.7045916,0.5086366,0.51089126,0.09527367,0.11267144
0.2964133,0.8250653,0.7847432,1.5903469,0.23215622,0.37927255,0.2515941,0.30753163,0.308117,0.051786114
0.3259041,0.86581933,0.92623055,1.962936,0.35427365,0.67418987,0.44920897,0.54600203,-0.061525106,0.19729547
0.3113325,0.73347634,0.7154816,1.4278886,0.2676102,0.5017285,0.3507142,0.435382,0.01669175,0.15199833
0.26050052,0.6371188,0.7294464,1.3698105,0.20177633,0.5828348,0.39087984,0.49332443,0.029039403,0.1237917
0.5547005,1.0203959,1.0059183,1.9131826,0.25871262,1.1117681,0.9656589,0.9216896,-0.13472521,0.3732008
0.30379307,0.6577914,0.68136847,1.1532863,0.20729491,0.44108257,0.3182027,0.40191156,0.15820077,0.1116809
0.37365335,0.8958196,0.85644275,1.7073696,0.35480922,0.4973861,0.36141825,0.4452983,0.022704624,0.17995496
0.22088476,0.60982263,0.75248706,1.4102063,0.23910306,0.5422814,0.33943123,0.46882552,0.09149809,0.11475888
0.04224045,0.3582662,0.63037556,1.0060529,0.033224944,0.40205407,0.21912819,0.25862387,0.37104917,-0.036108468
0.36677235,0.69850844,0.75715023,1.3524477,0.12924926,0.83023053,0.6302633,0.6546975,0.026559487,0.23076303
0.2734704,0.67417645,0.7238987,1.4241983,0.24370392,0.5132747,0.338257,0.44186717,0.03856369,0.13951147
0.33124685,0.84116316,1.0355893,2.1369185,0.38483572,0.81218106,0.5198088,0.6822873,-0.06654178,0.20612039
0.31560624,0.7523472,0.7797409,1.5516297,0.2282767,0.5736262,0.3994525,0.502838,-0.038244087,0.16324556
0.31911337,0.6582078,0.72590137,1.3216571,0.081848405,0.8013618,0.6155999,0.64163667,-0.0021876073,0.21832474
0.2979288,0.7156194,0.76800174,1.5095376,0.20746635,0.64939195,0.42158455,0.52265936,-0.033631004,0.17020896
0.15012962,0.4945592,0.61161625,1.017103,0.06308371,0.43017408,0.26082382,0.34408203,0.31835282,0.0046706963
0.6387556,1.4614066,1.4000102,3.2152584,0.6537732,1.1605762,0.89813054,0.959977,-0.32682282,0.45880836
0.15781516,0.53258634,0.67417395,1.2315742,0.052584186,0.531899,0.32547727,0.35683143,0.124056846,0.04269251
0.1205533,0.4511995,0.5763586,0.98333657,0.05441357,0.3968278,0.24013089,0.33047295,0.27003664,0.013149546
0.2639897,0.6437875,0.7345036,1.3562571,0.24287164,0.51289016,0.33660808,0.4463459,0.07586211,0.123921774
0.39237654,0.87734234,0.77867407,1.5524191,0.2365301,0.5322602,0.4319885,0.5416852,0.037191413,0.17084578
0.21022378,0.52873445,0.6022881,1.011359,0.122550346,0.4246597,0.28611135,0.34974468,0.19819772,0.058804885
0.25163338,0.845868,0.99562067,2.0874774,0.31376863,0.70899886,0.421653,0.58619285,0.021934144,0.1492291
0.33767304,0.8280222,0.76854604,1.5399756,0.2912257,0.48621905,0.35383287,0.42111963,0.05469901,0.14788228
0.3307075,0.8410637,1.0099591,2.0798683,0.37300703,0.8021405,0.5227415,0.67005193,-0.048784923,0.21659082
0.020182768,0.3030174,0.6217632,0.9483419,0.0066783205,0.45755392,0.25531322,0.30428293,0.372948,-0.038836375
0.21624443,0.5509378,0.6810456,1.1933855,0.17800525,0.5258163,0.35452026,0.43795365,0.120370135,0.10045109
-0.19479911,0.13686207,0.6880162,0.7337967,-0.3808365,0.57442886,0.36091647,0.21765189,0.7998451,-0.24377683
0.2823968,0.6292382,0.63283825,1.1089126,0.20289323,0.35270712,0.2513448,0.32280275,0.13497111,0.111514665
0.2915378,0.68871874,0.709053,1.3911589,0.23805553,0.54840475,0.3724949,0.45761532,0.00022932573,0.15809181
0.38614523,1.0025417,1.1236135,2.4398005,0.43179637,0.8725226,0.56994534,0.7122958,-0.12132751,0.24657045
0.23230165,0.75623316,0.95128417,1.9849937,0.34385765,0.7207806,0.43330303,0.5697097,0.02012414,0.16078869
0.38084233,0.8858352,0.75507534,1.5466652,0.28488505,0.32328865,0.24737512,0.27536467,0.25790855,0.1020207
0.25308076,0.5595058,0.7677394,1.3093204,0.077491224,0.89404565,0.6464097,0.64597034,0.096263036,0.20343734
0.28053346,0.69184464,0.69572145,1.3470588,0.18743683,0.4877673,0.34547797,0.45047274,0.06521094,0.100642934
0.39992163,0.7879382,0.7787995,1.4985096,0.20759311,0.73264694,0.55026644,0.63185704,-0.06338653,0.23693272
0.23807126,0.706046,0.8635141,1.691172,0.28342256,0.61410254,0.37623602,0.5234396,0.067215905,0.12966582
-0.0035462175,0.29639813,0.57639897,0.8610972,-0.07037268,0.32865655,0.15730831,0.1727796,0.57234776,-0.10886001
0.15182412,0.41332135,0.62873876,0.96610814,-0.045976773,0.63932234,0.41180345,0.4369317,0.25409958,0.052718062
0.29778978,0.7307875,0.7110393,1.3335304,0.22358164,0.40635476,0.29097188,0.37259927,0.12455131,0.11346249
0.17227797,0.62453276,0.83516157,1.603205,0.22746426,0.6076165,0.35698986,0.48771632,0.12384039,0.09096147
0.23416749,0.7826242,0.9595324,1.995089,0.32743567,0.66565615,0.38986242,0.5197768,0.018261295,0.12349903
0.34105474,0.7146773,0.7817055,1.4871876,0.21682964,0.79219866,0.5630285,0.6378932,-0.06291513,0.22387607
0.21954034,0.58012325,0.65145767,1.1749673,0.18127918,0.4315651,0.2797711,0.3839312,0.14275102,0.09341883
0.40470606,0.7511566,0.8589442,1.6360639,0.24641754,0.96156734,0.7343098,0.773531,-0.06264597,0.2983767
0.14787747,0.47329316,0.780463,1.3916496,0.15417531,0.68003976,0.43645534,0.51724064,0.12387642,0.10896128
0.41277874,1.0228853,1.0890048,2.39687,0.42953783,0.8908219,0.5960326,0.74319375,-0.17753308,0.26407048
0.32784274,0.7281744,0.66934997,1.1670287,0.21300279,0.41926363,0.34657905,0.39200953,0.15910448,0.12969552
0.28722143,0.81492305,1.0008677,2.0278435,0.3550139,0.7396737,0.45531732,0.6120108,-0.0024776193,0.16392967
0.0049280245,0.32169768,0.62167865,0.96755403,-0.07934707,0.3425558,0.16128281,0.1431842,0.5997894,-0.13007283
0.22585773,0.5640312,0.667797,1.2151386,0.14439408,0.5562104,0.39400333,0.46839035,0.04549903,0.123102315
0.3309257,0.7597165,0.7220767,1.340528,0.23180099,0.5303558,0.41028908,0.46374416,0.057843197,0.16804326
-0.033007182,0.28713608,0.8821059,1.034656,-0.43627146,1.0400143,0.7396309,0.5602599,0.66097546,-0.056260325
0.27061304,0.6750645,0.8417205,1.5854154,0.2787195,0.6362564,0.41632527,0.5381101,0.020904528,0.1414696
0.2716874,0.61916435,0.7126621,1.2968707,0.20781133,0.58349377,0.38958502,0.49445033,0.051194392,0.13526194
0.27788177,0.6229209,0.6785209,1.2257509,0.14842771,0.62455434,0.43490672,0.49840006,0.028815886,0.15098292
0.3263395,0.7737551,0.80590975,1.634084,0.29392153,0.69739264,0.49289015,0.5661291,-0.051972553,0.21214259
0.5924182,1.1979542,1.2392193,2.7134452,0.47480533,1.1397003,0.8692095,0.9627598,-0.30314827,0.4171779
0.28258923,0.7326988,0.83145726,1.6716716,0.2667281,0.6281014,0.40074277,0.5215775,0.004596057,0.1483179
0.57164174,1.3453331,1.5183792,3.431302,0.6306367,1.2734733,0.8610685,1.0767535,-0.27548334,0.3900316
0.28590924,0.6234715,0.704644,1.2479944,0.15748724,0.63436,0.43525136,0.5201803,0.04840122,0.15366846
0.25589314,0.7689637,0.8243878,1.675461,0.2762126,0.52705795,0.34404206,0.42526352,0.08779976,0.12882961
0.2650118,0.7149187,0.892278,1.7938564,0.30331805,0.7024589,0.44221345,0.58735096,-0.0017541865,0.16043325
0.18719262,0.5211446,0.63928705,1.1294204,0.1003013,0.5087371,0.3373154,0.41508234,0.14055528,0.06396826
0.44621512,0.8302235,0.9445446,1.7143229,0.047984842,1.2299662,0.9954319,0.9072835,0.0900015,0.3210943
0.027147887,0.32968995,0.55170584,0.74655455,-0.1505831,0.45697504,0.2901648,0.27337617,0.4802108,-0.07319576
0.25104123,0.6348862,0.6698407,1.1492953,0.05220566,0.60352886,0.4558352,0.47576043,0.1268714,0.10071156
0.22090064,0.5250164,0.6390309,1.0443616,0.046476047,0.62514764,0.43492794,0.46068817,0.13109279,0.10394362
0.06913471,0.4154364,0.5792516,0.98080844,0.017945256,0.34132177,0.18405531,0.20671266,0.3874633,-0.031550396
-0.045688227,0.25581947,0.58727705,0.74249303,-0.21949914,0.53853005,0.33811444,0.27242398,0.57300735,-0.11511613
0.06837948,0.3897728,0.661564,1.1006373,0.08859314,0.47262365,0.26456317,0.32815433,0.28884718,-0.005522211
0.30313823,0.7792135,0.89065593,1.8332202,0.32140526,0.67514896,0.44131923,0.5689662,-0.050215814,0.18992141
0.3286259,0.663895,0.71411806,1.2429096,0.17667583,0.6667624,0.47225705,0.54521924,0.04278834,0.17740014
0.24990326,0.60751665,0.6491382,1.1635151,0.17076248,0.43427697,0.29606953,0.3728381,0.12300923,0.09044996
0.117124364,0.40868917,0.5608192,0.8763336,-0.0092670955,0.41797495,0.25581998,0.2986134,0.30335024,-0.004964347
0.31038436,0.8394535,1.0138851,2.1529183,0.34257272,0.81671697,0.49918336,0.6814755,-0.06216439,0.19891578
0.17273326,0.52044266,0.593877,1.0161859,0.10665526,0.36249635,0.22097105,0.29783428,0.251373,0.033457093
0.3246601,0.75834864,0.850398,1.6878321,0.30635938,0.6487053,0.44169107,0.55878913,-0.054867916,0.18711756
-0.077221766,0.23484887,0.6306397,0.9477061,-0.12391946,0.4519003,0.24421835,0.19839837,0.4668106,-0.10258744
0.26821887,0.70074594,0.73523164,1.4253678,0.24826771,0.42654315,0.28006917,0.3493683,0.08230989,0.1048596
0.053780578,0.3828882,0.5635857,0.87529016,-0.07789115,0.3454447,0.19236365,0.21145843,0.5676669,-0.10668839
0.05540774,0.44877264,0.76010203,1.3850985,0.09496338,0.52738494,0.25178188,0.3102693,0.2952337,-0.024813712
0.06570156,0.38121524,0.5717587,0.8397744,-0.1278306,0.58702326,0.39080963,0.3724946,0.31616816,0.003078389
0.15661599,0.47489846,0.634424,1.0199242,-0.007804341,0.5414359,0.35841745,0.4028842,0.2469813,0.043107748
0.31632033,0.65445906,0.7177659,1.2721331,0.18265182,0.6857403,0.4841157,0.5621392,0.021036074,0.18439305
0.093370244,0.392116,0.56005025,0.90139925,0.0017851484,0.40214524,0.24396284,0.30293012,0.33290783,-0.002239584
0.1705297,0.49807578,0.591438,1.0070552,0.113596156,0.38171944,0.23828308,0.3246456,0.22300822,0.04260764
0.24381214,0.6381396,0.808341,1.5406793,0.263815,0.6325727,0.4042731,0.5328099,0.044212755,0.13743632
0.7163314,1.7524858,1.6425864,3.7717178,0.8068852,1.0910206,0.76811886,0.8696346,-0.1947273,0.41544572
0.33824503,0.8783024,0.9165034,1.8998364,0.3082032,0.5895316,0.3661526,0.46801144,0.03553681,0.14977184
0.36513877,0.68840873,0.7818363,1.3798897,0.1514619,0.86346996,0.6536465,0.66910875,-0.0063175694,0.24541062
0.41220084,0.83621234,0.81529665,1.5003414,0.13578796,0.8918059,0.73548853,0.72942567,0.041191056,0.24398153
-0.05070344,0.22642356,0.55453676,0.69325817,-0.206619,0.543739,0.3454903,0.28710544,0.49013248,-0.06186168
0.42794454,1.0169077,1.0328777,2.2470503,0.36655262,0.820589,0.5731643,0.7186074,-0.22186896,0.27536938
0.3304679,0.71573704,0.75751424,1.4645673,0.22611247,0.6380268,0.44989023,0.55001944,-0.0366306,0.18949834
0.26091552,0.6528595,0.7614088,1.4387746,0.23300791,0.5641287,0.36908,0.46885532,0.043599725,0.13632017
0.20599476,0.55726326,0.8026814,1.5122707,0.25915378,0.6571766,0.40791628,0.5192436,0.08096101,0.119802676
-0.16993849,0.1005981,0.6668538,0.81210864,-0.18110335,0.4874912,0.23851243,0.19750048,0.66616076,-0.18236682
0.24146855,0.5999056,0.6746043,1.2172785,0.0064402726,0.67281216,0.46677625,0.5244711,0.08412076,0.11428904
0.18868871,0.5801545,0.6735215,1.2755198,0.16373993,0.44529396,0.27501312,0.34785765,0.12812889,0.060180247
0.30922803,0.656366,0.81181055,1.4666569,0.25162253,0.7539386,0.51914775,0.6148899,-0.0060428833,0.18989527
-0.033622183,0.29629835,0.5983601,0.8603956,-0.12615815,0.38684887,0.20158648,0.18229029,0.58669966,-0.13277712
-0.0011311173,0.35178232,0.5922452,0.9464469,-0.051943913,0.31248027,0.13409805,0.18385851,0.55121636,-0.11813954
0.32075956,0.66051143,0.74006414,1.3201566,0.1398675,0.7759294,0.5718316,0.61568195,-0.0072568334,0.21093413
0.36275357,0.8395304,0.840676,1.7073059,0.31290936,0.640525,0.45440394,0.5381218,-0.023708686,0.21051894
0.46964335,1.0189618,0.93462294,1.8330805,0.4792432,0.4843813,0.40765125,0.45349225,0.026630737,0.23581581
0.059622042,0.33238313,0.55431306,0.821038,-0.073678,0.4874408,0.31504145,0.305824,0.32618144,-0.015759993
0.3437945,0.73338187,0.99715924,1.6261746,-0.16571775,1.2614415,0.9492753,0.86283696,0.34546718,0.22300386
