AFP,Input,Enquiry,File,Added,N_effort,Effort
0.006296398,0.006693814,0.03302393,0.020806003,0.013944417,0.027711114,0.010690905
0.026778895,0.026334245,0.029412664,0.031400166,0.02791926,0.11534845,0.09683968
0.028914856,0.02290354,0.027369257,0.050691575,0.024972567,0.090675876,0.08367844
0.016183648,0.015614307,0.109391056,0.024589919,0.019266373,0.045905437,0.037088677
0.005073904,0.0043133534,0.025389131,0.037054352,0.011766557,0.058040377,0.03935971
0.032436725,0.02514211,0.13029414,0.029291019,0.042675935,0.29947567,0.26487672
0.035090774,0.033563167,0.08729872,0.032945864,0.037715748,0.22482659,0.19741292
0.0033110678,0.010445951,0.057369415,0.019975107,0.013428599,0.032780528,0.026852246
0.030910645,0.03409026,-0.009415983,-0.009746674,0.03087156,0.06004448,0.042065058
0.013365263,0.008865794,0.057454295,0.031045076,0.0174674,0.052304022,0.043287035
-0.0014073309,-0.0059700646,0.015502334,-0.0069112736,-0.00067744777,0.015604179,0.002680907
0.02111429,0.0089044105,0.083672106,0.014024003,0.025168361,0.008480884,0.012917709
0.042185493,0.026344907,0.29490298,0.039621953,0.04471132,0.02825253,0.021627046
0.0062799808,0.010225661,0.0060701417,0.013632097,0.013160599,0.028661996,0.011627447
0.009101418,0.014560899,0.087440714,0.002647724,0.0046604704,0.019860342,0.011170305
0.03159936,0.015480462,0.20889094,0.015578295,0.034276105,0.016812595,0.016315151
0.004056478,0.004546009,0.020526484,0.017588273,0.011166476,0.037340384,0.025942955
0.015719898,0.016010337,0.0634883,0.027999803,0.026955096,0.02887934,0.022209637
0.011011453,0.008746052,0.045398466,0.019990537,0.020271713,0.040113743,0.02792485
0.008029427,0.00737893,0.06367886,0.009387122,0.00757464,0.06289858,0.055604834
0.007131569,0.0037188008,-7.084198e-05,0.023938775,0.01531465,0.095371544,0.08486557
-0.0011126623,0.0043526515,-0.017760783,0.01272728,0.0038957745,0.030207176,0.017110925
0.007093844,0.0076623578,0.041346893,0.00898886,0.014014469,0.07932174,0.06616104
0.016218062,0.015490143,0.0329703,0.019518841,0.02798883,0.032555696,0.022144493
0.01520306,0.010584127,0.055253293,0.008025489,0.01975366,0.09989653,0.08136265
0.07620354,0.074938774,0.22286306,0.0789321,0.06651696,0.20543116,0.15648337
0.05253306,0.034486823,0.21295474,0.046921868,0.07535236,0.09138431,0.07561058
0.0057921186,0.0012843944,-0.013182244,0.003692083,0.008857159,0.026971117,0.024027228
0.032831233,0.022999544,0.055576425,0.048992135,0.039425448,0.10025048,0.079917416
0.012704214,0.012185769,-0.00448143,0.001212256,0.019753205,0.04561226,0.039392386
0.023181723,0.020200541,0.0045601334,-0.0010849093,0.020986332,0.018627921,0.026580729
0.03845829,0.023043655,0.15496661,0.022257406,0.047816306,0.05997269,0.052364197
0.012382251,0.008204183,0.037942387,0.02981234,0.01670816,0.050873853,0.043504547
0.0077941334,-0.0053414404,0.08535568,0.024521843,0.014144497,0.14001979,0.11891101
0.016815316,0.0073509943,0.019089745,0.010187591,0.029678414,0.084808916,0.07089247
0.01996694,0.022596952,0.066213846,0.030678902,0.013300935,0.105458625,0.08318208
0.0006273929,0.0008766204,0.03248714,0.006315944,0.002025647,0.055489764,0.03743829
0.002769854,0.0025881715,0.035639774,0.019736972,0.0045545716,0.05309395,0.03417355
0.015715886,0.014068091,0.07733414,0.027901161,0.024100857,0.036433425,0.033183627
0.0064944793,0.008635867,0.036513664,0.013822301,0.0117132645,0.013173432,0.0066646915
0.007814122,0.0053487606,0.075884804,0.042403385,0.015428606,0.031073287,0.02039621
0.029434187,0.021816505,0.09614243,0.04127474,0.02147236,0.0817373,0.059952084
0.012071835,0.013798101,0.046974413,0.030897748,0.019674221,0.056070127,0.043204714
0.01243619,0.002228953,0.024117343,0.030043066,0.022584202,0.039730266,0.03376474
0.0035538115,0.010121202,0.01581527,0.028495517,0.022424472,0.016885158,0.008684253
0.00679587,0.013683036,-0.018216845,0.013164039,0.014467018,0.037819117,0.025159843
0.004455887,0.012264745,0.018338244,0.032882318,0.016713029,0.034197513,0.027544212
0.0027840063,0.0019241162,0.0200186,0.013021384,0.0065230876,0.057840694,0.0469683
0.006568009,0.014887871,-0.0018032687,0.020246636,0.006456867,0.058343805,0.044818345
0.013128953,0.015484562,-0.023147505,0.026071932,0.020600693,0.04011383,0.029868737
4.3399632e-07,0.0057784393,0.010474671,0.017701749,0.0024645794,0.022630379,0.014516838
-0.0005891789,0.001300998,-0.01806809,0.016563602,0.007696066,0.023956534,0.011471003
0.009708296,0.010614855,0.031271882,0.022921413,0.016057758,0.09681326,0.08242005
0.0043421835,0.0031694174,0.0868358,-0.012478535,0.0046447422,0.13018085,0.11144012
0.0025937073,0.0024287105,0.01735517,0.012740293,0.011431348,0.023325022,0.013922419
0.0028285813,0.0035867393,0.017164031,0.012889761,0.011205176,0.015443453,0.008498633
0.010974649,0.013169229,-0.034490757,0.008792165,0.01677973,0.01300959,0.011703286
0.005890752,0.003212195,-0.0036481852,0.011767161,0.012163585,0.041837692,0.03218127
0.019812677,0.013471648,0.05383377,0.036979813,0.019922087,0.06785969,0.057750393
0.037075937,0.029371075,0.07917189,0.046614684,0.051424824,0.20658983,0.17888747
0.01307256,0.011996325,0.03739319,0.022512894,0.01731694,0.0592555,0.041332033
0.039503425,0.029108867,0.0937304,0.046905298,0.03771238,0.10692963,0.090951204
0.0024876092,0.006728664,-0.012310973,-0.0015016194,0.0077290554,0.005667653,0.00067628734
0.027417814,0.019285142,0.13063926,0.040046386,0.010244105,0.06517844,0.046684053
0.00501429,0.008362802,0.061637986,0.013819148,0.00519659,0.023560332,0.013077732
0.01715813,0.013665823,0.058249917,0.024184514,0.02662581,0.05252852,0.0425951
0.017904652,0.001336664,-0.013582029,0.019350328,0.028695578,0.05742884,0.048542295
0.0032687858,0.002903223,0.054405678,0.026622493,0.010643259,0.055990394,0.04215612
-0.0022728983,0.0068111084,-0.007872998,0.009217921,-0.0010383278,0.03131409,0.0176826
0.0008349493,0.002926562,0.038462345,0.023139693,0.0108577665,0.070286095,0.06662449
0.009329208,0.01028336,-0.009942652,0.011368771,0.013110323,0.061690394,0.04517598
0.008984652,0.014963713,0.009122687,0.02558428,0.01624311,0.026579324,0.018153831
0.009128905,0.010862775,0.030131985,0.020841293,0.019506114,0.03702439,0.023008026
0.01123336,0.0118908975,0.028564736,0.00664924,0.011357972,0.059970044,0.04377574
0.0032693483,0.00837896,-0.0035417685,0.014049,0.008529408,0.025305267,0.011104293
0.022134831,0.0135410745,0.018032644,0.046355594,0.024720894,0.13642554,0.120709464
0.01515931,0.015204245,-0.0085348515,0.044507146,0.019903934,0.04659745,0.032950986
0.015448173,0.016454633,0.04717256,0.021892276,0.016268892,0.033682726,0.019475747
-0.0020139776,-0.0011715293,-0.010526202,0.007883814,0.006754089,0.02979593,0.013883095
0.03214351,0.03709866,0.02259973,0.042634055,0.048159264,0.12072153,0.08745374
0.004626747,0.00662262,0.029059641,0.015056635,0.009267729,0.008011835,0.0019339975
0.037936386,0.028169949,0.14331624,0.019081559,0.055273287,0.30501667,0.2615775
0.0011474062,0.0010581054,-0.0052603306,0.011114013,0.010039771,0.052018344,0.040653776
0.0042127576,0.0014969297,0.026273277,0.024193417,0.010905316,0.01025372,0.0068181157
0.019891527,0.014611673,0.13629763,0.02418831,0.016545637,0.02379363,0.022131111
0.005552429,0.007533131,0.0034770165,0.01756689,0.0067246836,0.027398985,0.017618831
-0.007907294,0.002369184,-0.015669521,0.0031670295,4.4676475e-05,-0.00010170415,-0.0006335769
0.0049920846,0.0004582815,0.05154232,0.0127032595,0.021062916,0.104510725,0.08605392
0.00859447,0.010040838,0.036431927,0.0206878,0.01604622,0.021207366,0.014218383
0.010054624,0.009501342,0.027920842,0.019013427,0.0052162968,0.028497312,0.011946805
0.009693915,0.003977224,0.033309855,0.009331127,0.013702432,0.052728295,0.04497293
0.011311408,0.0152529515,-0.04099224,-0.0054751034,0.01591791,-0.0026376257,0.0040361844
0.005771936,0.008244427,-0.013550536,0.015056119,0.012079567,0.01879114,0.013656769
0.015742859,0.0014694855,0.05553015,0.021468733,0.01780164,0.08487178,0.074864924
0.051752366,0.047733374,0.17981394,0.0538133,0.05340451,0.17679164,0.13549045
0.0018468872,0.005482871,0.045730636,0.0039821872,0.0032663494,0.017023474,0.008304074
0.00809165,0.0060960352,0.021950964,0.013276902,0.013238696,0.03320571,0.02301649
0.0050252983,0.007468708,0.043533854,0.01696229,0.017096737,0.008698351,0.0057200976
0.011533723,0.02035217,0.09476397,0.017253079,-0.00012123119,0.036580484,0.028871343
0.020384591,0.014995882,0.04010247,0.038820665,0.0334535,0.059898734,0.053374115
0.013269316,0.008299189,-0.018230155,0.0103191985,0.015162542,0.041493323,0.033905745
0.023195356,0.016840436,0.0755641,0.029591188,0.038819723,0.061265577,0.054017346
0.033170193,0.033066995,0.048130333,0.04649817,0.05472347,0.18684092,0.15298517
0.04170116,0.01618777,0.2263867,0.02758057,0.045018397,0.0677527,0.064834625
0.013594899,0.009329209,0.06753322,0.008119636,0.009833887,0.04684688,0.047755886
0.014649749,0.0154040065,-0.044181004,0.018234637,0.024931988,0.07381369,0.052288685
0.0137617905,0.004869465,0.017301824,0.019470457,0.019622521,0.021039337,0.01815486
-0.0011754483,0.0045180507,-0.011718274,0.0063763494,0.002406599,0.023384513,0.009994447
0.015837178,0.0067543127,0.06671364,0.010877197,0.038344078,0.16443057,0.14426239
0.030998372,0.017826086,0.19418518,0.024474476,0.03902501,0.01695312,0.014861971
0.018517464,0.014507143,0.061157923,0.023182567,0.021017676,0.037236184,0.037344817
0.008715269,0.015571816,0.03599766,0.01932453,0.013778066,0.043829016,0.03620755
0.001681177,0.008985413,0.035244484,0.01187838,0.0070780013,0.006208261,0.0047055073
0.009160943,0.008827018,0.08808531,0.016238715,0.0069190934,0.012006561,0.0061209593
0.016409919,0.012116738,0.05361486,0.023947682,0.02280653,0.019148363,0.016040701
0.008325149,0.010154441,0.027186606,0.020117275,0.017304687,0.0067667984,0.00044949353
0.0036485847,0.0038654692,-0.0071053402,0.019223727,0.008460863,0.03499301,0.018071674
0.005748707,0.0025963895,0.07363746,-0.013072031,-0.0065053776,0.08234055,0.067653164
0.016843894,0.023317192,0.12847494,0.016394626,0.00043509528,0.061684117,0.04580732
0.011232037,0.017838338,0.077069625,0.011480893,0.013939945,-0.010609952,-0.013433297
0.02012864,0.013931427,0.14165094,0.023092866,0.026895704,-0.013385163,-0.011984527
0.011806275,0.01960284,0.049541622,0.013749071,0.017216979,0.075894676,0.06123476
0.00428313,0.008824205,0.10130982,0.015115579,-0.0007315455,0.017802287,0.013305023
0.009459469,0.0065681413,0.024691172,0.025394678,0.008725846,0.04986892,0.04042085
-0.0078328885,-0.0027693175,-0.023405682,0.0056243623,-0.0072368924,0.023589471,0.007937208
0.01562889,0.016634326,0.05707069,0.035502125,0.01853473,0.12002625,0.10127792
0.058824986,0.044676382,0.1840996,0.027162094,0.06329906,0.14402711,0.11203013
0.013725347,0.016350843,0.07125924,0.019883044,0.018867241,0.047030706,0.03838654
0.008805614,0.0072857216,0.054775774,0.011497281,0.015994096,0.023073588,0.014528811
0.022923695,0.019430866,0.09641341,0.018533066,0.024549173,0.06560209,0.055031765
0.01051269,0.011471298,0.0010886323,0.02905149,0.023721842,0.05702725,0.040167358
0.00552429,0.0076815616,0.019019019,0.017334923,0.016009165,0.033412687,0.01880876
0.017959787,0.013363004,0.16219163,0.015092242,0.04805783,0.25214177,0.22401366
0.022114236,0.02584432,0.13976376,0.029079437,0.01281351,0.060123608,0.04324266
0.012430209,0.010512531,0.052973963,0.031961553,0.021043533,0.013043173,0.010493334
0.0038980618,0.009728866,0.041841652,0.021389917,0.0097183455,0.008590585,0.003793463
0.004250774,0.004973851,0.018172782,0.016916193,0.011534469,0.032439753,0.02373182
4.995987e-05,0.0031804293,-0.005583008,0.026121072,0.010015078,0.03452573,0.026916467
0.000108262524,0.009373885,0.019118953,0.02374383,0.010106504,0.009542933,0.008227576
0.005762796,0.0076315925,0.019658526,0.028440546,0.007646801,0.058220647,0.03673473
0.03889539,0.032156087,0.07622529,0.0535872,0.041650824,0.13083135,0.112048835
0.018762158,0.017710732,-0.04538761,0.019029293,0.026334042,0.0129933385,0.01646525
0.0064082528,0.006567102,0.034192417,0.031717055,0.011387505,0.04130191,0.03442248
0.004071327,0.0070671774,0.048351254,0.02592086,0.014772965,0.050857663,0.039173625
-0.00097571686,0.009900628,0.05798734,0.009375765,-0.0008843476,0.018707495,0.012228496
0.0076763676,0.0063605458,0.01569547,0.013752389,0.013529481,0.02644483,0.022817306
0.0016429294,0.00335294,0.0041310964,0.015396136,0.011508141,0.05591542,0.042350125
-0.001142133,0.002168201,-0.00827138,0.00031024683,0.0017035045,0.011978359,0.00097367354
0.035669222,0.03720433,0.07532458,0.04226161,0.041121364,0.16543628,0.13094693
0.014585215,0.014899937,0.03749657,0.023636337,0.021599328,0.06501256,0.054248575
0.008016199,0.010209452,0.018441191,0.021566775,0.017160634,0.01705349,0.0075379144
0.018451763,0.009424292,0.10766023,0.03190272,0.023505697,0.033132706,0.026824504
0.003545886,0.0060309432,0.019290831,0.017712586,0.012408927,0.07056405,0.052866306
0.005833973,0.004776895,0.047094386,0.013992482,0.009833615,0.023913354,0.01661633
0.02247003,0.024812613,0.086214475,0.01709577,0.026948264,0.050794583,0.03363618
0.035143934,0.01771226,0.20858659,0.03448069,0.04278592,0.23730733,0.20494011
0.019819375,0.017307406,0.040220547,0.020227548,0.039175317,0.18752475,0.15824725
-0.00020345114,0.00015547872,0.050451733,-0.002238823,-0.0074270098,-0.010388655,-0.018545207
0.0028591044,0.007868107,0.033462193,0.021174118,0.012153128,0.026228908,0.013562448
0.0031741485,0.008428408,-0.0006662719,0.020401783,0.014930263,0.019142067,0.004679527
0.053741664,0.050568026,0.20698592,0.0571222,0.049486376,0.40350002,0.34400213
0.0047920626,0.01143338,0.050380923,0.018950459,0.01123067,-0.015556374,-0.009075338
0.028762963,0.02154207,0.15593083,0.00072313845,0.056830175,0.32042998,0.2721523
0.019065086,0.017848317,0.032881547,0.020180568,0.023612248,0.10805287,0.08765933
0.0027993731,0.003706783,0.036289684,0.0077165123,0.01005611,0.0013595,-0.0023469813
0.015075049,0.011073509,0.0009403741,0.044930793,0.026984094,0.06403029,0.05097897
0.009072117,0.006087415,0.09393505,0.023422465,0.012224579,-6.0928054e-05,-0.004048392
0.0190081,0.01870104,0.07497876,0.029501047,0.018902043,0.048101492,0.036962856
0.024138607,0.0054738633,0.15719004,0.02757014,0.031136187,0.022784706,0.020738024
0.008458521,5.5991113e-05,0.034372505,0.008742358,0.0107942,0.028066158,0.018704917
0.0012655854,0.00063136965,0.026782349,0.019348655,0.007652847,0.039904423,0.021744147
0.0024901666,0.011899117,0.027846195,0.013379973,0.009022238,0.046329133,0.031295784
0.028094448,0.0170526,0.049920276,0.029924702,0.03741467,0.04016106,0.030816779
0.032165483,0.023884013,0.22733337,0.015445196,0.023027578,0.35454547,0.29721305
0.011432973,0.015083607,-0.04614315,0.012296469,0.015891677,0.09585579,0.07367155
0.010587496,0.015418259,0.051819198,0.022418406,0.013512233,0.02045559,0.012638062
0.006874481,0.006571181,0.032996323,0.018052898,0.0148844905,0.074032016,0.06337784
0.034967832,0.024582129,0.08106013,0.045798253,0.037937053,0.06525286,0.0584906
0.0066598402,0.008739859,0.06799044,0.010118769,0.009255601,0.05723378,0.041248854
0.016181745,0.008065537,0.013562196,0.020071905,0.028293977,0.08105416,0.06657463
0.0315758,0.023413263,0.08650496,0.026722033,0.041623905,0.06836197,0.051450472
0.015320057,0.015444385,0.08205486,0.020487215,0.020852594,0.07705065,0.064034075
0.0037370604,0.00791613,-0.004427298,0.020253424,0.011972863,0.055985898,0.044857014
0.005406433,0.006452158,0.034662936,0.020543072,0.018010737,0.020302806,0.014498185
0.023827014,0.019947236,0.04724714,0.025495272,0.030875241,0.08644626,0.07220243
0.019034183,0.017198516,-0.015443011,0.048500896,0.039359562,0.03599867,0.025342118
0.008368344,0.008594992,0.026532974,0.02527257,0.017463243,0.031219527,0.021097567
0.00943758,0.011258954,0.014614105,0.02293519,0.016013196,0.039373122,0.025273249
0.004699981,0.0017346963,0.026853813,0.01274188,0.011568826,0.06275848,0.052686412
0.035937704,0.03443647,0.15510392,0.04658752,0.026229555,0.07386185,0.059638802
0.0047453362,0.008503608,0.07151435,0.022185318,0.013188772,0.052401036,0.043234702
0.0101730935,0.011477638,0.050279107,0.02416385,0.011155954,0.09364987,0.06423287
0.012072248,0.008381506,0.05020518,0.025803104,0.017630799,0.022587668,0.01704235
0.0016610697,0.007369343,0.022791572,0.014551652,0.011021156,0.026420118,0.014136385
0.0096795065,0.0076847635,0.03283992,0.015130288,0.014356248,0.053322352,0.044670608
0.0063796574,0.010724278,0.04972719,0.014084981,0.011162505,0.010971141,0.0054057967
0.011940004,0.02311207,0.04780939,0.021105096,0.023785012,0.18183447,0.14186385
0.025997186,0.021924213,0.11173985,0.041849736,0.027658707,0.13252354,0.11269359
0.0063878614,0.007444704,0.018012535,0.009604364,0.0045784097,0.071848854,0.05212753
-0.00044533424,0.003775373,0.007250665,0.010447997,0.010215091,0.06802546,0.055137057
0.0071322275,0.004487768,0.048099514,0.022328053,0.012611689,0.066993065,0.057948705
0.123675555,0.089253634,0.4108601,0.08844371,0.13356413,0.56956714,0.4920927
0.01722734,0.019985905,0.023331914,0.032991912,0.027437465,0.08474274,0.059038814
0.009816375,0.010959797,0.0404542,0.021326784,0.01429477,0.039499298,0.030387416
0.018368315,0.015167687,0.078903146,0.020355642,0.024447316,0.015387209,0.015694764
0.0034455713,0.007254107,0.03476742,0.016083192,0.009015858,0.010714814,0.0018004235
0.009755885,0.010423373,0.010242635,0.023193955,0.019974107,0.022701474,0.011001524
0.02813267,0.01733188,0.13386707,0.03430874,0.030932667,0.083595514,0.06269437
0.009713149,0.007954264,0.05253202,0.018316392,0.011737261,0.060061947,0.045888063
0.07547195,0.057848647,0.21191838,0.0557819,0.10377052,0.28338325,0.22993283
0.034090586,0.030045962,0.08826808,0.028713617,0.05066569,0.12486253,0.10100514
0.011521604,0.012870377,0.0128501095,-0.0068651675,0.013248924,0.015579689,0.015898202
0.014733739,0.016423188,0.058317635,0.024783716,0.020919135,0.03130952,0.026571095
0.0076150764,0.009930896,0.061655197,0.022206757,0.010176109,0.051712774,0.037512533
0.0015235804,-0.0019708574,0.016019285,-0.0012310902,0.0007189382,0.06372732,0.054329496
0.022970596,0.0263542,-0.029772807,0.018639121,0.029257154,0.09749279,0.06904474
0.054747194,0.034725733,0.27938002,0.023252454,0.04355496,0.045585778,0.03679448
0.0035995487,0.0049497485,0.049775664,0.021357715,0.011129102,0.022031814,0.012994554
0.0018634144,0.010054534,0.0042213383,0.016445871,0.0008168798,-0.00022157747,-0.007372679
0.005200858,0.0066315457,0.0030304566,0.020115051,0.014677998,0.046686873,0.036158632
0.007043929,0.0033732615,0.030409425,0.013016787,0.012879081,0.025864575,0.009852443
0.016333781,0.00856922,0.0076458007,0.028077904,0.022306772,0.038693156,0.026712615
0.006529282,0.007826619,0.070419446,0.01957864,0.015445083,0.015568152,0.014156092
0.012948714,0.010163473,0.0017293962,0.026845012,0.018349523,0.03584648,0.022541143
0.0033056661,0.014056407,0.03240937,0.021523818,0.017600587,0.024598224,0.01783353
0.012588776,0.010997152,0.059943352,0.023430753,0.017681895,0.0482631,0.03635638
0.001989726,0.004824344,0.040768493,0.010523214,0.009243637,0.021581415,0.014572319
0.006082696,0.007809652,0.029736612,0.012554205,0.008986291,0.026101477,0.012598846
0.02131583,0.022452619,0.04939617,0.036464185,0.033907518,0.0698788,0.05448063
0.008134733,0.010756047,0.0588272,0.020350724,0.010551669,0.017275698,0.010825243
0.012662413,0.015999539,0.11484978,0.009200078,0.007790819,0.01414491,0.0038381126
0.0051963925,0.013402054,0.027402855,0.014234631,0.015927825,0.08399432,0.06405935
0.013378487,0.0072427653,0.0633423,0.031412393,0.01682104,0.043868992,0.029636938
0.081685096,0.051866755,0.21904247,0.06561396,0.117406264,0.3785098,0.33011472
-0.0021385625,0.0030052103,0.0011297036,0.006406175,2.6901253e-05,0.027294137,0.014541041
0.0099859005,0.014294051,0.05859342,0.016966406,0.023678595,0.0051258914,-0.003122462
0.057243586,0.051721253,0.20343937,0.056931794,0.0544127,0.21466234,0.16835812
0.002424458,0.007892335,0.02141882,0.006776979,0.011890383,-0.002818768,-0.008448398
0.0029853657,0.0047323965,0.03828008,0.01673055,0.019124849,0.07419907,0.06374775
0.003044095,0.0072959512,0.055567827,0.013458417,0.0057928674,0.019369323,0.01651723
0.015614584,0.016703552,0.05077512,0.026905254,0.018694649,0.07583453,0.05933823
0.004988217,0.0060121194,-0.016530368,0.020968985,0.012981249,0.044542495,0.02391329
0.058631517,0.040826786,0.22200142,0.0461078,0.06609596,0.10838085,0.08653654
0.007402772,0.014636725,-0.017087903,0.024396848,0.011692597,0.008502977,0.004172625
0.020190451,0.017004147,0.04673062,0.04814437,0.016171606,0.078073025,0.061990853
0.0037777629,0.0026699342,0.041904777,0.009573794,0.006528897,0.06897367,0.05550133
0.013686813,0.0050947405,0.03435122,0.017737005,0.017975295,0.032681238,0.029020842
0.012906782,0.01618017,0.0069521004,0.008698518,0.020199263,0.033397876,0.018460855
0.0006931182,0.007344814,0.0074587828,0.017885033,0.013899909,0.035456806,0.019953988
0.008747141,0.014213558,0.045943275,0.030610971,0.021222455,0.030152418,0.02677
0.010711816,0.011317518,0.04909371,0.027042363,0.019421449,0.046836816,0.036108762
0.003697725,0.0040466003,-0.015348672,0.026301071,0.01174004,0.025964726,0.016796645
0.005376165,0.008771749,0.06672752,0.017319266,0.009048738,0.06713817,0.054102074
0.026254497,0.024431217,0.04890986,0.037603084,0.03576769,0.05057466,0.03436873
0.031899244,0.026576431,0.16211586,0.053201173,0.032280236,0.0692673,0.053306166
0.017838402,0.009341238,0.0051270705,0.0193705,0.033812493,0.105555266,0.08999075
0.010851336,0.008790318,0.0585164,0.01834907,0.021978723,0.09555161,0.0826184
0.005112433,0.0043877847,0.027877778,0.016425997,0.010792937,0.03298207,0.020921696
0.01718835,0.0260624,0.086677805,0.025294308,0.022239583,0.13272849,0.09885365
0.0147263175,0.011725301,0.03273568,0.013450942,0.018609842,0.014044231,0.016395874
0.013927028,0.008817395,0.08207689,0.0312182,0.020659352,0.04158902,0.03353993
0.020131564,0.017819904,0.03889245,0.047678515,0.02849782,0.028026164,0.019123554
0.003580708,0.0037103668,0.009429851,0.009278326,0.009987019,0.05571369,0.033211887
0.0147511605,0.014184637,0.028198898,0.03424991,0.021332802,0.048803486,0.03980922
-9.621866e-05,0.0059763305,-0.0007336298,0.014048376,0.0076108295,0.022480786,0.0065900385
0.008014697,0.011405557,0.008498398,0.021966249,0.014862906,0.036532275,0.022749603
0.0069448007,0.02062106,0.033186052,0.017940167,0.012098746,0.08909067,0.0715967
-8.547492e-05,0.0036352314,-0.0053670583,0.008540404,0.0072276723,0.029502146,0.019671332
0.009457061,0.00923986,0.032474983,0.030051503,0.016468162,0.061632924,0.050340373
-0.0042471997,-0.0025080182,0.058015916,0.0058602784,-0.0009267414,0.007234268,0.0016378742
0.045268074,0.04467783,0.14020513,0.038796317,0.039726317,0.34568486,0.28249824
0.0015844814,0.008112935,6.2095e-05,0.01335553,0.007104896,0.010176323,-0.00028290972
0.00020950474,0.001972247,0.018245894,-0.0004824889,0.0044092666,-0.009508918,-0.016727617
0.12793984,0.08720192,0.36203647,0.076059386,0.16985078,0.34811267,0.28967813
-0.0008074567,0.0045835227,0.022398368,0.012354844,0.015203094,0.0985432,0.07938616
-0.00015515834,0.009006627,-0.015958346,0.007442058,0.0059619527,0.027815586,0.018624756
0.012482132,0.01815156,0.060476985,0.028496094,0.011457315,0.050354425,0.03693199
0.0070862705,0.009736516,0.06901526,0.020923756,0.010779923,0.02613042,0.020080209
0.008682458,0.004002396,0.016184064,0.021668237,0.015106734,0.04616265,0.040548306
0.004676517,0.004947927,0.04722474,0.02981389,0.01042686,0.063492395,0.05282109
0.0043942723,0.009195851,0.020369753,0.017677657,0.013302594,0.027470704,0.015849218
0.009832494,0.017616844,-0.005080673,0.024736091,0.010963507,0.052680086,0.03870248
0.0024696272,0.005091261,-0.006208905,-0.0032131476,0.0068613626,0.02741001,0.015826486
0.015279286,0.017203314,0.059760794,0.012416395,0.01482618,0.06605221,0.05250225
0.027463937,0.024651043,0.033117,0.021904502,0.027264459,0.048500605,0.04449225
0.0052826153,0.0063949935,0.011385058,0.020387273,0.014523555,0.02843858,0.013944663
-0.0021428838,-0.0009674914,0.025233803,-0.0043575466,0.0005291924,0.0037677307,-0.007138705
0.00799827,0.014138466,0.009302193,0.022641122,0.010872211,0.035263248,0.01956787
0.0016426016,0.0013972819,0.022962099,0.011267337,0.0040628426,0.03260006,0.018390838
0.0563548,0.04448389,0.14873035,0.030103315,0.06336957,0.14305884,0.11528817
0.009845565,0.009310279,0.034080215,0.014415626,0.01585515,0.030902315,0.012999337
-0.001271097,0.00946849,0.009981557,0.0028812084,0.00024734065,-0.0032740077,-0.009366069
0.01761854,0.019922819,0.0203616,0.016398944,0.02222359,0.08640256,0.07354836
0.012340006,0.013876867,0.012378879,0.007372941,0.019232078,0.00924154,0.010030296
0.027005233,0.027517144,0.12045125,0.03025655,0.023854906,0.20160848,0.173945
0.008175655,0.004057247,0.07544551,0.002143519,0.01972015,0.18311779,0.15946351
0.0035165884,0.005694233,0.066409536,0.013875975,0.0030785147,0.029025158,0.020014688
-0.0016157031,0.005637318,0.03332365,0.015766837,0.0035180282,0.018740192,0.012578178
0.014557235,0.015320754,0.054905646,0.0139884865,0.013611209,0.06800514,0.05711892
0.0111417435,0.01047585,0.055180844,0.019026708,0.017828977,0.020195808,0.014571812
0.034460843,0.023780677,0.23104535,0.026485316,0.03966275,0.2822709,0.23433648
0.0013590213,0.005571328,0.013375942,0.013413358,0.010128956,0.019320967,0.007879371
0.018371483,0.013463512,0.077196285,0.025182586,0.022011703,0.06891745,0.05350286
0.014239974,0.008762334,0.008055387,0.041686032,0.015201602,0.027399804,0.020559814
0.012596577,0.0069222413,-0.028263647,0.029129207,0.022403205,0.084260315,0.06819908
0.022810457,0.023729376,0.058504127,0.042929124,0.01998859,0.09869641,0.07488096
0.01485512,0.004888065,0.0056724213,0.03743637,0.02584094,0.050358757,0.04247466
0.001063522,0.009916114,0.08767921,0.019704547,0.00041160174,0.10632462,0.07660395
0.0037148409,0.011679878,0.029670242,0.028911274,0.0146737285,0.085953325,0.07150756
0.005319806,0.0027919002,0.012170928,0.014023568,0.006705759,0.04865615,0.03443895
0.0066176206,0.002840627,0.01193534,0.012415285,0.009697106,0.017431254,0.010557063
0.019175004,0.017618842,0.08998065,0.02155324,0.020919146,0.031856168,0.0247106
0.014524199,0.017135128,0.008778554,0.021756183,0.019622283,0.044114772,0.027946621
0.045517847,0.021959163,0.20426539,0.053465717,0.060275733,0.0381951,0.033114113
0.0060544405,0.007697232,0.0099349655,0.031457555,0.013623694,0.054886233,0.0522529
0.043858934,0.036998857,0.085764855,0.059431158,0.058523133,0.21410589,0.18040858
0.017264143,0.025357988,-0.017329786,0.01009323,0.025742853,0.031316962,0.0261578
0.009139401,0.009072229,0.009022995,0.013245341,0.013451029,0.079521574,0.06497924
0.0040049106,0.008727036,0.042265877,0.018638603,0.010594655,0.011430774,0.0069403294
0.014615624,0.014549412,0.023022406,0.03726056,0.020093208,0.036493037,0.030455232
0.028368745,0.024417479,0.093604095,0.04114759,0.032760367,0.240428,0.21786132
0.0038948376,0.006782282,0.024742786,0.015108013,0.0071925838,0.037426386,0.029560927
-0.008469649,0.0046532676,0.055050842,0.008777491,0.00061115995,0.06505863,0.04975983
0.017055696,0.010688445,0.031441838,0.016261015,0.026418531,0.069004446,0.04967763
0.009397254,0.009195112,0.026920106,0.009051629,0.01442318,0.06948316,0.054151844
0.012409382,0.010423081,0.042039778,0.022384416,0.023196226,0.03117175,0.019289773
0.017191678,0.00966998,0.030624602,0.036353577,0.023060428,0.03712536,0.030952495
0.0050970176,0.008715229,0.030110091,0.02424338,0.010461092,0.046666075,0.037235077
0.005117855,0.0037979782,0.02148448,0.016240694,0.011449337,0.03220403,0.027780965
0.027557626,0.007849172,0.149495,0.03533614,0.034412086,0.028793134,0.024693258
0.0076702656,0.0116084255,-0.0031132614,0.0061224503,0.018313317,0.015222533,0.010751545
0.008768221,0.012775432,0.05514507,0.02245342,0.015764337,0.030826956,0.022602987
0.008270278,0.006903585,0.102147736,0.01715402,0.0069754384,-0.016938377,-0.015447947
0.006046457,0.0080133565,0.011869156,0.0023105014,0.008006539,0.0021574507,-0.00044073164
0.010012668,0.012254313,-0.00018686894,0.0150756175,0.019889386,0.03425838,0.018603854
0.009383477,0.010562219,-0.0010797391,0.032142363,0.022009714,0.026807182,0.016231757
0.08310031,0.04987756,0.2972425,0.04753983,0.111990586,0.114950106,0.098675
0.0021275766,0.006153345,0.088468455,0.012548021,0.0014962405,0.0005403897,-0.0006711967
0.01847082,0.014281565,-0.002890939,0.009043162,0.026514007,0.055506293,0.040150046
0.022018854,0.01541925,0.028086621,0.006939643,0.03963791,0.13191563,0.10274887
-0.0035241712,0.003994286,0.036101185,0.0035094265,-0.0026594866,-0.0010433085,-0.0077110417
-5.041063e-05,0.0024255216,-0.009638607,0.014244749,0.010121586,0.037035834,0.026380926
0.012249039,0.009863587,0.02827311,0.035559073,0.018403547,0.03746578,0.0317244
0.021130566,0.020991372,0.019189468,0.06397602,0.029464161,0.0402267,0.038068138
0.0040146336,0.005293276,0.06044842,0.015657578,0.005903514,0.012994575,0.0046523567
0.014398517,0.0133107025,0.03129232,-0.00578723,0.008374652,0.017765995,0.018887058
0.0025188904,0.0018935055,0.031800643,-0.0023072194,-0.0012267344,0.0063116704,0.0028779227
0.0015295316,0.0018233322,0.05882917,0.011957853,0.0017049462,-0.0005064206,-0.0036050994
0.012649918,0.017716534,0.03693002,0.03507996,0.026956433,0.14734568,0.12680785
0.038456682,0.018040754,0.019487739,0.0646024,0.04990971,0.07845004,0.080221236
0.06817492,0.050316192,0.16321647,0.041542582,0.07899815,0.11056051,0.09773041
0.0009733606,0.009070726,0.014068946,0.014901533,0.005897712,0.008914945,-0.0035564974
0.009780281,0.002911795,0.03680757,0.010491318,0.0048322342,0.04977163,0.035367656
0.045363378,0.044560354,0.13250506,0.056617655,0.052573353,0.39060235,0.343724
0.0032870583,0.009495761,0.029170815,0.017715935,0.0123611335,0.011091951,0.007708069
0.010511158,0.010329226,0.056820776,0.019547548,0.021175576,0.030714877,0.019716844
0.0016274657,0.0016392618,0.053086497,0.0033765603,0.0051644575,0.013096255,0.0055311006
0.0053500216,0.0069003664,-0.0012160605,-0.0017367965,0.0072235987,0.009018945,0.0020281803
0.023027303,0.023567315,0.030762587,0.038922023,0.041032925,0.14194055,0.11162254
0.0010337867,0.0062861107,0.028331492,0.0011226572,0.009594137,0.026484054,0.011252608
0.016626256,0.010357942,-0.02536457,0.027541514,0.017337656,0.027303793,0.028942678
0.0028293692,0.004509408,0.020392478,0.018782653,0.009832526,0.04348255,0.030490704
0.0007332973,0.0022763088,0.007311383,0.013749803,0.0068883374,0.028616697,0.019066151
0.011936139,0.015503114,0.06267132,0.023639936,0.01992491,0.04407386,0.033645034
0.014149225,0.016083183,0.026669504,0.035602707,0.019655487,0.035378564,0.02570029
0.003127791,0.009096336,0.016849026,0.018100861,0.00459232,0.028399363,0.02059687
0.002907861,0.0087311175,0.07414561,0.013803885,0.007293012,0.015495899,0.008195436
0.0058645494,0.0058894493,0.020377569,0.007488642,0.009619875,0.027612235,0.018971063
0.008299418,0.010310173,0.010123474,0.024591412,0.014142042,0.04386873,0.029352996
0.01576613,0.01719114,-0.017879173,0.061986506,0.023478737,0.04840578,0.05109341
0.0030059014,0.008928681,0.0033653276,0.014487126,0.0059758984,0.056741476,0.038970206
0.018684257,0.012818009,0.07729531,0.022838842,0.01988537,0.068040684,0.05320322
0.0032551605,0.005404845,0.07522193,9.28184e-05,-0.0031759134,0.09078241,0.06929712
0.0017012581,0.00045974553,0.054708015,0.010241735,-0.0035587065,0.018224224,0.009095287
0.0047743414,0.009425646,0.023407549,0.018375225,0.012985006,0.022675395,0.013542455
0.002289001,0.006151978,0.06281943,-0.0041356515,0.005867975,0.0035634218,-0.003272958
0.014208268,0.013398441,0.061072215,0.024342496,0.020911293,0.041439254,0.031390708
0.0066565834,0.012784261,-0.0010198308,0.023278564,0.0117835365,0.037469625,0.024657726
0.0054120226,0.009694546,-0.009780089,0.024700068,0.016409582,0.09329601,0.07482019
0.054709338,0.04167035,0.14216854,0.03315321,0.0730022,0.13590495,0.10947037
-0.0044230632,-0.0022364743,-0.013896641,0.0028521884,0.0034416374,0.02018586,0.0061534587
0.015905265,0.01663967,-0.011668841,0.044817217,0.02669332,0.07124858,0.061822336
0.0067644855,0.01475345,-0.021668542,0.011692765,0.011761855,0.047868542,0.03632452
0.012007704,0.016123272,0.12536496,0.0048345337,0.006080296,0.017039808,0.008327974
0.004541371,0.011717856,0.0034684548,0.02145087,0.014125289,0.035698306,0.02803566
0.017206173,0.018466188,0.0401501,0.024217539,0.02645796,0.031302467,0.023907766
0.0002921503,0.0052316748,0.02839854,-0.004240606,0.0045425296,0.029163457,0.01566866
-0.0003603138,0.0035320148,0.04498651,0.003389514,0.0049946625,0.006034781,-0.0016945675
0.03738524,0.024777431,0.08839301,0.036358353,0.05396083,0.120015204,0.09490922
0.00786244,0.008038109,0.058634546,0.020047072,0.011470687,0.036415838,0.02544232
0.004922105,0.004539039,0.06791638,0.03134265,0.015889456,0.035335504,0.02734429
0.0035442878,-0.002030909,0.044841364,0.006613612,0.005769957,0.03496785,0.019206699
0.0053801825,0.0063325204,-0.0031733047,0.002448095,0.0063674524,0.010811023,0.010165989
0.004505299,0.0039489083,0.0057212836,0.013105878,0.012343245,0.061244167,0.043013703
0.0050902227,0.010130905,0.010998989,0.013649113,0.014818646,0.06050715,0.039939117
0.0002596397,-0.0009385571,0.032272596,0.017197669,0.0113068335,0.09208534,0.08194138
0.01611267,0.01706897,-0.0108366655,0.016861409,0.017428173,0.01246524,0.0107826665
0.011858976,0.012349153,0.00091638044,0.031705976,0.023106026,0.046671003,0.035002597
0.0008195862,0.0019796193,0.012027228,0.020756777,0.013342144,0.077515125,0.06309079
0.01574081,0.01684375,0.057864968,0.035029877,0.026562756,0.071302116,0.050009307
0.013946917,0.007947216,0.07272588,0.030222215,0.022767441,0.03639932,0.024261184
0.014199396,-0.0001334548,0.051606905,0.011487636,0.024995727,0.115282744,0.10189533
0.005793646,0.00531552,0.018922161,0.02099815,0.01272773,0.05308395,0.03207456
0.04566852,0.03160704,0.12471774,0.03537398,0.071313106,0.1096581,0.096377134
0.010735726,0.013809519,0.02178235,0.019238211,0.017296901,0.077656195,0.05522016
0.013506503,0.0063422136,0.079121575,0.0282147,0.02482724,0.034097757,0.030176263
0.011187885,0.008195968,0.04620041,0.03178482,0.017726598,0.0434933,0.03622964
0.010630356,0.00985023,0.0810813,0.00880297,0.008306535,0.035853036,0.027606092
0.005146007,0.003554821,0.039908413,-0.0035053845,0.013536004,0.043110967,0.028785639
0.008751422,0.010961512,0.05900379,0.033406097,0.01622984,0.028004646,0.020324621
0.09068363,0.06719415,0.33904386,0.05801037,0.11359955,0.2941478,0.23462273
-0.002584612,1.0106713e-05,0.018190317,0.0038379608,-0.0021481933,0.013424044,0.004319636
0.0448296,0.032945774,0.038315896,0.056723848,0.054620937,0.10608175,0.08750938
0.028413285,0.028345205,0.1238826,0.038452055,0.02833991,0.17989184,0.14185373
0.015698373,0.011634437,0.080389194,0.03904123,0.021115998,0.020312479,0.014839441
-0.000120706856,0.001562953,-0.020528313,0.027387995,0.00579804,0.057935894,0.035051823
0.0031093005,0.0063804425,0.034932073,0.009511708,0.0033761505,0.021138918,0.012640696
0.0014912784,-0.0029354058,0.024007596,0.008221093,0.008067854,0.03900788,0.022225779
0.03642716,0.03560943,0.13101885,0.034004744,0.034784384,0.18862393,0.16228294
0.0081641795,0.009529322,0.013505202,0.029633496,0.018991148,0.054087523,0.041557644
0.0033239648,-0.00082565844,0.026226982,0.01558617,0.010480143,0.022277188,0.015531439
0.003273435,0.0056482814,0.018663766,0.023976766,0.0129207745,0.027687266,0.015228532
0.06982134,0.05031636,0.18717286,0.07482356,0.08081326,0.3006334,0.2709369
0.0016209353,-0.0071930215,0.0054003433,0.006513539,0.0033427496,0.052338056,0.032780096
0.0075142495,0.013245542,0.038855627,0.021968365,0.018870229,0.069382474,0.055429976
0.00610721,0.008164812,0.062456716,0.020630766,0.010694955,0.036898334,0.028874267
0.012676319,0.013324024,0.029253274,0.020257782,0.01971124,0.052600656,0.038015604
0.008374165,0.009546338,0.07515786,0.02892654,0.013970334,0.03813475,0.02641239
0.040867478,0.015490113,0.1726847,0.045240544,0.042872474,0.22178178,0.20600303
0.011647968,0.00803303,0.08503044,0.019209031,0.00976518,0.058264904,0.046951305
0.0075761667,0.010460902,0.029761743,0.021765169,0.010135736,0.024242582,0.019063737
0.015306799,0.010194058,0.077653356,0.030131277,0.023449944,0.044915847,0.035379898
0.00035311654,-0.00018963963,0.01842683,0.014066917,0.0037621334,0.046409614,0.030042682
0.010362331,0.013345562,0.038091697,0.023112033,0.017333204,0.03584108,0.03001215
0.0041664764,0.007853171,0.06270642,0.0096698,0.01207668,0.026080288,0.018980373
0.0031291284,0.0034170635,-0.0063512353,0.015365091,0.010786317,0.04409746,0.026163418
0.01780375,0.017201684,0.039059736,0.03784806,0.017424325,0.09705663,0.07558665
0.008323831,0.011337088,-0.003654372,0.01970454,0.011132022,0.03093629,0.019073859
-0.000766078,0.0021145158,0.060141902,0.0041732136,0.0178484,0.1357776,0.09887949
0.050525963,0.045511164,0.16338736,0.07119943,0.044603862,0.30633983,0.26032832
0.011913764,0.013447661,0.05884073,0.026559759,0.017695578,0.036994826,0.027737044
0.0083512245,0.0070306063,0.06848744,0.022110939,0.01463183,0.024766035,0.020575702
0.011437312,-0.0010566525,0.013230126,-0.0057136957,-0.00091349613,0.038578827,0.04044291
0.019148178,0.011386022,0.12294808,0.035843205,0.018398864,0.028319048,0.023634419
-0.0065257624,-0.0038074479,-0.008202073,0.012321684,-0.004798701,0.009425169,-0.002809992
0.015456388,0.012278393,0.047654994,0.022817846,0.024038455,0.03429892,0.030884273
0.0044815373,0.006208595,0.06735585,0.010540609,0.00781998,0.019555245,0.010625154
0.0903874,0.055530667,0.36106095,0.050295528,0.12024349,0.09579825,0.08381605
0.00025958382,0.0020361617,0.017595079,0.011397519,0.0049316864,0.011180289,0.0021468624
0.0025272034,0.00091440976,0.040684063,0.008386678,0.009577172,0.022643445,0.009573352
0.0052403975,0.005327627,0.031443585,0.011439522,0.011041634,0.06412676,0.0492031
0.015072399,0.015697537,0.025909726,0.03503491,0.024310732,0.055193327,0.04467566
0.0004982911,0.0067288764,0.07589821,0.019207742,0.011536948,0.023124453,0.020056546
0.0062013976,0.01009069,0.02677479,0.014133898,0.010968752,0.0301424,0.02089858
0.013402788,0.008568421,0.045267165,0.009259279,0.020724976,0.032818973,0.03148739
0.009608407,0.011475911,0.019291854,0.027019355,0.018398123,0.053581506,0.033937804
0.013538221,0.009009857,-0.025399122,0.04078997,0.021507056,0.002162858,-0.00043564476
0.0019632615,0.0031707697,0.03521379,0.010115786,0.0050392617,0.016961144,0.005509585
0.010283343,0.014459942,0.0538269,0.027278945,0.016077204,0.013162333,0.013260514
0.05952575,0.045383126,0.12460186,0.041550487,0.08682909,0.1666923,0.13338934
0.0065207537,0.008447239,0.0672308,0.035427805,0.015908621,0.034059003,0.027740851
0.008511675,0.0078064185,0.07596794,0.022091419,0.010935146,0.0071321754,0.004510725
0.022120086,0.023368951,0.038852856,0.021218754,0.02643784,0.0036598332,0.0006246809
0.0017953161,0.008155553,0.0151471915,0.021980938,0.004465187,0.010041362,0.004050564
0.0013073068,0.003547497,0.03355223,-0.00023258664,0.0069996603,0.047395572,0.027190167
0.00508009,0.012026668,0.031442586,0.014316496,0.009040806,0.02878776,0.023400944
0.06743606,0.04584245,0.20390166,0.031116065,0.09088268,0.2620675,0.21377079
0.011076888,0.00799128,0.06200839,0.016764142,0.019195752,0.0051491614,0.0063351654
-0.00034721754,0.005527042,-0.021083973,0.009344214,0.0052822027,0.0042307423,0.0056057572
0.010640329,0.010109216,0.034965113,0.01639606,0.01597994,0.09587536,0.0858345
0.015394144,0.011674836,0.06518053,0.030039359,0.02185393,0.06636729,0.054287095
0.020179639,0.018345648,0.09520498,0.04099211,0.020611545,0.06295002,0.046619575
-0.00018564053,0.00470357,0.03151645,0.0065795984,0.004742412,0.0057673063,0.0017040577
0.01182419,0.011758039,-0.007187384,0.026645433,0.017555365,0.030939993,0.019498378
0.004566405,0.00889058,0.09527352,0.007601141,0.006526554,0.021310631,0.018806756
0.002381172,0.0075121913,-0.0072784377,0.01685704,0.013044689,0.0684819,0.04842205
0.019154338,0.018198157,0.12468,0.033947635,0.01758114,0.07162819,0.055769358
0.004539717,0.0036622956,-0.0024174983,0.01911496,0.0070941057,0.021922147,0.009914506
0.0025865324,0.007308971,-0.016656168,0.01829474,0.0057918765,0.031636078,0.01224127
0.003649775,0.010466035,0.06055527,0.019753423,0.0047142524,0.015590947,0.008349003
0.012581524,0.014957668,0.12194635,0.005324631,0.014353225,0.02022862,0.01848704
0.012915725,0.011385834,0.10743529,0.011959336,0.007899273,0.0019454425,-0.002438575
0.05073639,0.033046447,0.26944575,0.047008045,0.05607023,0.0737436,0.04928061
0.03238531,0.02528314,0.09076114,0.008590954,0.016674249,0.045314047,0.052916203
0.0062438063,0.013808986,-0.006338577,0.02095078,0.016496921,0.023649396,0.013352722
0.0063804807,0.011420896,0.015103801,0.008347974,0.015347904,0.020825008,0.008720232
0.009501193,0.009239806,0.05831462,0.018255081,0.02217372,0.01956244,0.009891823
0.006005629,0.007436311,-0.0029892875,0.025551729,0.010614637,0.05924557,0.038863182
0.005786243,-0.0039536916,0.08570931,0.0027915398,0.009517975,0.067869626,0.05009385
0.002159195,0.011654234,-0.0044464124,0.0038156584,0.00805161,0.047101993,0.030343443
0.0073115258,0.008585233,0.07124383,0.007253688,0.010248993,0.01810131,0.015937567
0.004577717,0.013397673,-0.013656513,0.017931875,0.012143562,0.019584792,0.021762203
0.0059459237,0.0070260204,0.08505448,0.010845884,0.0038589519,0.0076523186,0.00020630658
0.01675355,0.016782083,0.035897676,0.028577894,0.023962243,0.0663694,0.052956607
0.007337029,0.009918058,0.03266772,0.017238654,0.01311294,0.023209564,0.014855672
0.0017754678,0.004787989,-0.0037384033,0.014047739,0.009060144,0.075356394,0.059883934
0.030204765,0.018641394,0.079197384,0.037460726,0.038873307,0.04256544,0.04360039
0.009065309,0.01264805,-0.030650996,0.030054443,0.014456706,0.068581365,0.05928969
0.005783232,0.011066619,-0.01036352,0.012045463,0.008753182,0.0074194437,0.0024826527
-0.0018925443,0.0059765354,0.0118783815,0.01415985,0.007234292,0.030916877,0.014406446
