FunctionalSize,ProjectElapsedTime,DevelopmentType,LanguageType,MaxTeamSize,NormalisedWorkEffortLevel1
0.0,0.0,0.0,0.0,0.025765016086504267,0.00032469289463715566
0.12571312143439284,0.1590909090909091,1.0,0.5,0.025765016086504267,0.24563017479300828
0.14812550937245314,0.13733377017519657,0.0,0.5,0.025765016086504267,0.2837139455598247
0.022616136919315404,0.13733377017519657,0.0,0.5,0.025765016086504267,0.09857135126359652
0.09311328443357783,0.09090909090909091,0.0,0.5,0.014586709886547812,0.030426430001623466
0.0008149959250203748,0.0425,0.0,1.0,0.025765016086504267,0.005303317279073543
0.015688671556642216,0.31136363636363634,0.0,0.5,0.009724473257698542,0.04322474159857135
0.0002037489812550937,0.002272727272727273,0.0,0.5,0.025765016086504267,0.0019075707559932898
0.062347188264058676,0.06818181818181818,1.0,1.0,0.025765016086504267,0.0339845229720223
0.013447432762836185,0.20454545454545456,1.0,0.5,0.025765016086504267,0.03938254234536501
0.055419722901385485,0.1240909090909091,0.0,0.5,0.025765016086504267,0.02548839222901672
0.013243683781581092,0.06818181818181818,0.0,0.5,0.025765016086504267,0.03660912387033931
0.0018337408312958435,0.05681818181818182,0.0,1.0,0.025765016086504267,0.004586287136749824
0.14242053789731052,0.2795454545454546,1.0,1.0,0.025765016086504267,0.06495210779804102
0.030766096169519152,0.13636363636363635,1.0,0.5,0.027552674230145863,0.0325234049461551
0.0,0.13733377017519657,0.0,0.5,0.025765016086504267,0.0008252611072027707
0.00876120619396903,0.1590909090909091,0.0,1.0,0.0340356564019449,0.054913685805508955
0.04074979625101874,0.13733377017519657,0.0,0.5,0.025765016086504267,0.024595486768764545
0.002241238793806031,0.06818181818181818,0.0,0.5,0.025765016086504267,0.002381081227339142
0.1393643031784841,0.13636363636363635,0.0,0.5,0.011345218800648298,0.024135505168028572
0.005093724531377342,0.09090909090909091,1.0,0.5,0.011345218800648298,0.009226689755939174
0.004278728606356968,0.06136363636363637,0.0,0.5,0.025765016086504267,0.03169814383895232
0.053789731051344734,0.13733377017519657,0.0,1.0,0.025765016086504267,0.11475188051301477
0.06540342298288508,0.2727272727272727,1.0,0.5,0.02431118314424635,0.07931976838573516
0.02241238793806031,0.05818181818181818,0.0,1.0,0.025765016086504267,0.02493370853401158
0.061939690301548486,0.29545454545454547,0.0,0.5,0.0340356564019449,0.04045132312354565
0.017114914425427872,0.09090909090909091,0.0,1.0,0.011345218800648298,0.02167325071703014
0.15118174409127955,0.13733377017519657,0.0,0.5,0.025765016086504267,0.2043941771740895
0.015077424612876936,0.13636363636363635,0.0,0.5,0.017828200972447323,0.026137778018291032
0.009372453137734311,0.041818181818181824,0.0,1.0,0.025765016086504267,0.0021240326857513937
0.032192339038304804,0.13733377017519657,0.0,0.5,0.025765016086504267,0.13143297797499864
0.07823960880195599,0.11363636363636365,0.0,0.5,0.011345218800648298,0.01665403972076411
0.06866340668296658,0.1590909090909091,0.0,1.0,0.008103727714748784,0.00909140104984036
0.007538712306438467,0.13733377017519657,0.0,1.0,0.025765016086504267,0.0034769197467395424
0.009779951100244499,0.06818181818181818,0.0,1.0,0.014586709886547812,0.005587423561881054
0.019763651181744092,0.15545454545454546,0.0,1.0,0.025765016086504267,0.01182423291303642
0.005704971475142624,0.13733377017519657,0.0,1.0,0.025765016086504267,0.007765571730071974
0.01365118174409128,0.022727272727272728,0.0,0.5,0.025765016086504267,0.005844472103468802
0.045843520782396084,0.20681818181818182,0.0,0.5,0.012965964343598054,0.07944152822122409
0.003056234718826406,0.0425,0.0,1.0,0.025765016086504267,0.003571621841008713
0.5488997555012225,0.13636363636363635,0.0,0.5,0.0858995137763371,0.14818171979003192
0.006316218418907905,0.13733377017519657,0.0,1.0,0.025765016086504267,0.011404837924130093
0.030969845150774247,0.13733377017519657,0.0,0.5,0.025765016086504267,0.11338546458141674
0.061939690301548486,0.13733377017519657,0.0,1.0,0.025765016086504267,0.021537962010931326
0.06255093724531377,0.3340909090909091,0.0,0.5,0.011345218800648298,0.08072677092916283
0.04013854930725346,0.1590909090909091,1.0,0.5,0.017828200972447323,0.02612424914768115
0.09596577017114914,0.1590909090909091,1.0,0.5,0.014586709886547812,0.022187347800205637
0.04319478402607987,0.18181818181818182,0.0,1.0,0.027552674230145863,0.026273066724389848
0.02465362673186634,0.11363636363636365,0.0,0.5,0.025765016086504267,0.03782672222522864
0.03402607986960065,0.13733377017519657,0.0,0.5,0.025765016086504267,0.029601168894420694
0.10920945395273023,0.13636363636363635,0.0,0.5,0.014586709886547812,0.03253693381676498
0.09209453952730236,0.4545454545454546,1.0,1.0,0.017828200972447323,0.14429893392499593
0.08027709861450692,0.13733377017519657,0.0,1.0,0.025765016086504267,0.06309865252448725
0.030562347188264057,0.13733377017519657,0.0,0.5,0.025765016086504267,0.03526976567996104
0.08231458842705786,0.04318181818181818,0.0,0.5,0.025765016086504267,0.019860382055306023
0.009779951100244499,0.13733377017519657,0.0,0.5,0.025765016086504267,0.005154499702364847
0.011817440912795437,0.04113636363636364,0.0,1.0,0.025765016086504267,0.0047215758428486385
0.02302363488182559,0.11363636363636365,0.0,1.0,0.00486223662884927,0.018886303371394558
0.023227383863080684,0.13733377017519657,0.0,1.0,0.025765016086504267,0.04198008550246225
0.018744906275468622,0.29545454545454547,0.0,0.5,0.04376012965964344,0.05703771849126035
0.006723716381418093,0.06204545454545455,0.0,1.0,0.025765016086504267,0.009876075545213485
0.03117359413202934,0.09090909090909091,0.0,1.0,0.025765016086504267,0.012135396937063694
0.060309698451507736,0.38636363636363635,1.0,1.0,0.02431118314424635,0.11862113750744088
0.060309698451507736,0.03363636363636364,0.0,0.5,0.025765016086504267,0.02685480816061475
0.022616136919315404,0.34090909090909094,0.0,1.0,0.02431118314424635,0.04841982791276584
0.019559902200488997,0.045454545454545456,1.0,1.0,0.0016207455429497568,0.004545700524920179
0.028321108394458026,0.20454545454545456,1.0,0.5,0.017828200972447323,0.04175009470209427
0.0048899755501222485,0.13733377017519657,0.0,0.5,0.025765016086504267,0.006020347421397261
0.019559902200488997,0.18181818181818182,0.0,0.5,0.00486223662884927,0.01618052924941826
0.08272208638956804,0.09090909090909091,0.0,0.5,0.00486223662884927,0.007440878835434817
0.0059087204563977175,0.13636363636363635,0.0,0.5,0.011345218800648298,0.02082093186860761
0.03973105134474327,0.18181818181818182,0.0,1.0,0.014586709886547812,0.029046485199415554
0.0008149959250203748,0.13733377017519657,0.0,0.5,0.025765016086504267,0.0012175983548893337
0.02343113284433578,0.13733377017519657,0.0,0.5,0.025765016086504267,0.060622869202878946
0.0008149959250203748,0.057499999999999996,0.0,0.5,0.025765016086504267,0.0012311272254992153
0.08577832110839445,0.15681818181818183,1.0,0.5,0.025765016086504267,0.09389036203257753
0.034229828850855744,0.13636363636363635,0.0,0.5,0.017828200972447323,0.052979057308295906
0.02689486552567237,0.09090909090909091,0.0,1.0,0.017828200972447323,0.015355268142215488
0.040546047269763644,0.13733377017519657,0.0,0.5,0.025765016086504267,0.0249201796634017
0.03973105134474327,0.09090909090909091,1.0,0.5,0.008103727714748784,0.014624709129281887
0.0711083944580277,0.18181818181818182,0.0,0.5,0.04700162074554295,0.020239190432382707
0.09413202933985329,0.13636363636363635,0.0,1.0,0.0016207455429497568,0.014421776070133665
0.04788101059494702,0.13733377017519657,0.0,0.5,0.025765016086504267,0.022268521023864927
0.044213528932355334,0.022727272727272728,0.0,0.5,0.017828200972447323,0.014881757670869637
0.0016299918500407497,0.20022727272727275,0.0,0.5,0.025765016086504267,0.0026516586395367715
0.003259983700081499,0.13733377017519657,0.0,0.5,0.025765016086504267,0.0017858109205043562
0.040342298288508556,0.11363636363636365,0.0,1.0,0.014586709886547812,0.020509767844580334
0.021189894050529748,0.06818181818181818,0.0,1.0,0.025765016086504267,0.013136533362194924
0.0291361043194784,0.18863636363636366,1.0,0.5,0.00486223662884927,0.03517506358569187
0.0016299918500407497,0.002272727272727273,0.0,0.5,0.025765016086504267,0.0019075707559932898
0.00550122249388753,0.09090909090909091,0.0,0.5,0.025765016086504267,0.011066616158883056
0.022004889975550123,0.18181818181818182,0.0,0.5,0.02106969205834684,0.02676010606634558
0.006316218418907905,0.13733377017519657,0.0,0.5,0.025765016086504267,0.01363710157476054
0.015688671556642216,0.06431818181818182,0.0,1.0,0.025765016086504267,0.033849234265923484
0.02302363488182559,0.08636363636363636,0.0,0.5,0.025765016086504267,0.020401536879701282
0.0026487367563162185,0.13733377017519657,0.0,0.5,0.025765016086504267,0.0069944261053087285
0.011002444987775062,0.18181818181818182,0.0,1.0,0.008103727714748784,0.01082309648790519
0.07212713936430318,0.13733377017519657,0.0,0.5,0.025765016086504267,0.05879647167054494
0.007334963325183374,0.13733377017519657,0.0,0.5,0.025765016086504267,0.005749770009199632
0.051955990220048896,0.06818181818181818,1.0,0.5,0.008103727714748784,0.018629254829806808
0.25061124694376524,0.20454545454545456,0.0,0.5,0.10210696920583467,0.2710779804101954
0.06499592502037489,0.06818181818181818,0.0,1.0,0.014586709886547812,0.01310947562097516
0.002241238793806031,0.020454545454545454,0.0,0.5,0.025765016086504267,0.0023675523567292605
0.034637326813365926,0.06818181818181818,0.0,1.0,0.03079416531604538,0.039044320580117975
0.04095354523227383,0.11363636363636365,0.0,1.0,0.025765016086504267,0.0032739866875913202
0.08618581907090464,0.05,1.0,1.0,0.025765016086504267,0.028491801504410413
0.059494702526487364,0.34090909090909094,0.0,1.0,0.02431118314424635,0.06426213539693706
0.020374898125509373,0.13733377017519657,0.0,1.0,0.025765016086504267,0.009050814438010715
0.11267318663406682,0.1590909090909091,0.0,0.5,0.03079416531604538,0.051260890740840954
0.0028524857375713123,0.13733377017519657,0.0,0.5,0.025765016086504267,0.003165755722712268
0.009779951100244499,0.045454545454545456,0.0,1.0,0.027552674230145863,0.02207911683532659
0.11817440912795435,0.09090909090909091,0.0,1.0,0.011345218800648298,0.006385626927864062
0.11715566422167888,0.13636363636363635,0.0,0.5,0.025765016086504267,0.027301260890740843
0.002241238793806031,0.13733377017519657,0.0,0.5,0.025765016086504267,0.03413334054873099
0.05888345558272208,0.4545454545454546,1.0,1.0,0.011345218800648298,0.09031874019156881
0.028321108394458026,0.13636363636363635,0.0,0.5,0.025765016086504267,0.10177769359813843
0.26568867155664216,0.11363636363636365,0.0,0.5,0.025765016086504267,0.08923643054277829
0.0715158924205379,0.13636363636363635,1.0,0.5,0.03079416531604538,0.07926565290329564
0.10126324368378158,0.29545454545454547,0.0,1.0,0.025765016086504267,0.05479192597002002
0.29360228198859,0.25,1.0,1.0,0.025765016086504267,0.0828643324855241
0.1299918500407498,0.06818181818181818,0.0,1.0,0.00486223662884927,0.006818550787380269
0.07946210268948654,0.2272727272727273,0.0,1.0,0.03727714748784441,0.09004816277937118
0.0008149959250203748,0.13733377017519657,0.0,0.5,0.025765016086504267,0.02454137128632502
0.09005704971475142,0.18181818181818182,1.0,0.5,0.02431118314424635,0.11492775583094324
0.04441727791361043,0.06818181818181818,0.0,0.5,0.008103727714748784,0.008387899778126522
0.19926650366748166,0.13636363636363635,0.0,0.5,0.025765016086504267,0.3494913144650685
0.3266096169519152,0.1590909090909091,0.0,0.5,0.10210696920583467,0.2330483251258185
0.004482477587612062,0.011363636363636364,1.0,0.5,0.0016207455429497568,0.0012581849667189782
0.02343113284433578,0.4772727272727273,1.0,0.5,0.017828200972447323,0.12198982628930137
0.010798696006519967,0.13733377017519657,0.0,1.0,0.025765016086504267,0.013434168515612317
0.019152404237978808,0.13733377017519657,0.0,0.5,0.025765016086504267,0.033091617511770116
0.059494702526487364,0.13733377017519657,0.0,0.5,0.025765016086504267,0.023959629850100115
0.01263243683781581,0.13733377017519657,0.0,0.5,0.025765016086504267,0.008306726554467233
0.009779951100244499,0.13733377017519657,0.0,0.5,0.025765016086504267,0.009781373450944314
0.03158109209453952,0.045454545454545456,0.0,1.0,0.025765016086504267,0.006385626927864062
0.015688671556642216,0.13733377017519657,0.0,0.5,0.025765016086504267,0.05786297959846312
0.01650366748166259,0.13733377017519657,0.0,0.5,0.025765016086504267,0.01210833919584393
0.006112469437652811,0.13733377017519657,0.0,0.5,0.025765016086504267,0.007833216083121382
0.291361043194784,0.11363636363636365,1.0,0.5,0.04051863857374392,0.051869689918285625
0.015484922575387122,0.07090909090909091,0.0,1.0,0.025765016086504267,0.021389144434222632
0.007131214343928279,0.10386363636363637,0.0,0.5,0.025765016086504267,0.0076573407651929215
0.01039119804400978,0.04931818181818182,0.0,0.5,0.025765016086504267,0.001691108826235186
0.03402607986960065,0.11363636363636365,1.0,0.5,0.008103727714748784,0.015477027977704422
0.07171964140179299,0.2272727272727273,0.0,1.0,0.06320907617504051,0.13800800909140104
0.04563977180114099,0.13636363636363635,0.0,0.5,0.025765016086504267,0.03647383516424049
0.6827628361858191,0.29545454545454547,1.0,0.5,0.050243111831442464,0.4278911196493317
0.06825590872045639,0.18181818181818182,0.0,0.5,0.03079416531604538,0.13527517722820498
0.03891605541972289,0.11363636363636365,1.0,0.5,0.011345218800648298,0.02636776881865902
0.009779951100244499,0.06818181818181818,0.0,0.5,0.025765016086504267,0.01301477352670599
0.011409942950285249,0.06818181818181818,0.0,0.5,0.017828200972447323,0.012622436279019428
0.017318663406682967,0.13733377017519657,0.0,0.5,0.025765016086504267,0.07086422425455922
0.37102689486552565,0.20454545454545456,0.0,0.5,0.014586709886547812,0.043373559175280046
0.059087204563977175,0.13733377017519657,0.0,0.5,0.025765016086504267,0.07917095080902646
0.010594947025264874,0.13733377017519657,0.0,1.0,0.025765016086504267,0.011702473077547487
0.020374898125509373,0.13733377017519657,0.0,1.0,0.025765016086504267,0.02592131608853293
0.0258761206193969,0.13733377017519657,0.0,1.0,0.025765016086504267,0.015125277341847503
0.07966585167074164,0.09113636363636364,0.0,1.0,0.025765016086504267,0.03723145191839385
0.0647921760391198,0.13733377017519657,1.0,1.0,0.025765016086504267,0.031224633367606475
0.5961695191524042,0.34090909090909094,1.0,1.0,0.03727714748784441,0.10790627198441474
0.01752241238793806,0.13733377017519657,0.0,0.5,0.025765016086504267,0.013244764327073976
0.0059087204563977175,0.13733377017519657,0.0,0.5,0.025765016086504267,0.010511932463877915
0.003463732681336593,0.13733377017519657,0.0,0.5,0.025765016086504267,0.00691325288164944
0.014466177669111655,0.13733377017519657,0.0,0.5,0.025765016086504267,0.017438714216137238
0.007334963325183374,0.045454545454545456,0.0,0.5,0.008103727714748784,0.011080145029492937
0.0012224938875305623,0.1590909090909091,0.0,0.5,0.025765016086504267,0.03981546620488122
0.05440097799511002,0.11363636363636365,0.0,0.5,0.014586709886547812,0.01509821960062774
0.012224938875305624,0.11954545454545454,0.0,1.0,0.025765016086504267,0.011648357595107961
0.13590057049714752,0.39090909090909093,0.0,0.5,0.06320907617504051,0.28351101250067645
0.035044824775876116,0.18181818181818182,1.0,0.5,0.011345218800648298,0.015030575247578332
0.06927465362673187,0.13733377017519657,0.0,0.5,0.025765016086504267,0.11323664700470805
0.007131214343928279,0.13733377017519657,0.0,0.5,0.025765016086504267,0.012717138373288597
0.0291361043194784,0.09090909090909091,0.0,0.5,0.017828200972447323,0.03319984847664917
0.04462102689486552,0.13733377017519657,0.0,0.5,0.025765016086504267,0.020063315114454246
0.004686226568867156,0.022727272727272728,0.0,0.5,0.00486223662884927,0.002435196709778668
0.014669926650366748,0.18181818181818182,0.0,1.0,0.050243111831442464,0.05987878131933546
0.06764466177669111,0.06818181818181818,0.0,0.5,0.00486223662884927,0.009023756696790952
0.030562347188264057,0.22272727272727275,0.0,0.5,0.00372771474878444,0.03792142431949781
0.020171149144254278,0.06818181818181818,0.0,0.5,0.025765016086504267,0.030494074354672874
0.01589242053789731,0.06568181818181819,0.0,1.0,0.025765016086504267,0.008983170084961307
0.02526487367563162,0.045454545454545456,0.0,0.5,0.0016207455429497568,0.009240218626549055
0.01528117359413203,0.09090909090909091,0.0,0.5,0.025765016086504267,0.014611180258672005
0.02567237163814181,0.07613636363636364,0.0,1.0,0.025765016086504267,0.01626170247307755
0.002241238793806031,0.0225,0.0,1.0,0.025765016086504267,0.0028410628280751125
0.018133659331703342,0.13733377017519657,0.0,0.5,0.025765016086504267,0.012527734184750257
0.05358598207008965,0.09090909090909091,0.0,0.5,0.0016207455429497568,0.009402565073867634
0.035044824775876116,0.13636363636363635,0.0,0.5,0.00486223662884927,0.0085502462254451
0.015688671556642216,0.13733377017519657,0.0,0.5,0.025765016086504267,0.0068997240110395585
0.0024449877750611247,0.13733377017519657,0.0,1.0,0.025765016086504267,0.0027869473456355867
0.026691116544417276,0.18181818181818182,1.0,1.0,0.0016207455429497568,0.0038151415119865796
0.013447432762836185,0.11363636363636365,0.0,0.5,0.00486223662884927,0.0040586611829644455
0.01589242053789731,0.1590909090909091,0.0,0.5,0.00486223662884927,0.001691108826235186
0.007131214343928279,0.09545454545454546,0.0,0.5,0.00486223662884927,0.01626170247307755
0.09290953545232274,0.11363636363636365,0.0,0.5,0.014586709886547812,0.0365414795172899
0.019559902200488997,0.13733377017519657,1.0,0.5,0.025765016086504267,0.014814113317820229
0.1002444987775061,0.13636363636363635,1.0,0.5,0.011345218800648298,0.020049786243844365
0.023838630806845965,0.06818181818181818,0.0,0.5,0.025765016086504267,0.04161480599599546
0.03850855745721271,0.06818181818181818,1.0,0.5,0.025765016086504267,0.05928351101250068
0.0012224938875305623,0.007500000000000001,0.0,0.5,0.025765016086504267,0.0003111640240272742
0.10920945395273023,0.10681818181818183,1.0,0.5,0.025765016086504267,0.08078088641160236
0.060717196414017925,0.09090909090909091,0.0,0.5,0.04051863857374392,0.06192164078142757
0.02343113284433578,0.18181818181818182,1.0,0.5,0.017828200972447323,0.04310298176308242
0.004278728606356968,0.0590909090909091,0.0,0.5,0.025765016086504267,0.006439742410303588
0.005093724531377342,0.06818181818181818,0.0,0.5,0.025765016086504267,0.0002299908003679853
0.01752241238793806,0.06727272727272728,0.0,0.5,0.025765016086504267,0.01992802640835543
0.011002444987775062,0.13733377017519657,0.0,0.5,0.025765016086504267,0.015896422966610747
0.35656071719641397,0.06818181818181818,0.0,0.5,0.05672609400324149,0.09962660317116727
0.06316218418907905,0.11363636363636365,0.0,1.0,0.017828200972447323,0.04003192813463932
0.04176854115729421,0.13733377017519657,0.0,0.5,0.025765016086504267,0.017316954380648304
0.038304808475957616,0.13733377017519657,0.0,0.5,0.025765016086504267,0.011012500676443531
0.05460472697636511,0.13733377017519657,0.0,0.5,0.025765016086504267,0.044631744141999025
0.019356153219233903,0.13733377017519657,0.0,1.0,0.025765016086504267,0.01764164727528546
0.006519967400162999,0.12113636363636364,0.0,1.0,0.025765016086504267,0.003206342334541913
0.14099429502852487,0.25,0.0,1.0,0.017828200972447323,0.13426051193246388
0.002241238793806031,0.13733377017519657,0.0,0.5,0.025765016086504267,0.00581741436224904
0.013854930725346373,0.022727272727272728,1.0,1.0,0.025765016086504267,0.002164619297581038
0.01365118174409128,0.13733377017519657,0.0,0.5,0.025765016086504267,0.009064343308620597
0.03810105949470252,0.13733377017519657,0.0,0.5,0.025765016086504267,0.029695870988689865
0.029747351263243682,0.2727272727272727,0.0,0.5,0.0340356564019449,0.07428702851885925
0.033822330888345555,0.13636363636363635,1.0,1.0,0.00486223662884927,0.007792629471291737
0.2720048899755501,0.18181818181818182,0.0,1.0,0.03079416531604538,0.04308945289247254
0.00876120619396903,0.05454545454545454,0.0,0.5,0.025765016086504267,0.008604361707884626
0.01752241238793806,0.20454545454545456,0.0,0.5,0.02106969205834684,0.035134476973862225
0.034229828850855744,0.13733377017519657,0.0,1.0,0.025765016086504267,0.052180853942312894
0.03850855745721271,0.0225,0.0,1.0,0.025765016086504267,0.016789328426862926
0.04156479217603912,0.06818181818181818,0.0,1.0,0.00486223662884927,0.0107419232642459
0.003056234718826406,0.020454545454545454,0.0,0.5,0.025765016086504267,0.0019075707559932898
0.03769356153219233,0.18181818181818182,0.0,1.0,0.014586709886547812,0.015314681530385843
0.09474327628361857,0.2272727272727273,0.0,0.5,0.08914100486223663,0.14197196818009633
0.07518337408312958,0.13733377017519657,0.0,0.5,0.025765016086504267,0.1163482872449808
0.045028524857375705,0.13636363636363635,1.0,0.5,0.025765016086504267,0.03301044428811083
0.015077424612876936,0.13733377017519657,0.0,0.5,0.025765016086504267,0.003355159911250609
0.017318663406682967,0.13636363636363635,0.0,0.5,0.025765016086504267,0.01083662535851507
0.25122249388753054,0.3840909090909091,1.0,1.0,0.025765016086504267,0.03382217652470372
0.009779951100244499,0.13733377017519657,0.0,0.5,0.025765016086504267,0.005519779208831646
0.13060309698451508,0.13636363636363635,0.0,1.0,0.050243111831442464,0.09378213106769848
0.13712306438467808,0.20454545454545456,1.0,1.0,0.02431118314424635,0.0639509713729098
0.0012224938875305623,0.03363636363636364,0.0,1.0,0.025765016086504267,0.0031928134639320313
0.00876120619396903,0.13733377017519657,0.0,0.5,0.025765016086504267,0.01873748579468586
0.007334963325183374,0.031363636363636364,0.0,0.5,0.025765016086504267,0.007576167541533633
0.0,0.06204545454545455,0.0,0.5,0.025765016086504267,0.00032469289463715566
0.02852485737571312,0.13733377017519657,0.0,1.0,0.025765016086504267,0.023783754532171655
0.11165444172779135,0.2272727272727273,1.0,0.5,0.05348460291734198,0.22154878510741924
0.007131214343928279,0.08863636363636364,0.0,0.5,0.025765016086504267,0.005749770009199632
0.014669926650366748,0.09772727272727273,0.0,0.5,0.005186385737439222,0.02876237891660804
0.3037897310513447,0.4545454545454546,0.0,1.0,0.0858995137763371,0.27588072947670333
0.09189079054604726,0.13733377017519657,1.0,1.0,0.025765016086504267,0.0043698252069917206
0.014873675631621841,0.031363636363636364,0.0,1.0,0.025765016086504267,0.00044645273012608905
0.08353708231458842,0.06818181818181818,0.0,0.5,0.025765016086504267,0.04028897667622707
0.019967400162999183,0.13733377017519657,0.0,1.0,0.025765016086504267,0.005330375020293306
0.014058679706601468,0.09090909090909091,1.0,1.0,0.00486223662884927,0.005587423561881054
0.10289323553382232,0.3181818181818182,0.0,1.0,0.017828200972447323,0.03210400995724877
0.024449877750611245,0.06818181818181818,1.0,1.0,0.008103727714748784,0.004505113913090535
0.04563977180114099,0.09090909090909091,1.0,1.0,0.05672609400324149,0.07478759673142486
0.011409942950285249,0.045454545454545456,0.0,0.5,0.025765016086504267,0.003950430218085394
0.011206193969030154,0.13636363636363635,0.0,0.5,0.02106969205834684,0.022512040694842795
0.026691116544417276,0.09090909090909091,0.0,1.0,0.03727714748784441,0.05269495102548839
0.37163814180929094,0.06818181818181818,0.0,0.5,0.025765016086504267,0.030494074354672874
0.01650366748166259,0.13733377017519657,0.0,0.5,0.025765016086504267,0.013934736728177933
0.016299918500407497,0.13733377017519657,0.0,0.5,0.025765016086504267,0.015517614589534066
0.08618581907090464,0.13636363636363635,1.0,0.5,0.011345218800648298,0.03541858325666973
0.0004074979625101874,0.006818181818181818,0.0,0.5,0.025765016086504267,0.0004058661182964446
0.05277098614506927,0.2272727272727273,0.0,0.5,0.025765016086504267,0.05748417122138644
0.008149959250203748,0.13733377017519657,0.0,1.0,0.025765016086504267,0.0016775799556253044
0.009168704156479218,0.13733377017519657,0.0,1.0,0.025765016086504267,0.024040803073759404
0.18581907090464547,0.09090909090909091,0.0,1.0,0.011345218800648298,0.018778072406515505
0.02241238793806031,0.045454545454545456,0.0,1.0,0.008103727714748784,0.0025975431570972457
0.029747351263243682,0.11363636363636365,1.0,1.0,0.008103727714748784,0.006953839493479084
0.019559902200488997,0.13733377017519657,0.0,0.5,0.025765016086504267,0.04721575842848639
0.12184189079054604,0.36363636363636365,1.0,0.5,0.025765016086504267,0.14695059256453272
0.16768541157294214,0.20454545454545456,0.0,0.5,0.02106969205834684,0.08677417609177986
0.01752241238793806,0.13733377017519657,0.0,1.0,0.025765016086504267,0.03813788624925591
0.04400977995110024,0.13733377017519657,0.0,0.5,0.025765016086504267,0.07187888955030035
0.011409942950285249,0.04340909090909091,0.0,0.5,0.025765016086504267,0.013582986092321014
0.030562347188264057,0.13295454545454544,1.0,0.5,0.025765016086504267,0.02483900643974241
0.03748981255093724,0.045454545454545456,0.0,0.5,0.00486223662884927,0.004586287136749824
0.002241238793806031,0.10318181818181818,0.0,0.5,0.025765016086504267,0.002110503815141512
0.043398533007334955,0.09090909090909091,0.0,1.0,0.04376012965964344,0.04882569403106229
0.15158924205378974,0.125,1.0,0.5,0.025765016086504267,0.0914957519346285
0.01426242868785656,0.13733377017519657,0.0,1.0,0.025765016086504267,0.009037285567400834
0.14058679706601468,0.4545454545454546,1.0,1.0,0.027552674230145863,0.1691920558471779
0.03015484922575387,0.18181818181818182,0.0,1.0,0.014586709886547812,0.021402673304832514
0.011002444987775062,0.06818181818181818,1.0,0.5,0.025765016086504267,0.02030683478543211
0.25713121434392827,0.20454545454545456,1.0,1.0,0.025765016086504267,0.1456518209859841
0.011002444987775062,0.045454545454545456,0.0,1.0,0.00486223662884927,0.0002976351534173927
0.010798696006519967,0.04318181818181818,0.0,0.5,0.025765016086504267,0.007630283023973158
0.010187449062754686,0.045454545454545456,0.0,1.0,0.025765016086504267,0.007251474646896477
0.058679706601466985,0.1590909090909091,1.0,1.0,0.027552674230145863,0.024663131121813953
0.10330073349633251,0.13733377017519657,0.0,1.0,0.02431118314424635,0.02191677038800801
0.0517522412387938,0.06818181818181818,1.0,1.0,0.00486223662884927,0.012203041290113101
0.04462102689486552,0.18181818181818182,0.0,1.0,0.017828200972447323,0.02709832783159262
0.005297473512632436,0.13733377017519657,0.0,0.5,0.025765016086504267,0.007427349964824937
0.9999999999999999,0.4318181818181818,1.0,0.5,0.025765016086504267,0.9620921045511122
0.00550122249388753,0.13733377017519657,0.0,0.5,0.025765016086504267,0.013975323340007575
0.009983700081499593,0.13733377017519657,0.0,0.5,0.025765016086504267,0.004829806807727691
0.4519152404237978,0.5454545454545454,1.0,1.0,0.05348460291734198,0.3446885653985606
0.03687856560717196,0.13733377017519657,0.0,0.5,0.025765016086504267,0.017858109205043562
0.0008149959250203748,0.14795454545454545,0.0,1.0,0.025765016086504267,0.000554683695005141
0.011002444987775062,0.13733377017519657,0.0,0.5,0.025765016086504267,0.009781373450944314
0.0356560717196414,0.1590909090909091,0.0,0.5,0.014586709886547812,0.038706098814870936
0.001426242868785656,0.29545454545454547,0.0,0.5,0.025765016086504267,0.05231614264841171
0.018948655256723717,0.045454545454545456,0.0,0.5,0.00486223662884927,0.006629146598841929
0.0006112469437652812,0.11954545454545454,0.0,1.0,0.025765016086504267,0.009876075545213485
0.01365118174409128,0.13733377017519657,0.0,0.5,0.025765016086504267,0.0059527030683478544
0.008149959250203748,0.07772727272727273,0.0,0.5,0.025765016086504267,0.0038151415119865796
0.23634881825590873,0.2272727272727273,0.0,0.5,0.03079416531604538,0.13233941230586072
0.035452322738386305,0.13636363636363635,1.0,0.5,0.02106969205834684,0.026273066724389848
0.004278728606356968,0.06818181818181818,0.0,0.5,0.011345218800648298,0.009524324909356566
0.09922575387123064,0.11363636363636365,1.0,0.5,0.025765016086504267,0.06315276800692678
0.05440097799511002,0.2272727272727273,0.0,1.0,0.008103727714748784,0.019576275772498514
0.04462102689486552,0.045454545454545456,0.0,0.5,0.008103727714748784,0.004139834406623735
0.020374898125509373,0.045454545454545456,0.0,1.0,0.025765016086504267,0.039801937334271335
0.56519967400163,0.5454545454545454,1.0,0.5,0.02431118314424635,0.29250771145624765
0.03748981255093724,0.06568181818181819,0.0,0.5,0.025765016086504267,0.008793765896422967
0.045843520782396084,0.06818181818181818,0.0,1.0,0.011345218800648298,0.019765679961036852
0.06845965770171149,0.13636363636363635,0.0,0.5,0.13776337115072934,0.11697061529303535
0.048696006519967396,0.06818181818181818,1.0,0.5,0.025765016086504267,0.10425347691974675
0.026487367563162185,0.13733377017519657,0.0,0.5,0.025765016086504267,0.11467070728935548
0.016096169519152406,0.13733377017519657,1.0,0.5,0.025765016086504267,0.008144380107148656
0.028728606356968216,0.13733377017519657,0.0,1.0,0.025765016086504267,0.018155744358460957
0.0,0.07772727272727273,0.0,0.5,0.025765016086504267,0.00025704854158774824
0.07396088019559902,0.13733377017519657,0.0,0.5,0.025765016086504267,0.09950484333567834
0.08149959250203748,0.5454545454545454,1.0,0.5,0.02431118314424635,0.10141241409167163
0.009372453137734311,0.09090909090909091,0.0,0.5,0.00486223662884927,0.01301477352670599
0.02750611246943765,0.045454545454545456,0.0,1.0,0.014586709886547812,0.020225661561772825
0.12815810920945395,0.13733377017519657,1.0,0.5,0.025765016086504267,0.09805725418042102
0.040342298288508556,0.13636363636363635,1.0,1.0,0.0016207455429497568,0.00754910980031387
0.06825590872045639,0.11363636363636365,0.0,1.0,0.0016207455429497568,0.01310947562097516
0.016299918500407497,0.13733377017519657,0.0,0.5,0.025765016086504267,0.015436441365874777
0.02241238793806031,0.13733377017519657,0.0,0.5,0.025765016086504267,0.016072298284539207
0.022819885900570498,0.06818181818181818,0.0,1.0,0.027552674230145863,0.037853779966448405
0.15484922575387122,0.11363636363636365,0.0,0.5,0.02431118314424635,0.05774121976297419
0.06499592502037489,0.045454545454545456,0.0,0.5,0.017828200972447323,0.011242491476811516
0.2597799511002445,0.13733377017519657,0.0,0.5,0.025765016086504267,0.38472049353319987
0.04074979625101874,0.06818181818181818,0.0,0.5,0.04376012965964344,0.07779100600681856
0.04951100244498777,0.09090909090909091,1.0,0.5,0.008103727714748784,0.012933600303046702
0.02302363488182559,0.11363636363636365,1.0,0.5,0.014586709886547812,0.029438822447102116
0.028932355338223307,0.13733377017519657,0.0,0.5,0.025765016086504267,0.021510904269711566
0.40688671556642214,0.34090909090909094,1.0,0.5,0.025765016086504267,0.4004004545700525
0.022616136919315404,0.06818181818181818,0.0,1.0,0.00486223662884927,0.009118458791060123
0.01426242868785656,0.18181818181818182,0.0,0.5,0.025765016086504267,0.018940418853834084
0.008149959250203748,0.13733377017519657,0.0,0.5,0.025765016086504267,0.05257319118999946
0.028728606356968216,0.06818181818181818,0.0,0.5,0.011345218800648298,0.005709183397369987
0.2279951100244499,0.13733377017519657,1.0,0.5,0.025765016086504267,0.016288760214297312
0.008149959250203748,0.13733377017519657,0.0,0.5,0.025765016086504267,0.014042967693056983
0.009372453137734311,0.045454545454545456,0.0,1.0,0.025765016086504267,0.0067103198225012175
0.02506112469437653,0.06818181818181818,0.0,1.0,0.014586709886547812,0.016681097461983874
0.03993480032599837,0.13733377017519657,0.0,0.5,0.025765016086504267,0.07681692732290708
0.015484922575387122,0.13733377017519657,0.0,0.5,0.025765016086504267,0.031819903674441256
0.019763651181744092,0.13733377017519657,0.0,1.0,0.025765016086504267,0.016924617132961742
0.017318663406682967,0.07022727272727272,0.0,0.5,0.025765016086504267,0.014719411223551058
0.003259983700081499,0.04318181818181818,0.0,0.5,0.025765016086504267,0.0020428594620921048
0.05277098614506927,0.13733377017519657,0.0,0.5,0.025765016086504267,0.09813842740408031
0.08618581907090464,0.13636363636363635,1.0,0.5,0.00486223662884927,0.022674387142161374
0.07742461287693561,0.11363636363636365,1.0,0.5,0.025765016086504267,0.07194653390334975
0.017114914425427872,0.045454545454545456,0.0,1.0,0.025765016086504267,0.005181557443584609
0.0645884270578647,0.4545454545454546,1.0,1.0,0.011345218800648298,0.164727528545917
0.06907090464547677,0.13733377017519657,0.0,0.5,0.025765016086504267,0.03693381676497646
0.02302363488182559,0.34090909090909094,0.0,0.5,0.03079416531604538,0.03552681422154878
0.019152404237978808,0.09090909090909091,0.0,0.5,0.0016207455429497568,0.007116185940797662
0.019356153219233903,0.09090909090909091,1.0,1.0,0.03727714748784441,0.03885491639157963
0.006112469437652811,0.13733377017519657,0.0,0.5,0.025765016086504267,0.003598679582228476
0.01263243683781581,0.09090909090909091,0.0,0.5,0.025765016086504267,0.013434168515612317
0.017318663406682967,0.06818181818181818,0.0,0.5,0.008103727714748784,0.010227826181070404
0.0,0.13733377017519657,0.0,0.5,0.025765016086504267,0.0012311272254992153
0.015484922575387122,0.13733377017519657,0.0,0.5,0.025765016086504267,0.03805671302559662
0.020374898125509373,0.13733377017519657,0.0,0.5,0.025765016086504267,0.06077168677958764
0.04013854930725346,0.18181818181818182,0.0,1.0,0.059967585089141004,0.11021970885870448
0.026487367563162185,0.09090909090909091,0.0,0.5,0.008103727714748784,0.004464527301260891
0.009983700081499593,0.13733377017519657,0.0,0.5,0.025765016086504267,0.009970777639482656
0.01752241238793806,0.04772727272727273,0.0,0.5,0.025765016086504267,0.006818550787380269
0.10574572127139363,0.2272727272727273,1.0,0.5,0.025765016086504267,0.09550029763515341
0.016707416462917686,0.13733377017519657,0.0,0.5,0.025765016086504267,0.011391309053520211
0.01263243683781581,0.13733377017519657,0.0,1.0,0.025765016086504267,0.015395854754045132
0.07273838630806845,0.13733377017519657,0.0,0.5,0.025765016086504267,0.12640023810812273
0.02139364303178484,0.2022727272727273,0.0,0.5,0.00486223662884927,0.02229557876508469
0.03789731051344743,0.2727272727272727,1.0,0.5,0.025765016086504267,0.07085069538394935
0.0,0.015681818181818182,0.0,0.5,0.025765016086504267,0.000554683695005141
0.04563977180114099,0.13733377017519657,0.0,1.0,0.025765016086504267,0.013596514962930895
0.0291361043194784,0.19204545454545455,0.0,0.5,0.025765016086504267,0.03303750202933059
0.004482477587612062,0.04113636363636364,0.0,1.0,0.025765016086504267,0.005140970831754965
0.16035044824775876,0.11363636363636365,1.0,1.0,0.011345218800648298,0.03930136912170572
0.01365118174409128,0.13733377017519657,0.0,0.5,0.025765016086504267,0.019968613020185075
0.11572942135289323,0.18181818181818182,0.0,0.5,0.05672609400324149,0.12165160452405434
0.06499592502037489,0.4545454545454546,1.0,1.0,0.011345218800648298,0.10614751880513015
0.02526487367563162,0.20681818181818182,0.0,0.5,0.008103727714748784,0.03667676822338871
0.07090464547677261,0.125,1.0,1.0,0.025765016086504267,0.015071161859407977
0.024246128769356154,0.13733377017519657,0.0,0.5,0.025765016086504267,0.10805508956112345
0.25998370008149957,0.34090909090909094,1.0,0.5,0.02431118314424635,0.048230423724227506
0.02811735941320293,0.3340909090909091,1.0,0.5,0.0016207455429497568,0.021592077493370852
0.029951100244498777,0.13733377017519657,0.0,1.0,0.025765016086504267,0.035053303750202935
0.01752241238793806,0.13733377017519657,0.0,1.0,0.025765016086504267,0.02310731100167758
0.02811735941320293,0.13733377017519657,0.0,1.0,0.025765016086504267,0.010538990205097678
0.06051344743276283,0.25,1.0,0.5,0.017828200972447323,0.011973050489745117
0.020986145069274653,0.13733377017519657,0.0,0.5,0.025765016086504267,0.01700579035662103
0.012428687856560717,0.07704545454545456,0.0,0.5,0.025765016086504267,0.00464040261918935
0.0,0.02909090909090909,0.0,0.5,0.025765016086504267,0.0005140970831754966
0.10982070089649551,0.18181818181818182,1.0,0.5,0.00486223662884927,0.030250554683695006
0.011206193969030154,0.13733377017519657,0.0,0.5,0.025765016086504267,0.014313545105254613
0.03891605541972289,0.13733377017519657,1.0,0.5,0.025765016086504267,0.00363926619405812
0.019152404237978808,0.022727272727272728,0.0,1.0,0.025765016086504267,0.005411548243952595
0.016911165444172777,0.13733377017519657,0.0,0.5,0.025765016086504267,0.014854699929649873
0.010798696006519967,0.09090909090909091,0.0,0.5,0.025765016086504267,0.013204177715244332
0.043806030969845144,0.11363636363636365,0.0,0.5,0.017828200972447323,0.03038584338979382
0.02139364303178484,0.13733377017519657,0.0,0.5,0.025765016086504267,0.06029817630824179
0.03158109209453952,0.13733377017519657,0.0,0.5,0.025765016086504267,0.055955408842469835
0.0026487367563162185,0.13733377017519657,0.0,0.5,0.025765016086504267,0.02854591698684994
0.01752241238793806,0.13733377017519657,0.0,0.5,0.025765016086504267,0.06602088857622165
0.02404237978810106,0.06818181818181818,0.0,0.5,0.011345218800648298,0.017438714216137238
0.05297473512632436,0.06818181818181818,0.0,0.5,0.008103727714748784,0.017682233887115102
0.021189894050529748,0.13733377017519657,0.0,0.5,0.025765016086504267,0.042697115644785975
0.01365118174409128,0.13733377017519657,0.0,0.5,0.025765016086504267,0.02293143568374912
0.09637326813365932,0.20454545454545456,0.0,0.5,0.025765016086504267,0.14713999675307105
0.030969845150774247,0.06818181818181818,0.0,0.5,0.02106969205834684,0.02665187510146653
0.033822330888345555,0.13733377017519657,0.0,0.5,0.025765016086504267,0.050070350127171384
0.02506112469437653,0.2727272727272727,0.0,1.0,0.025765016086504267,0.01945451593700958
0.009576202118989406,0.13733377017519657,0.0,1.0,0.025765016086504267,0.012405974349261323
0.019356153219233903,0.39545454545454545,0.0,0.5,0.017828200972447323,0.04419882028248282
0.07905460472697635,0.38636363636363635,1.0,0.5,0.03079416531604538,0.04441528221224092
0.01365118174409128,0.06818181818181818,0.0,1.0,0.008103727714748784,0.01028194166350993
0.01650366748166259,0.13733377017519657,0.0,0.5,0.025765016086504267,0.018250446452730128
0.15770171149144255,0.1590909090909091,0.0,0.5,0.014586709886547812,0.04085718924184209
0.040342298288508556,0.18181818181818182,0.0,0.5,0.04376012965964344,0.053060230531955195
0.2819885900570497,0.06136363636363637,1.0,1.0,0.025765016086504267,0.016518751014665295
0.07681336593317033,0.13733377017519657,0.0,1.0,0.025765016086504267,0.036149142269603335
0.0018337408312958435,0.06568181818181819,0.0,0.5,0.025765016086504267,0.0012446560961090968
0.01202118989405053,0.09090909090909091,0.0,1.0,0.008103727714748784,0.013420639645002435
0.10635696821515891,0.09090909090909091,0.0,1.0,0.008103727714748784,0.004085718924184209
0.012428687856560717,0.13733377017519657,0.0,0.5,0.025765016086504267,0.008333784295686996
0.013039934800325998,0.06818181818181818,0.0,0.5,0.027552674230145863,0.02556956545267601
0.005297473512632436,0.13636363636363635,1.0,0.5,0.025765016086504267,0.0052897884084636615
0.020374898125509373,0.13733377017519657,0.0,0.5,0.025765016086504267,0.023526705990583905
0.11715566422167888,0.13733377017519657,1.0,0.5,0.025765016086504267,0.06940310622869203
0.002037489812550937,0.13733377017519657,0.0,0.5,0.025765016086504267,0.006669733210671573
0.02526487367563162,0.13733377017519657,0.0,0.5,0.025765016086504267,0.10074949943178743
0.09576202118989405,0.045454545454545456,1.0,0.5,0.025765016086504267,0.02700362573732345
0.040342298288508556,0.16818181818181818,0.0,0.5,0.02106969205834684,0.05140970831754965
0.01426242868785656,0.13733377017519657,0.0,0.5,0.025765016086504267,0.05316846149683425
0.0024449877750611247,0.13733377017519657,0.0,0.5,0.025765016086504267,0.007508523188484225
0.0778321108394458,0.13733377017519657,0.0,1.0,0.025765016086504267,0.13340819308404134
0.007742461287693562,0.13733377017519657,0.0,0.5,0.025765016086504267,0.01083662535851507
0.009779951100244499,0.08227272727272728,0.0,1.0,0.025765016086504267,0.007197359164456951
0.0778321108394458,0.1590909090909091,1.0,1.0,0.02106969205834684,0.03729909627144326
0.15158924205378974,0.20454545454545456,0.0,0.5,0.008103727714748784,0.041993614373072134
0.02465362673186634,0.09090909090909091,1.0,0.5,0.00486223662884927,0.00827966881324747
0.05256723716381417,0.13636363636363635,0.0,1.0,0.02431118314424635,0.03564857405703772
0.1067644661776691,0.13733377017519657,0.0,0.5,0.025765016086504267,0.021876183776178365
0.0016299918500407497,0.13733377017519657,0.0,1.0,0.025765016086504267,0.005749770009199632
0.05114099429502852,0.38636363636363635,1.0,0.5,0.2576985413290113,0.38903620325775207
0.018744906275468622,0.13733377017519657,0.0,0.5,0.025765016086504267,0.05530602305319552
0.08414832925835371,0.20454545454545456,0.0,0.5,0.02106969205834684,0.051355592835110125
0.035044824775876116,0.06818181818181818,0.0,0.5,0.011345218800648298,0.006317982574814654
0.26222493887530557,0.18181818181818182,1.0,0.5,0.09886547811993517,0.2981898371123979
0.0323960880195599,0.06818181818181818,0.0,0.5,0.011345218800648298,0.014719411223551058
0.05277098614506927,0.13733377017519657,0.0,1.0,0.025765016086504267,0.07745278424157151
0.019559902200488997,0.13733377017519657,0.0,0.5,0.025765016086504267,0.023770225661561773
0.005704971475142624,0.13733377017519657,0.0,1.0,0.025765016086504267,0.007292061258726121
0.00550122249388753,0.045454545454545456,0.0,1.0,0.00486223662884927,0.004018074571134802
0.015484922575387122,0.13636363636363635,1.0,0.5,0.00486223662884927,0.014935873153309161
0.4865525672371638,0.11363636363636365,0.0,0.5,0.027552674230145863,0.05255966231938958
0.08211083944580276,0.13733377017519657,1.0,0.5,0.025765016086504267,0.012987715785486229
0.41238793806030966,0.4545454545454546,1.0,0.5,0.025765016086504267,0.3809188808918232
0.7373675631621842,0.11363636363636365,0.0,0.5,0.025765016086504267,0.1971021159153634
0.023838630806845965,0.04477272727272728,0.0,1.0,0.025765016086504267,0.01228421451377239
0.009576202118989406,0.13733377017519657,0.0,0.5,0.025765016086504267,0.015260566047946317
0.0747758761206194,0.10454545454545454,0.0,0.5,0.025765016086504267,0.02030683478543211
0.07905460472697635,0.2272727272727273,1.0,0.5,0.027552674230145863,0.043874127387845664
0.028728606356968216,0.06818181818181818,0.0,1.0,0.011345218800648298,0.009984306510092538
0.008353708231458843,0.13733377017519657,0.0,0.5,0.025765016086504267,0.00290870718112452
0.03198859005704971,0.13733377017519657,0.0,0.5,0.025765016086504267,0.019955084149575194
0.04278728606356968,0.13733377017519657,0.0,0.5,0.025765016086504267,0.08640889658531306
0.11145069274653625,0.1590909090909091,1.0,0.5,0.027552674230145863,0.1257102657070188
0.002241238793806031,0.014090909090909091,0.0,0.5,0.025765016086504267,0.0021375615563612753
0.032192339038304804,0.19090909090909092,1.0,0.5,0.025765016086504267,0.1326370474592781
0.0048899755501222485,0.018181818181818184,0.0,0.5,0.025765016086504267,0.0012446560961090968
0.012428687856560717,0.022727272727272728,1.0,0.5,0.008103727714748784,0.01446236268196331
0.014669926650366748,0.13733377017519657,0.0,1.0,0.025765016086504267,0.004045132312354565
0.016096169519152406,0.13733377017519657,0.0,1.0,0.025765016086504267,0.02119974024568429
0.018948655256723717,0.11363636363636365,0.0,1.0,0.0826580226904376,0.09012933600303047
0.0,0.016363636363636365,0.0,1.0,0.025765016086504267,0.0049109800313869795
0.009779951100244499,0.2272727272727273,0.0,1.0,0.0016207455429497568,0.004505113913090535
0.016096169519152406,0.06818181818181818,0.0,1.0,0.011345218800648298,0.005492721467611884
0.04645476772616136,0.2636363636363636,0.0,0.5,0.018800648298217176,0.06865901834514855
0.06336593317033415,0.13733377017519657,1.0,0.5,0.02431118314424635,0.01699226148601115
0.09637326813365932,0.15681818181818183,1.0,1.0,0.025765016086504267,0.0008117322365928893
0.007131214343928279,0.13733377017519657,0.0,0.5,0.025765016086504267,0.018331619676389414
0.007946210268948655,0.13733377017519657,0.0,0.5,0.025765016086504267,0.011878348395475946
0.015077424612876936,0.07090909090909091,0.0,0.5,0.025765016086504267,0.005059797608095676
0.0038712306438467804,0.13733377017519657,0.0,1.0,0.025765016086504267,0.0038827858650359874
0.007946210268948655,0.13733377017519657,0.0,0.5,0.025765016086504267,0.010444288110828507
0.03137734311328443,0.11363636363636365,0.0,1.0,0.025765016086504267,0.013474755127441961
0.033007334963325176,0.13733377017519657,0.0,1.0,0.025765016086504267,0.014327073975864494
0.009779951100244499,0.022727272727272728,0.0,1.0,0.025765016086504267,0.03820553060230532
0.013447432762836185,0.18181818181818182,0.0,0.5,0.025765016086504267,0.013258293197683858
0.0018337408312958435,0.13733377017519657,0.0,1.0,0.025765016086504267,0.004748633584068402
0.02078239608801956,0.022727272727272728,0.0,1.0,0.025765016086504267,0.00400454570052492
0.01365118174409128,0.010454545454545456,0.0,1.0,0.025765016086504267,0.012690080632068834
0.02465362673186634,0.24318181818181817,0.0,0.5,0.004051863857374392,0.013474755127441961
0.028321108394458026,0.1590909090909091,0.0,0.5,0.02106969205834684,0.037069105471075274
0.054197229013854924,0.13733377017519657,0.0,1.0,0.025765016086504267,0.054670166134531094
0.03606356968215158,0.6795454545454546,0.0,0.5,0.027552674230145863,0.1659721846420261
0.09657701711491441,0.36363636363636365,0.0,0.5,0.017828200972447323,0.06121813950971373
0.02811735941320293,0.13733377017519657,0.0,0.5,0.025765016086504267,0.06970074138210942
0.03769356153219233,0.09090909090909091,1.0,1.0,0.00486223662884927,0.010444288110828507
0.04930725346373268,0.25,1.0,1.0,0.00486223662884927,0.015531143460143948
0.17461287693561534,0.13636363636363635,1.0,1.0,0.011345218800648298,0.028004762162454677
0.02302363488182559,0.13733377017519657,0.0,0.5,0.025765016086504267,0.032753395746523084
0.01426242868785656,0.11363636363636365,0.0,0.5,0.011345218800648298,0.01228421451377239
0.0971882640586797,0.1590909090909091,1.0,0.5,0.008103727714748784,0.014042967693056983
0.09453952730236348,0.045454545454545456,0.0,0.5,0.011345218800648298,0.016072298284539207
0.013243683781581092,0.11363636363636365,0.0,1.0,0.0016207455429497568,0.008293197683857351
0.006723716381418093,0.13733377017519657,0.0,0.5,0.025765016086504267,0.008171437848368417
0.6898940505297474,1.0,1.0,0.5,0.1085899513776337,1.0
0.021597392013039934,0.1431818181818182,0.0,0.5,0.011345218800648298,0.06185399642837816
0.001426242868785656,0.023181818181818182,0.0,0.5,0.025765016086504267,0.00025704854158774824
0.05134474327628361,0.13733377017519657,0.0,0.5,0.025765016086504267,0.01728989663942854
0.006723716381418093,0.05159090909090909,0.0,0.5,0.025765016086504267,0.006304453704204773
0.17970660146699266,0.13636363636363635,0.0,0.5,0.02106969205834684,0.02619189350073056
0.02363488182559087,0.1590909090909091,0.0,1.0,0.014586709886547812,0.027138914443422264
0.003259983700081499,0.09181818181818183,0.0,0.5,0.025765016086504267,0.003206342334541913
0.0018337408312958435,0.038863636363636364,0.0,0.5,0.025765016086504267,0.002354023486119379
0.04360228198859005,0.18181818181818182,0.0,1.0,0.017828200972447323,0.046174035391525516
0.009168704156479218,0.02159090909090909,0.0,1.0,0.025765016086504267,0.005140970831754965
0.04299103504482477,0.06818181818181818,0.0,0.5,0.025765016086504267,0.019292169489691
0.011613691931540342,0.13733377017519657,0.0,0.5,0.025765016086504267,0.0181963309702906
0.0059087204563977175,0.13733377017519657,0.0,0.5,0.025765016086504267,0.006439742410303588
0.06825590872045639,0.20454545454545456,1.0,0.5,0.09562398703403564,0.226825044645273
0.01202118989405053,0.1590909090909091,0.0,1.0,0.06969205834683954,0.059851723578115704
0.05215973920130399,0.18181818181818182,0.0,1.0,0.011345218800648298,0.033605714594945615
0.24083129584352078,0.1590909090909091,1.0,0.5,0.06320907617504051,0.05165322798852752
0.15138549307253465,0.125,0.0,1.0,0.025765016086504267,0.03930136912170572
0.02852485737571312,0.20454545454545456,0.0,1.0,0.05348460291734198,0.07443584609556794
0.028728606356968216,0.11363636363636365,0.0,0.5,0.011345218800648298,0.01700579035662103
0.08251833740831295,0.11363636363636365,0.0,0.5,0.014586709886547812,0.02456842902754478
0.14180929095354525,0.20454545454545456,1.0,0.5,0.017828200972447323,0.04204772985551166
0.5234311328443358,0.13733377017519657,1.0,0.5,0.025765016086504267,0.15413442285837978
0.02302363488182559,0.07772727272727273,0.0,0.5,0.025765016086504267,0.007454407706044699
0.013039934800325998,0.07181818181818182,0.0,0.5,0.025765016086504267,0.012135396937063694
0.009372453137734311,0.1590909090909091,0.0,0.5,0.025765016086504267,0.0056685967855403425
0.016096169519152406,0.13733377017519657,0.0,0.5,0.025765016086504267,0.14722116997673035
0.2269763651181744,0.34090909090909094,1.0,0.5,0.025765016086504267,0.2467124844417988
0.018541157294213528,0.25,0.0,1.0,0.014586709886547812,0.017709291628334865
0.030766096169519152,0.2272727272727273,0.0,1.0,0.008103727714748784,0.0078196872125115
0.09494702526487367,0.09090909090909091,0.0,1.0,0.02431118314424635,0.03752908707181125
0.02180114099429503,0.13733377017519657,0.0,1.0,0.025765016086504267,0.012148925807673575
0.18969030154849226,0.2272727272727273,1.0,1.0,0.027552674230145863,0.07078305103089995
0.035452322738386305,0.06818181818181818,1.0,1.0,0.00486223662884927,0.0048162779371178095
0.016707416462917686,0.04772727272727273,0.0,1.0,0.025765016086504267,0.010525461334487797
0.02689486552567237,0.0590909090909091,0.0,1.0,0.025765016086504267,0.017154607933329725
0.011817440912795437,0.13733377017519657,0.0,1.0,0.025765016086504267,0.010525461334487797
0.008353708231458843,0.13733377017519657,0.0,0.5,0.025765016086504267,0.014516478164402836
0.007538712306438467,0.13636363636363635,0.0,0.5,0.025765016086504267,0.001555820120136371
0.042176039119804394,0.06818181818181818,1.0,0.5,0.014586709886547812,0.024879593051572054
0.017929910350448247,0.13733377017519657,0.0,0.5,0.025765016086504267,0.08575951079603875
0.004686226568867156,0.13733377017519657,0.0,0.5,0.025765016086504267,0.0017452243086747117
0.0012224938875305623,0.08068181818181817,0.0,0.5,0.025765016086504267,0.000554683695005141
0.12347188264058678,0.13636363636363635,1.0,1.0,0.025765016086504267,0.02973645760051951
0.023227383863080684,0.13733377017519657,0.0,0.5,0.025765016086504267,0.017357540992477948
0.033822330888345555,0.06818181818181818,1.0,0.5,0.011345218800648298,0.009037285567400834
0.015077424612876936,0.13636363636363635,0.0,1.0,0.0016207455429497568,0.010931327452784242
0.07966585167074164,0.13636363636363635,1.0,1.0,0.011345218800648298,0.013082417879755398
0.09576202118989405,0.1590909090909091,1.0,1.0,0.014586709886547812,0.04028897667622707
0.03361858190709046,0.11363636363636365,1.0,0.5,0.008103727714748784,0.02245792521240327
0.0008149959250203748,0.0036363636363636364,0.0,0.5,0.025765016086504267,0.007522052059094107
0.012428687856560717,0.045454545454545456,0.0,1.0,0.017828200972447323,0.02956058228259105
0.03647106764466177,0.13733377017519657,0.0,0.5,0.025765016086504267,0.007346176741165647
0.0291361043194784,0.13636363636363635,1.0,0.5,0.008103727714748784,0.012473618702310731
0.14710676446617768,0.18181818181818182,0.0,1.0,0.06645056726094002,0.12125926727636777
0.020171149144254278,0.03590909090909091,0.0,1.0,0.025765016086504267,0.019495102548839224
0.010594947025264874,0.0590909090909091,0.0,1.0,0.025765016086504267,0.010620163428756968
0.145680521597392,0.13636363636363635,0.0,1.0,0.025765016086504267,0.030805238378700146
0.004482477587612062,0.13733377017519657,0.0,1.0,0.025765016086504267,0.008414957519346285
0.010187449062754686,0.13733377017519657,0.0,1.0,0.025765016086504267,0.0020969749445316306
0.017114914425427872,0.13733377017519657,0.0,1.0,0.025765016086504267,0.02229557876508469
0.12652811735941322,0.1590909090909091,0.0,0.5,0.0340356564019449,0.052356729260241354
0.2516299918500407,0.06818181818181818,0.0,0.5,0.02106969205834684,0.02646247091292819
0.33190709046454764,0.34090909090909094,1.0,0.5,0.0340356564019449,0.2259050814438011
0.027098614506927465,0.13733377017519657,0.0,1.0,0.025765016086504267,0.024351967097786677
0.06519967400162999,0.13636363636363635,1.0,1.0,0.008103727714748784,0.021402673304832514
0.12306438467807661,0.2272727272727273,0.0,0.5,0.04700162074554295,0.04444233995346068
0.014669926650366748,0.11363636363636365,0.0,1.0,0.03079416531604538,0.00764381189458304
0.04299103504482477,0.09090909090909091,0.0,1.0,0.02106969205834684,0.024595486768764545
0.02078239608801956,0.13733377017519657,0.0,0.5,0.025765016086504267,0.1239379836571243
0.0008149959250203748,0.010454545454545456,0.0,0.5,0.025765016086504267,0.0005952703068347855
0.0517522412387938,0.25,1.0,0.5,0.00486223662884927,0.027368905243790247
0.01202118989405053,0.13733377017519657,0.0,0.5,0.025765016086504267,0.009416093944477516
0.058679706601466985,0.0659090909090909,0.0,0.5,0.025765016086504267,0.11319606039287841
0.20089649551752242,0.2272727272727273,1.0,0.5,0.025765016086504267,0.0806861843173332
0.006112469437652811,0.05522727272727273,0.0,0.5,0.025765016086504267,0.00664267546945181
0.06988590057049714,0.06818181818181818,0.0,0.5,0.008103727714748784,0.020333892526651874
0.15464547677261614,0.0659090909090909,0.0,0.5,0.09562398703403564,0.22470101195952163
0.08516707416462917,0.13733377017519657,0.0,1.0,0.025765016086504267,0.06875372043941771
0.05643846780766096,0.09090909090909091,0.0,1.0,0.025765016086504267,0.01482764218843011
0.00550122249388753,0.13733377017519657,0.0,0.5,0.025765016086504267,0.0033957465230802534
0.2375713121434393,0.20454545454545456,1.0,0.5,0.04700162074554295,0.1422966610747335
0.015688671556642216,0.06818181818181818,0.0,0.5,0.025765016086504267,0.0027869473456355867
0.021597392013039934,0.13733377017519657,0.0,0.5,0.025765016086504267,0.06507386763352996
0.40403422982885084,0.06818181818181818,0.0,0.5,0.025765016086504267,0.030494074354672874
0.08251833740831295,0.18181818181818182,0.0,0.5,0.059967585089141004,0.12272038530223497
0.11165444172779135,0.2272727272727273,1.0,0.5,0.02431118314424635,0.08179555170734347
0.031784841075794615,0.11363636363636365,1.0,0.5,0.014586709886547812,0.041668921478434984
0.0028524857375713123,0.032045454545454544,0.0,0.5,0.025765016086504267,0.004018074571134802
0.014466177669111655,0.13636363636363635,0.0,0.5,0.017828200972447323,0.019143351912982304
0.038712306438467806,0.09090909090909091,1.0,1.0,0.0340356564019449,0.07692515828778614
0.6534229828850856,0.7045454545454546,1.0,1.0,0.1280388978930308,0.5857459819254289
0.014669926650366748,0.09090909090909091,0.0,0.5,0.025765016086504267,0.006656204340061691
0.02343113284433578,0.18181818181818182,0.0,0.5,0.014586709886547812,0.021632664105200497
0.21617766911165445,0.13733377017519657,1.0,0.5,0.025765016086504267,0.014814113317820229
0.01426242868785656,0.13733377017519657,0.0,0.5,0.025765016086504267,0.1366686509010228
0.030969845150774247,0.13733377017519657,0.0,0.5,0.025765016086504267,0.02983115969478868
0.02750611246943765,0.18181818181818182,0.0,0.5,0.017828200972447323,0.04037014989988636
0.04074979625101874,0.11363636363636365,0.0,0.5,0.025765016086504267,0.04349531901076898
0.05664221678891605,0.11363636363636365,0.0,0.5,0.00486223662884927,0.021700308458249905
0.028728606356968216,0.13733377017519657,1.0,0.5,0.025765016086504267,0.006886195140429677
0.010594947025264874,0.04409090909090909,0.0,0.5,0.025765016086504267,0.0012311272254992153
0.01202118989405053,0.13733377017519657,0.0,0.5,0.025765016086504267,0.035148005844472106
0.15770171149144255,0.2272727272727273,0.0,0.5,0.027552674230145863,0.07002543427674658
0.01650366748166259,0.13733377017519657,0.0,1.0,0.025765016086504267,0.0040586611829644455
0.014669926650366748,0.11136363636363637,0.0,0.5,0.025765016086504267,0.0062368093511553655
0.023227383863080684,0.09090909090909091,0.0,0.5,0.011345218800648298,0.022593213918502084
0.05358598207008965,0.13733377017519657,1.0,0.5,0.025765016086504267,0.04084366037123221
0.007742461287693562,0.13733377017519657,0.0,0.5,0.025765016086504267,0.00591211645651821
0.003056234718826406,0.06818181818181818,0.0,0.5,0.025765016086504267,0.004085718924184209
0.0002037489812550937,0.002272727272727273,0.0,0.5,0.025765016086504267,0.0004599816007359705
0.15546047269763652,0.11363636363636365,0.0,1.0,0.10534846029173418,0.17829698576762812
0.040342298288508556,0.13733377017519657,0.0,1.0,0.025765016086504267,0.035445640997889494
0.05623471882640586,0.20454545454545456,0.0,1.0,0.011345218800648298,0.012622436279019428
0.058272208638956796,0.2727272727272727,0.0,0.5,0.014586709886547812,0.1102061799880946
0.010798696006519967,0.18181818181818182,0.0,0.5,0.02431118314424635,0.04093836246550138
0.008353708231458843,0.07840909090909091,0.0,0.5,0.025765016086504267,0.0022863791330699716
0.04971475142624286,0.13636363636363635,1.0,1.0,0.02106969205834684,0.023716110179122247
0.0069274653626731865,0.13733377017519657,0.0,0.5,0.025765016086504267,0.005425077114562476
0.02628361858190709,0.13733377017519657,0.0,0.5,0.025765016086504267,0.00537096163212295
0.49979625101874486,0.13733377017519657,1.0,0.5,0.025765016086504267,0.03328102170030846
0.045436022819885895,0.2772727272727273,0.0,0.5,0.011345218800648298,0.1116672980139618
0.04400977995110024,0.06818181818181818,1.0,0.5,0.008103727714748784,0.006845608528600032
0.11593317033414832,0.4545454545454546,1.0,1.0,0.02431118314424635,0.17609177985821745
0.04237978810105949,0.1590909090909091,1.0,1.0,0.014586709886547812,0.04237242275014882
0.011409942950285249,0.06818181818181818,1.0,1.0,0.0016207455429497568,0.004545700524920179
0.016707416462917686,0.13522727272727272,0.0,0.5,0.025765016086504267,0.006669733210671573
0.007334963325183374,0.1590909090909091,0.0,0.5,0.008103727714748784,0.017709291628334865
0.2400162999185004,0.2727272727272727,0.0,1.0,0.025765016086504267,0.04061366957086422
0.11797066014669925,0.18181818181818182,1.0,1.0,0.014586709886547812,0.02755830943232859
0.11083944580277098,0.06818181818181818,1.0,1.0,0.025765016086504267,0.03393040748958277
0.1132844335778321,0.09090909090909091,1.0,0.5,0.011345218800648298,0.040803073759402564
0.02811735941320293,0.045454545454545456,1.0,1.0,0.025765016086504267,0.003991016829915039
0.003259983700081499,0.05522727272727273,0.0,1.0,0.025765016086504267,0.0008658477190324152
0.01589242053789731,0.06659090909090909,0.0,1.0,0.025765016086504267,0.01574760538990205
0.20008149959250204,0.18181818181818182,0.0,1.0,0.025765016086504267,0.04724281616970615
0.06581092094539527,0.13636363636363635,1.0,1.0,0.017828200972447323,0.01664051085015423
0.02811735941320293,0.09090909090909091,1.0,1.0,0.008103727714748784,0.01228421451377239
0.018337408312958436,0.13733377017519657,0.0,0.5,0.025765016086504267,0.05149088154120894
0.025468622656886715,0.18181818181818182,1.0,1.0,0.02106969205834684,0.01927864061908112
0.02506112469437653,0.20454545454545456,0.0,1.0,0.02106969205834684,0.02247145408301315
0.07864710676446617,0.13733377017519657,0.0,0.5,0.025765016086504267,0.06378862492559122
0.09637326813365932,0.022727272727272728,0.0,0.5,0.02431118314424635,0.07647870555766005
0.011002444987775062,0.13733377017519657,0.0,0.5,0.025765016086504267,0.004234536500892905
0.13691931540342298,0.13733377017519657,0.0,1.0,0.025765016086504267,0.1512798311596948
0.06703341483292583,0.13733377017519657,0.0,0.5,0.025765016086504267,0.09518913361112614
0.23899755501222494,0.1590909090909091,0.0,0.5,0.02106969205834684,0.0307646517668705
0.011613691931540342,0.06204545454545455,0.0,1.0,0.025765016086504267,0.015652903295632882
0.028728606356968216,0.13733377017519657,1.0,0.5,0.025765016086504267,0.013948265598787814
0.05154849225753871,0.13733377017519657,0.0,0.5,0.025765016086504267,0.016599924238324584
0.053789731051344734,0.13636363636363635,1.0,1.0,0.025765016086504267,0.023310244060825804
0.0008149959250203748,0.13733377017519657,0.0,1.0,0.025765016086504267,0.0030845824990529793
0.002037489812550937,0.13733377017519657,0.0,1.0,0.025765016086504267,0.0
0.12367563162184188,0.13733377017519657,0.0,0.5,0.025765016086504267,0.1771470317657882
0.08272208638956804,0.1590909090909091,1.0,0.5,0.025765016086504267,0.1215298446885654
0.015484922575387122,0.13733377017519657,0.0,0.5,0.025765016086504267,0.02964175550625034
0.05317848410757946,0.13636363636363635,0.0,0.5,0.025765016086504267,0.009226689755939174
0.08353708231458842,0.06818181818181818,1.0,0.5,0.011345218800648298,0.00999783538070242
0.4270578647106764,0.11363636363636365,0.0,0.5,0.025765016086504267,0.23534823312949835
0.054197229013854924,0.13733377017519657,0.0,0.5,0.025765016086504267,0.04645814167433303
0.012224938875305624,0.13733377017519657,0.0,0.5,0.025765016086504267,0.03229341414578711
0.02852485737571312,0.13733377017519657,1.0,0.5,0.025765016086504267,0.05920233778884139
0.051955990220048896,0.18181818181818182,1.0,0.5,0.07293354943273905,0.07647870555766005
0.0258761206193969,0.13733377017519657,0.0,0.5,0.025765016086504267,0.06960603928784025
0.0048899755501222485,0.13733377017519657,0.0,1.0,0.025765016086504267,0.005844472103468802
0.006723716381418093,0.022727272727272728,0.0,0.5,0.025765016086504267,0.001691108826235186
0.029951100244498777,0.13733377017519657,0.0,0.5,0.025765016086504267,0.008063206883489367
0.020374898125509373,0.09090909090909091,1.0,0.5,0.00486223662884927,0.01028194166350993
0.03015484922575387,0.13733377017519657,0.0,1.0,0.025765016086504267,0.01309594675036528
0.018948655256723717,0.06818181818181818,1.0,0.5,0.025765016086504267,0.06150224579252124
0.016096169519152406,0.13733377017519657,0.0,0.5,0.025765016086504267,0.030426430001623466
0.007334963325183374,0.02727272727272727,0.0,0.5,0.025765016086504267,0.006926781752259322
0.015484922575387122,0.13733377017519657,0.0,0.5,0.025765016086504267,0.03310514638238
0.016707416462917686,0.13636363636363635,0.0,1.0,0.0340356564019449,0.031048758049678014
0.0036674816625916866,0.13733377017519657,0.0,0.5,0.025765016086504267,0.0035851507116185944
0.02506112469437653,0.045454545454545456,0.0,0.5,0.00486223662884927,0.00473510471345852
0.07355338223308883,0.18181818181818182,0.0,0.5,0.02431118314424635,0.04394177174089507
0.009576202118989406,0.12954545454545455,0.0,0.5,0.00486223662884927,0.024947237404621462
0.0028524857375713123,0.13733377017519657,0.0,0.5,0.025765016086504267,0.006142107256886195
0.006723716381418093,0.13733377017519657,0.0,0.5,0.025765016086504267,0.005465663726392121
0.01528117359413203,0.07022727272727272,0.0,0.5,0.025765016086504267,0.012798311596947887
0.038304808475957616,0.09090909090909091,0.0,1.0,0.027552674230145863,0.039883110557930625
0.18276283618581907,0.09090909090909091,1.0,1.0,0.017828200972447323,0.028329455057091835
0.055419722901385485,0.13733377017519657,0.0,1.0,0.025765016086504267,0.01647816440283565
0.012224938875305624,0.13733377017519657,0.0,0.5,0.025765016086504267,0.027517722820498944
0.2779136104319478,0.4631818181818182,1.0,0.5,0.025765016086504267,0.16411872936847233
0.2015077424612877,0.29545454545454547,1.0,1.0,0.025765016086504267,0.10547107527463608
0.009983700081499593,0.13733377017519657,0.0,0.5,0.025765016086504267,0.020049786243844365
0.032192339038304804,0.1590909090909091,0.0,1.0,0.03079416531604538,0.0423859516207587
0.03402607986960065,0.2636363636363636,0.0,0.5,0.006482982171799027,0.0309134693435792
0.03606356968215158,0.022727272727272728,1.0,0.5,0.008103727714748784,0.006209751609935602
0.011613691931540342,0.06818181818181818,0.0,1.0,0.025765016086504267,0.0040586611829644455
0.019152404237978808,0.06818181818181818,0.0,0.5,0.00486223662884927,0.016708155203203637
0.018133659331703342,0.13636363636363635,0.0,0.5,0.025765016086504267,0.08141674333026679
0.13569682151589244,0.13733377017519657,0.0,1.0,0.025765016086504267,0.09213160885329293
0.017726161369193152,0.13733377017519657,0.0,0.5,0.025765016086504267,0.014516478164402836
0.03748981255093724,0.045454545454545456,1.0,0.5,0.00486223662884927,0.008171437848368417
0.014058679706601468,0.06727272727272728,0.0,1.0,0.025765016086504267,0.006060934033226906
0.450081499592502,0.13733377017519657,1.0,1.0,0.025765016086504267,0.06828020996807187
0.12204563977180113,0.045454545454545456,0.0,1.0,0.017828200972447323,0.018453379511878348
0.002037489812550937,0.14727272727272728,0.0,1.0,0.025765016086504267,0.002746360733805942
0.01650366748166259,0.06818181818181818,1.0,1.0,0.014586709886547812,0.006683262081281454
0.01650366748166259,0.13636363636363635,0.0,1.0,0.02106969205834684,0.015111748471237621
0.08659331703341483,0.18181818181818182,0.0,0.5,0.13128038897893032,0.2614318956653499
0.13304808475957622,0.25,0.0,0.5,0.011345218800648298,0.025244872558038856
0.09616951915240424,0.29545454545454547,0.0,0.5,0.011345218800648298,0.03963959088695276
0.03973105134474327,0.13733377017519657,0.0,0.5,0.025765016086504267,0.05761945992748525
0.0069274653626731865,0.1159090909090909,0.0,0.5,0.0016207455429497568,0.0039639590886952755
0.15199674001629992,0.06818181818181818,0.0,0.5,0.02431118314424635,0.022322636506304453
0.0010187449062754685,0.05522727272727273,0.0,0.5,0.025765016086504267,0.0006764435304940744
0.12754686226568868,0.1590909090909091,1.0,0.5,0.014586709886547812,0.03549975648032902
0.20395273023634883,0.2727272727272727,0.0,0.5,0.059967585089141004,0.213702040153688
0.01650366748166259,0.09090909090909091,0.0,0.5,0.025765016086504267,0.014530007035012718
0.10167074164629177,0.13733377017519657,0.0,0.5,0.025765016086504267,0.2957411115320093
0.009779951100244499,0.13733377017519657,0.0,0.5,0.025765016086504267,0.012771253855728124
0.016911165444172777,0.13733377017519657,1.0,0.5,0.025765016086504267,0.005614481303100817
0.01263243683781581,0.2272727272727273,0.0,1.0,0.04051863857374392,0.03683911467070729
0.054197229013854924,0.13636363636363635,0.0,0.5,0.025765016086504267,0.011661886465717843
0.09331703341483291,0.2272727272727273,0.0,1.0,0.011345218800648298,0.023053195519238054
0.09515077424612876,0.18181818181818182,1.0,1.0,0.025765016086504267,0.050165052221440555
0.03015484922575387,0.2727272727272727,0.0,1.0,0.011345218800648298,0.01792575355809297
0.03952730236348818,0.13733377017519657,0.0,1.0,0.025765016086504267,0.054426646463553226
0.08679706601466992,0.11363636363636365,1.0,1.0,0.014586709886547812,0.029046485199415554
0.025468622656886715,0.06818181818181818,0.0,0.5,0.025765016086504267,0.037691433519129826
0.0016299918500407497,0.04931818181818182,0.0,0.5,0.025765016086504267,0.0004870393419557335
0.01263243683781581,0.06818181818181818,1.0,0.5,0.008103727714748784,0.009172574273499648
0.03973105134474327,0.13636363636363635,0.0,0.5,0.025765016086504267,0.00845554413117593
0.01650366748166259,0.13733377017519657,0.0,0.5,0.025765016086504267,0.02548839222901672
0.006316218418907905,0.06659090909090909,0.0,0.5,0.025765016086504267,0.0025975431570972457
0.009576202118989406,0.13733377017519657,0.0,0.5,0.025765016086504267,0.025596623193895773
0.008353708231458843,0.2022727272727273,0.0,0.5,0.00486223662884927,0.04583581362627848
0.0016299918500407497,0.0225,0.0,0.5,0.025765016086504267,0.0023946100979490236
0.010594947025264874,0.2363636363636364,0.0,0.5,0.00486223662884927,0.02082093186860761
0.030969845150774247,0.11363636363636365,0.0,0.5,0.00486223662884927,0.006385626927864062
0.005297473512632436,0.13733377017519657,0.0,0.5,0.025765016086504267,0.003977487959305157
0.018133659331703342,0.06818181818181818,0.0,1.0,0.014586709886547812,0.013028302397315871
0.011613691931540342,0.06727272727272728,0.0,1.0,0.025765016086504267,0.005695654526760106
0.040342298288508556,0.11363636363636365,0.0,1.0,0.02106969205834684,0.02838357053953136
0.16157294213528933,0.3181818181818182,1.0,1.0,0.04376012965964344,0.07927918177390551
0.01528117359413203,0.022727272727272728,0.0,1.0,0.014586709886547812,0.0011499540018399263
0.0036674816625916866,0.13733377017519657,0.0,0.5,0.025765016086504267,0.012081281454624167
0.02241238793806031,0.1590909090909091,1.0,1.0,0.011345218800648298,0.018304561935169654
0.017726161369193152,0.13733377017519657,0.0,0.5,0.025765016086504267,0.022972022295578765
0.0012224938875305623,0.03409090909090909,0.0,0.5,0.025765016086504267,0.0013934736728177931
0.011409942950285249,0.045454545454545456,0.0,0.5,0.04051863857374392,0.06274690188863034
0.059087204563977175,0.13733377017519657,0.0,0.5,0.025765016086504267,0.12535851507116186
0.0048899755501222485,0.1225,0.0,1.0,0.025765016086504267,0.0011770117430596892
0.10187449062754686,0.11363636363636365,0.0,1.0,0.008103727714748784,0.006466800151523351
0.06255093724531377,0.06818181818181818,0.0,0.5,0.04700162074554295,0.08328372747443044
0.4335778321108394,0.16590909090909092,0.0,0.5,0.011345218800648298,0.11683532658693653
0.019356153219233903,0.1590909090909091,0.0,0.5,0.00486223662884927,0.0085502462254451
0.12041564792176038,0.11363636363636365,0.0,0.5,0.025765016086504267,0.09094106823962336
0.02811735941320293,0.18181818181818182,0.0,0.5,0.02106969205834684,0.0272606742789112
0.008964955175224124,0.056136363636363644,0.0,1.0,0.025765016086504267,0.005140970831754965
0.006519967400162999,0.13733377017519657,0.0,1.0,0.025765016086504267,0.01009253747497159
0.03524857375713121,0.13733377017519657,0.0,0.5,0.025765016086504267,0.1306618323502354
0.02241238793806031,0.06818181818181818,1.0,1.0,0.025765016086504267,0.010146652957411115
0.018744906275468622,0.18181818181818182,0.0,0.5,0.02106969205834684,0.014841171059039992
0.20374898125509372,0.2727272727272727,0.0,1.0,0.06320907617504051,0.21362086693002869
0.003056234718826406,0.29545454545454547,0.0,0.5,0.025765016086504267,0.040559554088424696
0.09107579462102688,0.18181818181818182,0.0,0.5,0.06320907617504051,0.09573028843552141
0.05440097799511002,0.13733377017519657,0.0,0.5,0.025765016086504267,0.10597164348720169
0.010594947025264874,0.09090909090909091,0.0,1.0,0.050243111831442464,0.028329455057091835
0.024857375713121434,0.09090909090909091,0.0,1.0,0.017828200972447323,0.025677796417555063
0.06051344743276283,0.13733377017519657,0.0,0.5,0.025765016086504267,0.019292169489691
0.003056234718826406,0.0590909090909091,0.0,1.0,0.025765016086504267,0.01163482872449808
0.007334963325183374,0.13733377017519657,0.0,0.5,0.025765016086504267,0.03774554900156935
0.022208638956805214,0.13733377017519657,1.0,0.5,0.025765016086504267,0.021889712646788247
0.02791361043194784,0.06818181818181818,1.0,0.5,0.03079416531604538,0.05596893771307972
0.04563977180114099,0.13636363636363635,1.0,0.5,0.011345218800648298,0.02517722820498945
0.18133659331703342,0.13733377017519657,0.0,1.0,0.025765016086504267,0.10160181828020998
0.1299918500407498,0.13733377017519657,0.0,1.0,0.025765016086504267,0.2727420314952108
0.007538712306438467,0.13733377017519657,0.0,0.5,0.025765016086504267,0.10042480653715029
0.04930725346373268,0.09090909090909091,1.0,0.5,0.00486223662884927,0.003571621841008713
0.050733496332518335,0.09090909090909091,1.0,0.5,0.017828200972447323,0.02837004166892148
0.02506112469437653,0.28181818181818186,1.0,0.5,0.02431118314424635,0.10492992045024081
0.13182559087204565,0.29545454545454547,1.0,0.5,0.02106969205834684,0.06515504085718925
0.019967400162999183,0.11363636363636365,0.0,0.5,0.00486223662884927,0.00936197846203799
0.19070904645476772,0.2272727272727273,1.0,0.5,0.025765016086504267,0.201255479192597
0.020578647106764467,0.13733377017519657,0.0,0.5,0.025765016086504267,0.046512257156772555
0.03993480032599837,0.05681818181818182,0.0,0.5,0.025765016086504267,0.01446236268196331
0.04400977995110024,0.11363636363636365,1.0,0.5,0.02106969205834684,0.016437577791006006
0.07294213528932354,0.13636363636363635,0.0,0.5,0.008103727714748784,0.024947237404621462
0.04788101059494702,0.13733377017519657,0.0,1.0,0.025765016086504267,0.05001623464473186
0.05562347188264058,0.13733377017519657,0.0,1.0,0.025765016086504267,0.04468585962443855
0.0,0.06204545454545455,0.0,1.0,0.025765016086504267,0.0013664159315980302
0.025468622656886715,0.39772727272727276,0.0,0.5,0.0,0.03301044428811083
0.002241238793806031,0.009090909090909092,0.0,0.5,0.025765016086504267,0.002110503815141512
0.022004889975550123,0.13733377017519657,0.0,0.5,0.025765016086504267,0.008320255425077114
0.019559902200488997,0.13636363636363635,0.0,0.5,0.025765016086504267,0.0029763515341739272
0.03117359413202934,0.13733377017519657,0.0,0.5,0.025765016086504267,0.020509767844580334
0.016096169519152406,0.06818181818181818,0.0,1.0,0.017828200972447323,0.015531143460143948
0.20578647106764467,0.13636363636363635,1.0,1.0,0.02106969205834684,0.07949564370366362
0.013447432762836185,0.13733377017519657,0.0,0.5,0.025765016086504267,0.036825585800097406
0.048288508557457206,0.13733377017519657,0.0,1.0,0.025765016086504267,0.028775907787217923
0.013243683781581092,0.022727272727272728,0.0,1.0,0.025765016086504267,0.0018805130147735267
0.07681336593317033,0.1590909090909091,0.0,1.0,0.02106969205834684,0.03797553980193733
0.062347188264058676,0.1340909090909091,1.0,1.0,0.025765016086504267,0.021253855728123817
0.02811735941320293,0.13733377017519657,0.0,0.5,0.025765016086504267,0.05273553763731804
0.17787286063569682,0.25,0.0,1.0,0.05348460291734198,0.0893040748958277
0.055419722901385485,0.09090909090909091,0.0,1.0,0.014586709886547812,0.012541263055360139
0.08475957620211898,0.25,1.0,1.0,0.027552674230145863,0.051964392012554796
0.07559087204563976,0.09090909090909091,1.0,0.5,0.0340356564019449,0.024811948698522646
0.005704971475142624,0.12318181818181818,0.0,0.5,0.025765016086504267,0.0012852427079387413
0.01589242053789731,0.045454545454545456,0.0,1.0,0.0016207455429497568,0.001028194166350993
0.01202118989405053,0.045454545454545456,0.0,1.0,0.025765016086504267,0.01455706477623248
0.014873675631621841,0.11363636363636365,0.0,0.5,0.02106969205834684,0.032577520428594624
0.029951100244498777,0.11363636363636365,0.0,0.5,0.00486223662884927,0.005979760809567618
0.12184189079054604,0.18181818181818182,1.0,0.5,0.017828200972447323,0.01818280209968072
0.08292583537082314,0.045454545454545456,0.0,1.0,0.00486223662884927,0.008685534931543915
0.020578647106764467,0.11363636363636365,0.0,1.0,0.07941653160453808,0.09447210346880243
0.0006112469437652812,0.008181818181818182,0.0,0.5,0.025765016086504267,0.0012175983548893337
0.011613691931540342,0.11363636363636365,0.0,0.5,0.025765016086504267,0.014854699929649873
0.02628361858190709,0.13733377017519657,0.0,0.5,0.025765016086504267,0.02082093186860761
0.001426242868785656,0.03727272727272727,0.0,1.0,0.025765016086504267,0.027436549596839655
0.008964955175224124,0.038863636363636364,0.0,1.0,0.025765016086504267,0.00473510471345852
0.010798696006519967,0.13733377017519657,0.0,0.5,0.025765016086504267,0.023783754532171655
0.07416462917685411,0.18181818181818182,0.0,1.0,0.03079416531604538,0.04706694085177769
0.07029339853300733,0.13636363636363635,1.0,1.0,0.06969205834683954,0.11552302613777803
0.026079869600651995,0.18181818181818182,0.0,1.0,0.0016207455429497568,0.016884030521132097
0.011206193969030154,0.13733377017519657,0.0,1.0,0.025765016086504267,0.006872666269819795
0.07049714751426242,0.11363636363636365,0.0,1.0,0.03727714748784441,0.055874235618810546
0.15097799511002447,0.1590909090909091,1.0,1.0,0.0340356564019449,0.04647167054494291
0.009168704156479218,0.06818181818181818,0.0,0.5,0.011345218800648298,0.01635640456734672
0.07620211898940504,0.13733377017519657,0.0,0.5,0.025765016086504267,0.11408896585313058
0.006316218418907905,0.13733377017519657,0.0,1.0,0.025765016086504267,0.003382217652470372
0.06968215158924204,0.13733377017519657,0.0,0.5,0.025765016086504267,0.2821445965690785
0.022819885900570498,0.11363636363636365,0.0,1.0,0.027552674230145863,0.0212673845987337
0.41605541972290133,0.06818181818181818,0.0,1.0,0.025765016086504267,0.04882569403106229
0.003259983700081499,0.04772727272727273,0.0,1.0,0.025765016086504267,0.014570593646842362
0.1462917685411573,0.13636363636363635,0.0,1.0,0.03727714748784441,0.08858704475350399
0.007946210268948655,0.06204545454545455,0.0,0.5,0.025765016086504267,0.003950430218085394
0.02567237163814181,0.13733377017519657,0.0,0.5,0.025765016086504267,0.024419611450836085
0.021597392013039934,0.13733377017519657,0.0,1.0,0.025765016086504267,0.008807294767032847
0.30704971475142623,0.25,1.0,1.0,0.025765016086504267,0.07760160181828021
0.022004889975550123,0.06954545454545455,0.0,1.0,0.025765016086504267,0.020523296715190216
0.062347188264058676,0.11136363636363637,0.0,0.5,0.025765016086504267,0.35034363331349105
0.03952730236348818,0.045454545454545456,0.0,1.0,0.008103727714748784,0.014137669787326154
0.003056234718826406,0.13733377017519657,1.0,0.5,0.025765016086504267,0.013677688186590183
0.15851670741646293,0.7272727272727273,1.0,0.5,1.0,0.6192705232967153
0.04258353708231458,0.09090909090909091,0.0,1.0,0.02431118314424635,0.031400508685534935
0.006723716381418093,0.05,0.0,0.5,0.025765016086504267,0.0038421992532063427
0.011206193969030154,0.13733377017519657,0.0,1.0,0.025765016086504267,0.022863791330699712
0.02241238793806031,0.13636363636363635,0.0,1.0,0.014586709886547812,0.018209859840900483
0.4042379788101059,0.06818181818181818,0.0,1.0,0.025765016086504267,0.04882569403106229
0.019763651181744092,0.13636363636363635,1.0,1.0,0.011345218800648298,0.011174847123762108
0.0002037489812550937,0.031363636363636364,0.0,1.0,0.025765016086504267,5.411548243952595e-05
0.012836185819070905,0.06818181818181818,0.0,0.5,0.00486223662884927,0.004667460360409113
0.01650366748166259,0.13733377017519657,0.0,0.5,0.025765016086504267,0.028532388116240058
0.003056234718826406,0.13733377017519657,0.0,1.0,0.025765016086504267,0.010538990205097678
0.02811735941320293,0.13733377017519657,0.0,1.0,0.025765016086504267,0.011337193571080687
0.1821515892420538,0.4090909090909091,1.0,1.0,0.00486223662884927,0.03779966448400888
0.23859005704971475,0.20454545454545456,0.0,0.5,0.025765016086504267,0.12441149412847016
0.24266503667481662,0.24545454545454548,1.0,1.0,0.025765016086504267,0.11036852643541317
0.015077424612876936,0.13733377017519657,0.0,1.0,0.025765016086504267,0.0011770117430596892
0.06540342298288508,0.13636363636363635,1.0,0.5,0.017828200972447323,0.033159261864819524
0.06173594132029339,0.08227272727272728,0.0,0.5,0.025765016086504267,0.02972292872990963
0.027098614506927465,0.13636363636363635,1.0,1.0,0.00486223662884927,0.009740786839114671
0.05440097799511002,0.13733377017519657,0.0,0.5,0.025765016086504267,0.05197792088316468
0.03789731051344743,0.13733377017519657,0.0,1.0,0.025765016086504267,0.01672168407381352
0.017318663406682967,0.11363636363636365,0.0,1.0,0.027552674230145863,0.05837707668163862
0.011206193969030154,0.13733377017519657,0.0,1.0,0.025765016086504267,0.024771362086693
0.04645476772616136,0.2727272727272727,1.0,0.5,0.011345218800648298,0.05563071594783268
0.024246128769356154,0.06818181818181818,0.0,0.5,0.011345218800648298,0.012771253855728124
0.01528117359413203,0.09090909090909091,0.0,0.5,0.04700162074554295,0.04360354997564803
0.050325998370008146,0.13733377017519657,0.0,1.0,0.025765016086504267,0.02774771362086693
0.010798696006519967,0.13733377017519657,0.0,1.0,0.025765016086504267,0.0017452243086747117
0.11776691116544416,0.09090909090909091,1.0,0.5,0.027552674230145863,0.058823529411764705
0.040546047269763644,0.4090909090909091,1.0,0.5,0.02431118314424635,0.18143568374912064
0.002241238793806031,0.045454545454545456,1.0,0.5,0.025765016086504267,0.006439742410303588
0.02078239608801956,0.13733377017519657,0.0,0.5,0.025765016086504267,0.00819849558958818
0.502241238793806,0.13733377017519657,1.0,0.5,0.025765016086504267,0.45668055630715954
0.008353708231458843,0.13733377017519657,0.0,0.5,0.025765016086504267,0.0009334920720818226
0.0002037489812550937,0.052954545454545456,0.0,0.5,0.025765016086504267,0.00014881757670869638
0.02730236348818256,0.13636363636363635,0.0,0.5,0.04376012965964344,0.03227988527517723
0.026079869600651995,0.1590909090909091,0.0,0.5,0.014586709886547812,0.006683262081281454
0.05297473512632436,0.11363636363636365,0.0,1.0,0.025765016086504267,0.05937821310676985
0.0615321923390383,0.06818181818181818,1.0,1.0,0.014586709886547812,0.00837437090751664
0.08863080684596576,0.022727272727272728,0.0,0.5,0.017828200972447323,0.02892472536392662
0.08231458842705786,0.1590909090909091,1.0,0.5,0.02431118314424635,0.12188159532442232
0.04278728606356968,0.1590909090909091,1.0,0.5,0.00486223662884927,0.013812976892688998
0.014058679706601468,0.022727272727272728,0.0,0.5,0.025765016086504267,0.0060474051626170245
0.14690301548492257,0.07954545454545454,1.0,0.5,0.025765016086504267,0.041777152443314036
0.07375713121434392,0.20454545454545456,1.0,1.0,0.011345218800648298,0.044888792683586774
0.015077424612876936,0.06659090909090909,0.0,1.0,0.025765016086504267,0.01263596514962931
0.027709861450692746,0.13733377017519657,0.0,0.5,0.025765016086504267,0.03248281833432545
0.04788101059494702,0.13636363636363635,1.0,0.5,0.008103727714748784,0.018696899182856216
0.0713121434392828,0.25,0.0,0.5,0.07617504051863856,0.13386817468477732
0.016707416462917686,0.022727272727272728,1.0,1.0,0.025765016086504267,0.015084690730017858
0.003259983700081499,0.045454545454545456,0.0,0.5,0.025765016086504267,0.007494994317874344
0.1426242868785656,0.13636363636363635,0.0,0.5,0.02431118314424635,0.05657773689052438
0.15953545232273839,0.11363636363636365,0.0,0.5,0.014586709886547812,0.05184263217706586
0.02363488182559087,0.25,0.0,0.5,0.025765016086504267,0.03134639320309541
0.06621841890790546,0.2272727272727273,0.0,0.5,0.008103727714748784,0.01163482872449808
0.010187449062754686,0.06818181818181818,1.0,0.5,0.008103727714748784,0.011431895665349856
0.03891605541972289,0.13733377017519657,1.0,0.5,0.025765016086504267,0.03854375236755236
0.045436022819885895,0.11363636363636365,0.0,1.0,0.011345218800648298,0.027423020726229774
0.006723716381418093,0.065,0.0,1.0,0.025765016086504267,0.0039639590886952755
0.02343113284433578,0.09090909090909091,0.0,1.0,0.011345218800648298,0.009632555874235619
0.2375713121434393,0.11363636363636365,1.0,1.0,0.05348460291734198,0.05752475783321608
0.018337408312958436,0.13733377017519657,0.0,0.5,0.025765016086504267,0.03217165431029818
0.001426242868785656,0.013636363636363636,0.0,0.5,0.025765016086504267,0.00063585691866443
0.06560717196414018,0.13733377017519657,0.0,0.5,0.025765016086504267,0.05702418962065047
0.017114914425427872,0.045454545454545456,0.0,1.0,0.025765016086504267,0.008320255425077114
0.019967400162999183,0.022727272727272728,0.0,0.5,0.014586709886547812,0.011973050489745117
0.08149959250203748,0.13636363636363635,0.0,0.5,0.02106969205834684,0.012135396937063694
0.005297473512632436,0.13733377017519657,0.0,0.5,0.025765016086504267,0.006872666269819795
0.022819885900570498,0.13636363636363635,0.0,1.0,0.025765016086504267,0.023810812273391418
0.0038712306438467804,0.13733377017519657,0.0,0.5,0.025765016086504267,0.010944856323394123
0.0010187449062754685,0.018636363636363635,0.0,0.5,0.025765016086504267,0.0007576167541533634
0.035452322738386305,0.18181818181818182,1.0,1.0,0.008103727714748784,0.010620163428756968
0.015688671556642216,0.13733377017519657,0.0,0.5,0.025765016086504267,0.013028302397315871
0.0323960880195599,0.06818181818181818,0.0,1.0,0.025765016086504267,0.010417230369608744
0.004278728606356968,0.04931818181818182,0.0,0.5,0.025765016086504267,0.0007440878835434818
0.045843520782396084,0.18181818181818182,1.0,0.5,0.025765016086504267,0.05496780128794848
0.40546047269763646,0.06818181818181818,0.0,0.5,0.050243111831442464,0.008712592672763678
0.05358598207008965,0.022727272727272728,0.0,0.5,0.011345218800648298,0.003165755722712268
0.25346373268133654,0.06818181818181818,0.0,0.5,0.07131280388978929,0.17303425510038423
0.14792176039119806,0.29545454545454547,1.0,0.5,0.02106969205834684,0.21882948211483305
0.02241238793806031,0.11363636363636365,1.0,0.5,0.00486223662884927,0.011242491476811516
0.01650366748166259,0.13733377017519657,0.0,0.5,0.025765016086504267,0.014800584447210347
0.015688671556642216,0.13733377017519657,0.0,0.5,0.025765016086504267,0.00919963201471941
0.013243683781581092,0.18977272727272726,0.0,0.5,0.025765016086504267,0.0026516586395367715
0.004074979625101874,0.03636363636363637,0.0,0.5,0.025765016086504267,0.006439742410303588
0.040546047269763644,0.13733377017519657,0.0,1.0,0.025765016086504267,0.06738730450781968
0.2881010594947025,0.11363636363636365,1.0,0.5,0.04700162074554295,0.28083229611991994
0.01589242053789731,0.13733377017519657,0.0,0.5,0.025765016086504267,0.0163699334379566
0.019559902200488997,0.13733377017519657,0.0,0.5,0.025765016086504267,0.03802965528437686
0.020578647106764467,0.13636363636363635,0.0,0.5,0.025765016086504267,0.10380702418962065
0.045028524857375705,0.13636363636363635,1.0,0.5,0.014586709886547812,0.03738026949510255
0.20884270578647107,0.13733377017519657,1.0,0.5,0.025765016086504267,0.011026029547053413
0.0291361043194784,0.06818181818181818,0.0,0.5,0.00486223662884927,0.008225553330807944
0.0808883455582722,0.20454545454545456,0.0,0.5,0.03079416531604538,0.03173873045078197
0.013243683781581092,0.022727272727272728,0.0,1.0,0.025765016086504267,0.005154499702364847
0.005704971475142624,0.13733377017519657,0.0,1.0,0.025765016086504267,0.0149088154120894
0.009576202118989406,0.13733377017519657,0.0,1.0,0.025765016086504267,0.013028302397315871
0.8302770986145069,0.5454545454545454,1.0,1.0,0.13128038897893032,0.8100275988960443
0.2991035044824776,0.20454545454545456,1.0,1.0,0.06969205834683954,0.03652795064668002
0.03952730236348818,0.13733377017519657,0.0,1.0,0.025765016086504267,0.0163699334379566
0.058679706601466985,0.045454545454545456,1.0,1.0,0.008103727714748784,0.00955138265057633
