AFP,Input,Output,Enquiry,File,Interface,Added,Changed,PDR_AFP,PDR_UFP,NPDR_AFP,NPDU_UFP,Duration,N_effort,Resource_1,Resource_3,Resource_4,Generated_Var_1,Generated_Var_2,Generated_Var_3,Generated_Var_5,Generated_Var_9,Generated_Var_10,Generated_Var_11,Effort
1587.0,774.0,260.0,340.0,128.0,0.0,1502.0,0.0,4.7,5.0,4.7,5.0,4.0,7490.0,0.0,0.0,1.0,0.3393224,0.05999869,-0.23620301,-0.114187606,0.23382954,0.15960735,0.029847588,7490
260.0,9.0,4.0,3.0,193.0,41.0,51.0,138.0,16.0,16.6,16.0,16.6,17.0,4150.0,0.0,0.0,0.0,0.3393224,0.05999869,-0.23620301,-0.114187606,0.23382954,0.15960735,0.029847588,4150
152.0,25.0,33.0,28.0,42.0,35.0,163.0,0.0,4.4,4.1,4.4,4.1,9.0,668.0,1.0,0.0,0.0,0.3393224,0.05999869,-0.23620301,-0.114187606,0.23382954,0.15960735,0.029847588,668
252.0,151.0,28.0,8.0,39.0,0.0,69.0,153.0,12.8,14.3,15.5,17.3,4.0,3901.0,1.0,0.0,0.0,0.3393224,0.05999869,-0.23620301,-0.114187606,0.23382954,0.15960735,0.029847588,3238
292.0,93.0,0.0,194.0,20.0,0.0,0.0,307.0,10.3,9.8,12.4,11.7,13.0,3607.0,1.0,0.0,0.0,0.3393224,0.05999869,-0.23620301,-0.114187606,0.23382954,0.15960735,0.029847588,2994
83.0,63.0,0.0,24.0,0.0,0.0,0.0,87.0,16.1,15.3,19.3,18.5,4.0,1606.0,1.0,0.0,0.0,0.3393224,0.05999869,-0.23620301,-0.114187606,0.23382954,0.15960735,0.029847588,1333
79.0,24.0,0.0,23.0,30.0,0.0,0.0,77.0,20.3,20.9,24.5,25.1,6.0,1936.0,1.0,0.0,0.0,0.3393224,0.05999869,-0.23620301,-0.114187606,0.23382954,0.15960735,0.029847588,1607
97.0,0.0,108.0,7.0,0.0,5.0,120.0,0.0,11.9,9.7,11.9,9.7,7.0,1158.0,0.0,0.0,0.0,0.3393224,0.05999869,-0.23620301,-0.114187606,0.23382954,0.15960735,0.029847588,1158
116.0,0.0,23.0,58.0,14.0,20.0,81.0,34.0,10.7,10.8,12.9,13.0,6.0,1498.0,1.0,0.0,0.0,0.3393224,0.05999869,-0.23620301,-0.114187606,0.23382954,0.15960735,0.029847588,1243
52.0,39.0,7.0,0.0,0.0,0.0,0.0,46.0,64.8,73.3,78.1,88.3,7.0,4063.0,1.0,0.0,0.0,0.3393224,0.05999869,-0.23620301,-0.114187606,0.23382954,0.15960735,0.029847588,3372
465.0,209.0,129.0,24.0,83.0,15.0,460.0,0.0,21.9,22.2,21.9,22.2,9.0,10200.0,1.0,0.0,0.0,0.3393224,0.05999869,-0.23620301,-0.114187606,0.23382954,0.15960735,0.029847588,10200
67.0,32.0,5.0,16.0,7.0,0.0,25.0,35.0,25.4,28.4,30.6,34.2,7.0,2053.0,1.0,0.0,0.0,0.3393224,0.05999869,-0.23620301,-0.114187606,0.23382954,0.15960735,0.029847588,1704
199.0,0.0,115.0,57.0,0.0,42.0,214.0,0.0,13.3,12.3,15.2,14.2,7.0,3034.0,0.0,0.0,0.0,0.3393224,0.05999869,-0.23620301,-0.114187606,0.23382954,0.15960735,0.029847588,2640
176.0,13.0,54.0,54.0,40.0,7.0,168.0,0.0,19.0,19.9,19.0,19.9,26.0,3348.0,1.0,0.0,0.0,0.3393224,0.05999869,-0.23620301,-0.114187606,0.23382954,0.15960735,0.029847588,3348
391.0,208.0,26.0,81.0,25.0,0.0,38.0,302.0,1.7,2.0,2.1,2.4,7.0,814.0,1.0,0.0,0.0,5.120185,3.3732107,-8.091177,4.048375,1.3795323,-3.447539,-1.3313723,676
263.0,65.0,45.0,101.0,42.0,10.0,176.0,87.0,3.5,3.5,3.5,3.5,3.0,911.0,1.0,0.0,0.0,0.3393224,0.05999869,-0.23620301,-0.114187606,0.23382954,0.15960735,0.029847588,911
42.0,12.0,15.0,3.0,7.0,15.0,52.0,0.0,59.4,48.0,59.4,48.0,6.4,2496.0,1.0,0.0,0.0,0.3393224,0.05999869,-0.23620301,-0.114187606,0.23382954,0.15960735,0.029847588,2496
190.0,98.0,20.0,16.0,63.0,5.0,160.0,42.0,6.2,5.8,6.2,5.8,10.0,1171.0,1.0,0.0,0.0,0.3393224,0.05999869,-0.23620301,-0.114187606,0.23382954,0.15960735,0.029847588,1171
245.0,105.0,28.0,18.0,58.0,0.0,19.0,190.0,14.4,16.9,14.4,16.9,13.0,3532.0,1.0,0.0,0.0,0.3393224,0.05999869,-0.23620301,-0.114187606,0.23382954,0.15960735,0.029847588,3532
77.0,28.0,0.0,42.0,0.0,0.0,0.0,70.0,5.7,6.2,6.8,7.5,1.0,525.0,1.0,0.0,0.0,0.3393224,0.05999869,-0.23620301,-0.114187606,0.23382954,0.15960735,0.029847588,436
355.0,278.0,0.0,73.0,0.0,0.0,0.0,351.0,2.6,2.6,3.1,3.1,4.0,1095.0,1.0,0.0,0.0,3.1191685,2.2586803,-4.8509645,2.0854661,0.60862356,-1.9127747,-0.5819267,909
3156.0,2075.0,525.0,97.0,0.0,0.0,28.0,12.0,2.9,3.4,3.5,4.1,6.0,10957.0,1.0,0.0,0.0,20.14797,11.427537,10.638939,-50.72839,36.79891,21.059443,-33.43548,9094
46.0,0.0,28.0,0.0,25.0,0.0,28.0,25.0,7.5,6.5,7.5,6.5,6.0,344.0,1.0,0.0,0.0,0.3393224,0.05999869,-0.23620301,-0.114187606,0.23382954,0.15960735,0.029847588,344
56.0,14.0,12.0,15.0,7.0,5.0,53.0,0.0,5.3,5.6,5.3,5.6,3.0,296.0,0.0,0.0,1.0,0.3393224,0.05999869,-0.23620301,-0.114187606,0.23382954,0.15960735,0.029847588,296
106.0,65.0,4.0,12.0,14.0,0.0,35.0,53.0,33.0,36.9,39.8,44.4,13.0,4220.0,1.0,0.0,0.0,0.3393224,0.05999869,-0.23620301,-0.114187606,0.23382954,0.15960735,0.029847588,3503
71.0,31.0,28.0,9.0,7.0,0.0,31.0,23.0,3.5,3.3,4.2,3.9,1.0,296.0,1.0,0.0,0.0,0.3393224,0.05999869,-0.23620301,-0.114187606,0.23382954,0.15960735,0.029847588,246
306.0,51.0,105.0,0.0,105.0,45.0,306.0,0.0,6.8,6.8,6.8,6.8,24.0,2082.0,0.0,0.0,0.0,0.3393224,0.05999869,-0.23620301,-0.114187606,0.23382954,0.15960735,0.029847588,2082
244.0,68.0,78.0,22.0,62.0,14.0,244.0,0.0,0.8,0.8,0.8,0.8,7.0,191.0,0.0,0.0,1.0,2.9500353,7.684751,-8.474759,5.7339277,-1.525365,-3.5624084,0.9288357,191
98.0,21.0,46.0,3.0,44.0,0.0,114.0,0.0,30.3,26.1,36.6,31.4,15.0,3583.0,1.0,0.0,0.0,0.3393224,0.05999869,-0.23620301,-0.114187606,0.23382954,0.15960735,0.029847588,2974
331.0,100.0,44.0,61.0,107.0,0.0,312.0,0.0,1.0,1.1,1.2,1.3,2.0,395.0,1.0,0.0,0.0,3.862353,5.160214,-9.658725,6.647325,-2.7413044,-5.5222397,2.4213853,328
101.0,16.0,5.0,39.0,52.0,0.0,112.0,0.0,4.0,3.6,4.0,3.6,8.0,406.0,1.0,0.0,0.0,0.3393224,0.05999869,-0.23620301,-0.114187606,0.23382954,0.15960735,0.029847588,406
192.0,9.0,102.0,0.0,10.0,77.0,198.0,0.0,9.3,9.0,11.2,10.9,8.0,2151.0,1.0,0.0,0.0,0.3393224,0.05999869,-0.23620301,-0.114187606,0.23382954,0.15960735,0.029847588,1785
60.0,39.0,4.0,0.0,14.0,10.0,39.0,22.0,7.9,7.0,7.9,7.0,8.0,471.0,0.0,0.0,0.0,0.3393224,0.05999869,-0.23620301,-0.114187606,0.23382954,0.15960735,0.029847588,471
180.0,74.0,18.0,33.0,57.0,0.0,153.0,29.0,3.9,3.8,3.9,3.8,5.0,700.0,0.0,0.0,0.0,0.3393224,0.05999869,-0.23620301,-0.114187606,0.23382954,0.15960735,0.029847588,700
118.0,43.0,71.0,7.0,0.0,0.0,38.0,83.0,4.9,4.8,5.9,5.8,2.0,698.0,1.0,0.0,0.0,0.3393224,0.05999869,-0.23620301,-0.114187606,0.23382954,0.15960735,0.029847588,579
73.0,43.0,10.0,4.0,15.0,0.0,6.0,66.0,16.6,16.8,20.0,20.3,3.0,1459.0,1.0,0.0,0.0,0.3393224,0.05999869,-0.23620301,-0.114187606,0.23382954,0.15960735,0.029847588,1211
143.0,63.0,0.0,27.0,45.0,0.0,14.0,121.0,8.0,8.4,9.6,10.2,4.0,1372.0,1.0,0.0,0.0,0.3393224,0.05999869,-0.23620301,-0.114187606,0.23382954,0.15960735,0.029847588,1139
2190.0,706.0,648.0,236.0,235.0,0.0,1825.0,0.0,6.6,8.0,7.6,9.1,19.0,16690.0,0.0,0.0,0.0,0.3393224,0.05999869,-0.23620301,-0.114187606,0.23382954,0.15960735,0.029847588,14520
9.0,0.0,10.0,0.0,0.0,0.0,5.0,5.0,26.6,23.9,26.6,23.9,2.0,239.0,1.0,0.0,0.0,0.3393224,0.05999869,-0.23620301,-0.114187606,0.23382954,0.15960735,0.029847588,239
203.0,21.0,167.0,3.0,10.0,0.0,201.0,0.0,6.2,6.3,7.5,7.6,5.0,1520.0,1.0,0.0,0.0,0.3393224,0.05999869,-0.23620301,-0.114187606,0.23382954,0.15960735,0.029847588,1262
162.0,64.0,36.0,9.0,28.0,20.0,157.0,0.0,10.8,11.2,10.8,11.2,8.0,1754.0,1.0,0.0,0.0,0.3393224,0.05999869,-0.23620301,-0.114187606,0.23382954,0.15960735,0.029847588,1754
183.0,60.0,21.0,29.0,71.0,0.0,181.0,0.0,8.3,8.4,10.0,10.1,6.0,1824.0,1.0,0.0,0.0,0.3393224,0.05999869,-0.23620301,-0.114187606,0.23382954,0.15960735,0.029847588,1514
59.0,36.0,21.0,0.0,0.0,0.0,6.0,51.0,11.3,11.7,13.6,14.1,8.0,804.0,1.0,0.0,0.0,0.3393224,0.05999869,-0.23620301,-0.114187606,0.23382954,0.15960735,0.029847588,667
412.0,198.0,14.0,99.0,91.0,10.0,412.0,0.0,14.2,14.2,14.2,14.2,20.0,5864.0,1.0,0.0,0.0,0.3393224,0.05999869,-0.23620301,-0.114187606,0.23382954,0.15960735,0.029847588,5864
348.0,198.0,14.0,33.0,77.0,0.0,10.0,312.0,2.8,3.0,3.4,3.6,3.0,1172.0,1.0,0.0,0.0,3.2464745,1.5545484,-4.8332596,2.6845703,0.5695814,-1.9476918,-0.5907268,973
2529.0,554.0,513.0,66.0,703.0,220.0,2056.0,0.0,2.1,2.6,2.1,2.6,13.0,5333.0,0.0,0.0,0.0,6.655816,11.604626,-8.858004,2.3027134,1.9652416,-5.216327,2.6512954,5333
250.0,28.0,92.0,57.0,0.0,30.0,164.0,43.0,7.1,8.6,7.1,8.6,8.0,1775.0,0.0,0.0,0.0,0.3393224,0.05999869,-0.23620301,-0.114187606,0.23382954,0.15960735,0.029847588,1775
206.0,0.0,199.0,0.0,0.0,5.0,100.0,104.0,1.0,1.0,1.2,1.2,5.0,246.0,1.0,0.0,0.0,3.443317,5.032947,-5.924369,2.3022578,0.76373464,-2.2269735,0.93608266,204
617.0,184.0,136.0,103.0,133.0,0.0,377.0,179.0,5.1,5.7,6.1,6.8,7.0,3793.0,1.0,0.0,0.0,0.3393224,0.05999869,-0.23620301,-0.114187606,0.23382954,0.15960735,0.029847588,3148
173.0,0.0,78.0,10.0,17.0,72.0,177.0,0.0,50.4,49.2,60.7,59.3,12.0,10501.0,1.0,0.0,0.0,0.3393224,0.05999869,-0.23620301,-0.114187606,0.23382954,0.15960735,0.029847588,8716
286.0,45.0,156.0,27.0,37.0,0.0,265.0,0.0,5.1,5.5,5.1,5.5,6.0,1464.0,1.0,0.0,0.0,0.3393224,0.05999869,-0.23620301,-0.114187606,0.23382954,0.15960735,0.029847588,1464
52.0,13.0,17.0,6.0,10.0,5.0,20.0,16.0,26.1,26.6,31.5,32.1,2.0,1636.0,1.0,0.0,0.0,0.3393224,0.05999869,-0.23620301,-0.114187606,0.23382954,0.15960735,0.029847588,1358
45.0,6.0,28.0,0.0,0.0,25.0,59.0,0.0,6.2,4.8,6.2,4.8,7.0,281.0,0.0,0.0,0.0,0.3393224,0.05999869,-0.23620301,-0.114187606,0.23382954,0.15960735,0.029847588,281
104.0,30.0,7.0,48.0,15.0,0.0,0.0,100.0,22.3,23.2,26.9,28.0,5.0,2796.0,1.0,0.0,0.0,0.3393224,0.05999869,-0.23620301,-0.114187606,0.23382954,0.15960735,0.029847588,2321
465.0,234.0,44.0,104.0,118.0,0.0,431.0,15.0,8.7,8.1,10.5,9.8,13.0,4884.0,1.0,0.0,0.0,0.3393224,0.05999869,-0.23620301,-0.114187606,0.23382954,0.15960735,0.029847588,4054
2145.0,862.0,63.0,491.0,518.0,300.0,2234.0,0.0,1.1,1.1,1.1,1.1,84.0,2400.0,0.0,0.0,1.0,6.528112,40.677002,-48.491573,39.573544,-18.354342,-28.251781,9.628481,2400
283.0,20.0,125.0,39.0,91.0,17.0,292.0,0.0,20.0,19.3,20.0,19.3,13.0,5650.0,1.0,0.0,0.0,0.3393224,0.05999869,-0.23620301,-0.114187606,0.23382954,0.15960735,0.029847588,5650
109.0,0.0,84.0,0.0,17.0,5.0,47.0,59.0,14.0,14.4,16.9,17.3,2.0,1837.0,1.0,0.0,0.0,0.3393224,0.05999869,-0.23620301,-0.114187606,0.23382954,0.15960735,0.029847588,1525
160.0,0.0,21.0,72.0,25.0,40.0,74.0,68.0,3.0,3.0,3.6,3.6,2.0,575.0,1.0,0.0,0.0,0.9774948,0.50980234,-1.2605455,0.48607078,0.1606613,-0.41520154,-0.10429097,477
65.0,0.0,64.0,0.0,0.0,0.0,54.0,10.0,7.7,7.9,9.3,9.5,2.0,606.0,1.0,0.0,0.0,0.3393224,0.05999869,-0.23620301,-0.114187606,0.23382954,0.15960735,0.029847588,503
366.0,160.0,27.0,96.0,72.0,0.0,260.0,84.0,23.1,23.9,27.9,28.7,10.0,10205.0,1.0,0.0,0.0,0.3393224,0.05999869,-0.23620301,-0.114187606,0.23382954,0.15960735,0.029847588,8470
63.0,18.0,10.0,3.0,28.0,0.0,16.0,43.0,12.3,13.2,14.9,15.9,3.0,937.0,1.0,0.0,0.0,0.3393224,0.05999869,-0.23620301,-0.114187606,0.23382954,0.15960735,0.029847588,778
309.0,126.0,13.0,59.0,153.0,30.0,381.0,0.0,8.4,6.8,8.4,6.8,7.5,2597.0,0.0,0.0,1.0,0.3393224,0.05999869,-0.23620301,-0.114187606,0.23382954,0.15960735,0.029847588,2597
610.0,137.0,174.0,117.0,147.0,0.0,575.0,0.0,1.6,1.7,1.6,1.7,3.0,950.0,1.0,0.0,0.0,5.850779,10.871225,-10.925389,6.1616993,0.6063826,-4.6935782,0.08082124,950
562.0,165.0,125.0,93.0,119.0,0.0,502.0,0.0,10.2,11.4,10.2,11.4,13.0,5727.0,0.0,1.0,0.0,0.3393224,0.05999869,-0.23620301,-0.114187606,0.23382954,0.15960735,0.029847588,5727
156.0,21.0,38.0,39.0,7.0,41.0,146.0,0.0,13.1,14.0,15.8,16.8,4.0,2458.0,1.0,0.0,0.0,0.3393224,0.05999869,-0.23620301,-0.114187606,0.23382954,0.15960735,0.029847588,2040
75.0,30.0,5.0,19.0,21.0,0.0,40.0,35.0,49.0,49.0,59.1,59.1,8.0,4430.0,1.0,0.0,0.0,0.3393224,0.05999869,-0.23620301,-0.114187606,0.23382954,0.15960735,0.029847588,3677
136.0,42.0,64.0,0.0,21.0,0.0,0.0,127.0,4.2,4.5,5.1,5.4,2.0,687.0,1.0,0.0,0.0,0.400958,0.17264356,-0.35484427,-0.06159689,0.16421787,0.054664627,0.057504002,570
96.0,13.0,56.0,0.0,10.0,40.0,119.0,0.0,12.7,10.3,47.2,38.1,8.0,4530.0,0.0,0.0,0.0,-23.305172,26.063046,4.0560126,-22.896646,-18.428633,-3.4015613,-12.425916,1223
78.0,24.0,24.0,9.0,21.0,0.0,78.0,0.0,12.5,12.5,13.9,13.9,4.0,1084.0,1.0,0.0,0.0,0.3393224,0.05999869,-0.23620301,-0.114187606,0.23382954,0.15960735,0.029847588,976
51.0,42.0,0.0,14.0,0.0,0.0,20.0,36.0,7.6,6.9,9.1,8.3,12.0,466.0,1.0,0.0,0.0,0.3393224,0.05999869,-0.23620301,-0.114187606,0.23382954,0.15960735,0.029847588,387
1092.0,356.0,84.0,170.0,669.0,21.0,1300.0,0.0,4.0,3.4,4.9,4.1,13.0,5320.0,1.0,0.0,0.0,0.3393224,0.05999869,-0.23620301,-0.114187606,0.23382954,0.15960735,0.029847588,4416
134.0,42.0,11.0,32.0,35.0,14.0,134.0,0.0,2.1,2.1,2.6,2.6,8.0,345.0,1.0,0.0,0.0,1.7000641,1.4497904,-2.2905705,0.8969507,0.43507916,-0.74350476,-0.18446499,286
75.0,24.0,9.0,0.0,36.0,0.0,0.0,69.0,4.1,4.4,4.9,5.3,5.0,367.0,1.0,0.0,0.0,0.9780369,0.51005185,-1.2613993,0.48659608,0.16075896,-0.41556782,-0.10440721,305
88.0,18.0,20.0,0.0,43.0,0.0,36.0,45.0,1.5,1.6,1.8,1.9,7.0,155.0,1.0,0.0,0.0,2.3585558,0.9419231,-3.581137,2.0304263,0.27335197,-1.47213,-0.3390837,129
3088.0,1061.0,1009.0,772.0,241.0,5.0,544.0,2544.0,1.4,1.4,1.4,1.4,8.0,4266.0,1.0,0.0,0.0,52.73405,39.953117,-86.116264,41.501118,18.471338,-38.51967,-16.959723,4266
82.0,25.0,46.0,0.0,14.0,15.0,100.0,0.0,5.4,4.4,5.4,4.4,3.0,440.0,1.0,0.0,0.0,0.3393224,0.05999869,-0.23620301,-0.114187606,0.23382954,0.15960735,0.029847588,440
110.0,30.0,66.0,0.0,7.0,0.0,18.0,85.0,12.4,13.2,12.4,13.2,2.0,1362.0,1.0,0.0,0.0,0.3393224,0.05999869,-0.23620301,-0.114187606,0.23382954,0.15960735,0.029847588,1362
308.0,153.0,83.0,0.0,112.0,10.0,236.0,122.0,8.2,7.1,8.2,7.1,6.0,2533.0,0.0,0.0,0.0,0.3393224,0.05999869,-0.23620301,-0.114187606,0.23382954,0.15960735,0.029847588,2533
143.0,75.0,32.0,3.0,62.0,0.0,172.0,0.0,1.6,1.3,1.6,1.3,10.0,225.0,1.0,0.0,0.0,4.198596,4.147476,-6.1366677,3.2431524,1.2995957,-2.2184412,-1.4834117,225
826.0,292.0,326.0,155.0,32.0,0.0,396.0,139.0,13.4,13.7,13.4,13.7,13.0,11045.0,1.0,0.0,0.0,0.3393224,0.05999869,-0.23620301,-0.114187606,0.23382954,0.15960735,0.029847588,11045
3460.0,484.0,1831.0,318.0,208.0,142.0,2756.0,227.0,9.5,11.0,9.5,11.0,24.0,32760.0,0.0,0.0,1.0,0.3393224,0.05999869,-0.23620301,-0.114187606,0.23382954,0.15960735,0.029847588,32760
73.0,15.0,32.0,0.0,28.0,5.0,80.0,0.0,28.1,25.7,33.9,30.9,8.0,2475.0,1.0,0.0,0.0,0.3393224,0.05999869,-0.23620301,-0.114187606,0.23382954,0.15960735,0.029847588,2054
64.0,4.0,56.0,0.0,7.0,0.0,11.0,56.0,3.9,3.8,3.9,3.8,7.0,252.0,1.0,0.0,0.0,0.89238137,0.4706121,-1.1265268,0.40360126,0.14532198,-0.35771522,-0.08604389,252
497.0,122.0,28.0,113.0,273.0,10.0,454.0,92.0,4.8,4.3,4.8,4.3,8.0,2362.0,0.0,0.0,0.0,0.3393224,0.05999869,-0.23620301,-0.114187606,0.23382954,0.15960735,0.029847588,2362
288.0,201.0,0.0,36.0,76.0,0.0,99.0,214.0,8.5,7.9,10.3,9.5,5.0,2963.0,1.0,0.0,0.0,0.3393224,0.05999869,-0.23620301,-0.114187606,0.23382954,0.15960735,0.029847588,2459
494.0,134.0,62.0,140.0,91.0,67.0,494.0,0.0,17.6,17.6,17.6,17.6,21.0,8706.0,1.0,0.0,0.0,0.3393224,0.05999869,-0.23620301,-0.114187606,0.23382954,0.15960735,0.029847588,8706
130.0,60.0,65.0,0.0,0.0,0.0,14.0,111.0,5.9,6.2,5.9,6.2,6.0,770.0,1.0,0.0,0.0,0.3393224,0.05999869,-0.23620301,-0.114187606,0.23382954,0.15960735,0.029847588,770
204.0,47.0,43.0,6.0,29.0,104.0,229.0,0.0,39.8,35.4,39.8,35.4,36.0,8111.0,1.0,0.0,0.0,0.3393224,0.05999869,-0.23620301,-0.114187606,0.23382954,0.15960735,0.029847588,8111
17.0,12.0,5.0,0.0,0.0,0.0,17.0,0.0,44.8,44.8,44.8,44.8,11.0,762.0,1.0,0.0,0.0,0.3393224,0.05999869,-0.23620301,-0.114187606,0.23382954,0.15960735,0.029847588,762
60.0,10.0,25.0,0.0,31.0,5.0,71.0,0.0,2.3,1.9,2.7,2.3,1.0,164.0,1.0,0.0,0.0,1.5818923,1.0538505,-2.1715448,0.8653116,0.31813383,-0.76680875,-0.23640102,136
73.0,0.0,20.0,36.0,10.0,0.0,56.0,10.0,4.9,5.4,5.9,6.5,1.0,431.0,1.0,0.0,0.0,0.3393224,0.05999869,-0.23620301,-0.114187606,0.23382954,0.15960735,0.029847588,358
169.0,32.0,14.0,25.0,28.0,70.0,169.0,0.0,2.8,2.8,3.4,3.4,6.0,580.0,1.0,0.0,0.0,0.56676066,0.3151354,-0.6220437,0.09134726,0.10694119,-0.13131008,-0.009400956,481
1351.0,379.0,449.0,271.0,219.0,20.0,1173.0,29.0,2.4,2.4,2.8,2.9,8.0,3842.0,1.0,0.0,0.0,-3.119916,5.2860427,1.8287773,-2.29531,-2.5140069,0.8468399,-0.94302803,3189
2087.0,862.0,444.0,303.0,437.0,0.0,2046.0,0.0,10.8,11.0,10.8,11.0,9.0,22500.0,0.0,0.0,1.0,0.3393224,0.05999869,-0.23620301,-0.114187606,0.23382954,0.15960735,0.029847588,22500
253.0,72.0,0.0,107.0,29.0,44.0,252.0,0.0,46.3,46.3,49.8,49.8,13.0,12601.0,1.0,0.0,0.0,0.3393224,0.05999869,-0.23620301,-0.114187606,0.23382954,0.15960735,0.029847588,11719
102.0,37.0,26.0,10.0,29.0,0.0,102.0,0.0,1.8,1.8,2.4,2.4,5.0,244.0,1.0,0.0,0.0,2.6585507,2.272666,-3.6722505,1.6574821,0.7070996,-1.2976795,-0.48785233,183
115.0,49.0,39.0,0.0,15.0,0.0,53.0,50.0,12.9,14.4,15.5,17.3,5.0,1786.0,1.0,0.0,0.0,0.3393224,0.05999869,-0.23620301,-0.114187606,0.23382954,0.15960735,0.029847588,1482
288.0,18.0,186.0,21.0,15.0,60.0,300.0,0.0,4.3,4.2,4.3,4.2,11.0,1251.0,0.0,0.0,0.0,0.3393224,0.05999869,-0.23620301,-0.114187606,0.23382954,0.15960735,0.029847588,1251
199.0,104.0,7.0,77.0,0.0,0.0,0.0,188.0,4.7,5.0,5.7,6.0,8.0,1136.0,1.0,0.0,0.0,0.3393224,0.05999869,-0.23620301,-0.114187606,0.23382954,0.15960735,0.029847588,943
163.0,49.0,14.0,33.0,49.0,10.0,155.0,0.0,16.5,17.3,19.8,20.9,11.0,3234.0,1.0,0.0,0.0,0.3393224,0.05999869,-0.23620301,-0.114187606,0.23382954,0.15960735,0.029847588,2684
97.0,21.0,41.0,0.0,49.0,15.0,16.0,100.0,7.5,5.8,7.5,5.8,9.0,729.0,0.0,0.0,0.0,0.3393224,0.05999869,-0.23620301,-0.114187606,0.23382954,0.15960735,0.029847588,729
439.0,82.0,222.0,19.0,85.0,10.0,105.0,313.0,8.3,8.7,8.3,8.7,7.0,3630.0,1.0,0.0,0.0,0.3393224,0.05999869,-0.23620301,-0.114187606,0.23382954,0.15960735,0.029847588,3630
3113.0,2019.0,609.0,248.0,157.0,80.0,3113.0,0.0,10.9,10.9,13.5,13.5,24.0,42080.0,1.0,0.0,0.0,0.3393224,0.05999869,-0.23620301,-0.114187606,0.23382954,0.15960735,0.029847588,34085
153.0,35.0,7.0,57.0,24.0,20.0,143.0,0.0,18.7,20.0,21.5,23.0,3.0,3283.0,0.0,0.0,0.0,0.3393224,0.05999869,-0.23620301,-0.114187606,0.23382954,0.15960735,0.029847588,2856
670.0,346.0,97.0,122.0,79.0,0.0,146.0,498.0,8.6,8.9,10.4,10.8,6.0,6936.0,1.0,0.0,0.0,0.3393224,0.05999869,-0.23620301,-0.114187606,0.23382954,0.15960735,0.029847588,5757
129.0,19.0,93.0,3.0,10.0,30.0,0.0,155.0,4.9,4.1,4.9,4.1,15.0,631.0,0.0,0.0,0.0,0.5483264,0.3046163,-0.5949523,0.07473482,0.10760248,-0.11716623,-0.0038860962,631
329.0,324.0,68.0,14.0,0.0,0.0,206.0,73.0,6.6,5.4,6.6,5.4,8.0,2184.0,0.0,0.0,0.0,0.3393224,0.05999869,-0.23620301,-0.114187606,0.23382954,0.15960735,0.029847588,2184
5684.0,2221.0,454.0,820.0,1137.0,311.0,4943.0,0.0,3.7,4.3,3.7,4.3,37.0,21014.0,1.0,0.0,0.0,0.3393224,0.05999869,-0.23620301,-0.114187606,0.23382954,0.15960735,0.029847588,21014
61.0,27.0,4.0,24.0,17.0,0.0,72.0,0.0,6.8,5.8,8.2,7.0,4.0,502.0,1.0,0.0,0.0,0.3393224,0.05999869,-0.23620301,-0.114187606,0.23382954,0.15960735,0.029847588,417
267.0,27.0,133.0,51.0,34.0,89.0,70.0,178.0,10.0,8.0,10.0,8.0,9.0,2683.0,0.0,0.0,0.0,0.3393224,0.05999869,-0.23620301,-0.114187606,0.23382954,0.15960735,0.029847588,2683
218.0,78.0,16.0,56.0,77.0,0.0,227.0,0.0,25.4,24.4,30.6,29.4,4.0,6665.0,1.0,0.0,0.0,0.3393224,0.05999869,-0.23620301,-0.114187606,0.23382954,0.15960735,0.029847588,5532
919.0,458.0,236.0,56.0,58.0,76.0,884.0,0.0,5.2,5.4,6.3,6.6,6.0,5801.0,1.0,0.0,0.0,0.3393224,0.05999869,-0.23620301,-0.114187606,0.23382954,0.15960735,0.029847588,4815
66.0,27.0,12.0,6.0,14.0,0.0,28.0,31.0,3.7,4.2,4.5,5.0,2.0,296.0,1.0,0.0,0.0,1.029539,0.5337659,-1.3424942,0.5364985,0.17004083,-0.4503528,-0.11544853,246
54.0,36.0,0.0,16.0,0.0,0.0,0.0,52.0,12.7,13.2,15.3,15.9,1.0,827.0,1.0,0.0,0.0,0.3393224,0.05999869,-0.23620301,-0.114187606,0.23382954,0.15960735,0.029847588,686
245.0,88.0,105.0,27.0,79.0,0.0,299.0,0.0,1.9,1.6,3.6,2.9,13.0,870.0,1.0,0.0,0.0,2.2542574,8.026842,-4.849726,2.0813746,1.2522552,-1.5056796,-1.2071499,470
54.0,24.0,28.0,0.0,0.0,0.0,0.0,52.0,7.3,7.6,8.8,9.2,2.0,476.0,1.0,0.0,0.0,0.3393224,0.05999869,-0.23620301,-0.114187606,0.23382954,0.15960735,0.029847588,395
151.0,40.0,54.0,15.0,21.0,0.0,111.0,19.0,7.2,8.3,8.2,9.5,3.0,1241.0,0.0,0.0,0.0,0.3393224,0.05999869,-0.23620301,-0.114187606,0.23382954,0.15960735,0.029847588,1080
103.0,45.0,4.0,27.0,29.0,0.0,105.0,0.0,13.6,13.3,13.6,13.3,7.0,1396.0,0.0,0.0,0.0,0.3393224,0.05999869,-0.23620301,-0.114187606,0.23382954,0.15960735,0.029847588,1396
300.0,95.0,82.0,27.0,76.0,0.0,138.0,142.0,9.8,10.5,9.8,10.5,10.0,2933.0,1.0,0.0,0.0,0.3393224,0.05999869,-0.23620301,-0.114187606,0.23382954,0.15960735,0.029847588,2933
249.0,126.0,4.0,98.0,21.0,0.0,58.0,191.0,18.3,18.3,18.3,18.3,9.0,4551.0,1.0,0.0,0.0,0.3393224,0.05999869,-0.23620301,-0.114187606,0.23382954,0.15960735,0.029847588,4551
224.0,156.0,21.0,0.0,29.0,10.0,6.0,210.0,13.4,13.9,16.1,16.7,4.0,3613.0,1.0,0.0,0.0,0.3393224,0.05999869,-0.23620301,-0.114187606,0.23382954,0.15960735,0.029847588,2999
1984.0,255.0,1008.0,192.0,158.0,0.0,1613.0,0.0,1.3,1.6,1.3,1.6,11.0,2540.0,0.0,0.0,0.0,15.124418,52.458687,-33.482494,16.686005,6.8371925,-11.903668,-6.2022977,2540
58.0,15.0,37.0,0.0,0.0,5.0,0.0,57.0,0.4,0.5,0.5,0.5,2.0,31.0,1.0,0.0,0.0,3.9221854,2.8980424,-5.5469246,3.362404,1.532611,-4.1273494,-1.0888214,26
56.0,50.0,0.0,3.0,0.0,0.0,0.0,53.0,8.0,8.5,9.6,10.2,2.0,540.0,1.0,0.0,0.0,0.3393224,0.05999869,-0.23620301,-0.114187606,0.23382954,0.15960735,0.029847588,448
244.0,91.0,12.0,44.0,60.0,50.0,257.0,0.0,3.7,3.5,4.5,4.2,3.0,1092.0,1.0,0.0,0.0,0.3393224,0.05999869,-0.23620301,-0.114187606,0.23382954,0.15960735,0.029847588,906
12.0,0.0,0.0,6.0,7.0,0.0,10.0,3.0,17.6,16.2,17.6,16.2,13.0,211.0,0.0,0.0,0.0,0.3705415,0.30716312,-0.18365546,-0.74936634,0.22420217,0.043338962,-0.6753167,211
1416.0,402.0,432.0,0.0,252.0,65.0,376.0,775.0,1.2,1.5,1.2,1.5,12.0,1724.0,0.0,0.0,0.0,20.84321,5.8493543,-36.79831,24.614666,-0.30435205,-17.548315,-1.503081,1724
67.0,3.0,26.0,0.0,7.0,35.0,71.0,0.0,23.6,22.3,27.2,25.6,5.0,1821.0,0.0,0.0,0.0,0.3393224,0.05999869,-0.23620301,-0.114187606,0.23382954,0.15960735,0.029847588,1584
95.0,36.0,0.0,32.0,24.0,0.0,0.0,92.0,1.6,1.6,1.9,1.9,7.0,178.0,1.0,0.0,0.0,3.3900723,2.179792,-5.2701864,2.8892627,1.1913803,-2.4975052,-0.6993505,148
2376.0,638.0,233.0,639.0,580.0,131.0,2221.0,0.0,10.7,11.5,12.9,13.8,24.0,30701.0,1.0,0.0,0.0,0.3393224,0.05999869,-0.23620301,-0.114187606,0.23382954,0.15960735,0.029847588,25482
442.0,225.0,102.0,57.0,91.0,0.0,82.0,393.0,1.5,1.4,1.5,1.4,5.0,683.0,1.0,0.0,0.0,9.338943,6.1470017,-15.0038595,7.7360926,2.5534277,-6.507627,-2.5356178,683
68.0,21.0,12.0,19.0,15.0,0.0,11.0,56.0,37.1,37.6,44.7,45.3,4.0,3037.0,1.0,0.0,0.0,0.3393224,0.05999869,-0.23620301,-0.114187606,0.23382954,0.15960735,0.029847588,2521
268.0,76.0,96.0,45.0,41.0,10.0,248.0,20.0,10.9,10.9,10.9,10.9,9.0,2933.0,0.0,0.0,0.0,0.3393224,0.05999869,-0.23620301,-0.114187606,0.23382954,0.15960735,0.029847588,2933
90.0,96.0,0.0,0.0,0.0,0.0,96.0,0.0,5.5,5.1,6.6,6.2,2.0,595.0,1.0,0.0,0.0,0.3393224,0.05999869,-0.23620301,-0.114187606,0.23382954,0.15960735,0.029847588,494
72.0,23.0,25.0,7.0,17.0,0.0,55.0,17.0,6.8,6.8,6.8,6.8,7.0,486.0,1.0,0.0,0.0,0.3393224,0.05999869,-0.23620301,-0.114187606,0.23382954,0.15960735,0.029847588,486
505.0,111.0,127.0,18.0,216.0,0.0,472.0,0.0,9.8,10.5,9.8,10.5,30.0,4955.0,1.0,0.0,0.0,0.3393224,0.05999869,-0.23620301,-0.114187606,0.23382954,0.15960735,0.029847588,4955
450.0,112.0,145.0,59.0,105.0,0.0,356.0,58.0,13.6,14.6,13.6,14.6,7.0,6138.0,1.0,0.0,0.0,0.3393224,0.05999869,-0.23620301,-0.114187606,0.23382954,0.15960735,0.029847588,6138
230.0,129.0,38.0,46.0,57.0,0.0,230.0,40.0,6.3,5.4,7.6,6.5,10.0,1748.0,1.0,0.0,0.0,0.3393224,0.05999869,-0.23620301,-0.114187606,0.23382954,0.15960735,0.029847588,1451
242.0,97.0,78.0,4.0,43.0,0.0,0.0,222.0,1.3,1.4,1.5,1.7,2.0,375.0,1.0,0.0,0.0,6.3250046,2.9720504,-9.680684,5.667473,1.1244007,-4.02696,-1.2507197,311
106.0,21.0,76.0,6.0,0.0,0.0,7.0,96.0,23.1,23.7,27.8,28.6,2.0,2946.0,1.0,0.0,0.0,0.3393224,0.05999869,-0.23620301,-0.114187606,0.23382954,0.15960735,0.029847588,2445
31.0,10.0,14.0,0.0,7.0,0.0,4.0,27.0,7.6,7.6,7.6,7.6,6.0,237.0,1.0,0.0,0.0,0.93448716,0.6223032,-0.93611455,-0.08330128,0.3224436,-0.2806649,-0.3962677,237
1186.0,422.0,306.0,109.0,168.0,230.0,1235.0,0.0,3.1,3.0,3.1,3.0,9.0,3711.0,0.0,1.0,0.0,0.3393224,0.05999869,-0.23620301,-0.114187606,0.23382954,0.15960735,0.029847588,3711
256.0,69.0,198.0,0.0,0.0,5.0,272.0,0.0,11.5,10.8,11.5,10.8,19.0,2941.0,0.0,0.0,0.0,0.3393224,0.05999869,-0.23620301,-0.114187606,0.23382954,0.15960735,0.029847588,2941
191.0,44.0,60.0,15.0,49.0,25.0,159.0,34.0,12.7,12.6,12.7,12.6,11.0,2430.0,0.0,0.0,0.0,0.3393224,0.05999869,-0.23620301,-0.114187606,0.23382954,0.15960735,0.029847588,2430
213.0,102.0,63.0,6.0,28.0,0.0,186.0,13.0,11.9,12.7,14.3,15.3,10.0,3051.0,1.0,0.0,0.0,0.3393224,0.05999869,-0.23620301,-0.114187606,0.23382954,0.15960735,0.029847588,2532
4562.0,1098.0,1278.0,498.0,1059.0,0.0,3933.0,0.0,5.8,6.7,5.8,6.7,15.0,26408.0,1.0,0.0,0.0,0.3393224,0.05999869,-0.23620301,-0.114187606,0.23382954,0.15960735,0.029847588,26408
141.0,44.0,33.0,44.0,17.0,0.0,5.0,133.0,8.8,9.0,10.6,10.9,2.0,1499.0,1.0,0.0,0.0,0.3393224,0.05999869,-0.23620301,-0.114187606,0.23382954,0.15960735,0.029847588,1244
187.0,23.0,65.0,17.0,91.0,5.0,201.0,0.0,3.0,2.8,3.6,3.4,6.0,677.0,1.0,0.0,0.0,1.4294612,0.7179091,-1.972208,0.92399806,0.24211563,-0.72046405,-0.20118591,562
128.0,45.0,0.0,68.0,0.0,15.0,128.0,0.0,25.8,25.8,56.1,56.1,10.0,7180.0,1.0,0.0,0.0,4.6559334,-12.018729,-3.7063704,-7.681513,-5.3400393,-1.9722222,-22.896706,3303
194.0,70.0,16.0,0.0,45.0,47.0,46.0,132.0,2.6,2.8,3.6,3.9,12.0,703.0,1.0,0.0,0.0,2.9687135,1.4266537,-4.3958993,2.4154367,0.5195225,-1.7600889,-0.5311791,499
869.0,288.0,300.0,116.0,230.0,0.0,934.0,0.0,2.4,2.2,2.4,2.2,6.0,2078.0,0.0,1.0,0.0,3.5568166,8.361807,-6.6690865,3.3964674,1.7989943,-2.0787401,-1.55998,2078
125.0,51.0,9.0,33.0,22.0,0.0,20.0,84.0,18.6,20.2,22.4,24.4,3.0,2802.0,1.0,0.0,0.0,0.3393224,0.05999869,-0.23620301,-0.114187606,0.23382954,0.15960735,0.029847588,2326
477.0,235.0,117.0,89.0,46.0,10.0,172.0,218.0,5.7,5.5,5.7,5.5,6.0,2741.0,1.0,0.0,0.0,0.3393224,0.05999869,-0.23620301,-0.114187606,0.23382954,0.15960735,0.029847588,2741
717.0,716.0,13.0,10.0,24.0,0.0,51.0,712.0,4.9,4.6,6.0,5.6,5.0,4272.0,1.0,0.0,0.0,0.3393224,0.05999869,-0.23620301,-0.114187606,0.23382954,0.15960735,0.029847588,3546
25.0,0.0,28.0,0.0,0.0,0.0,0.0,28.0,5.6,5.0,5.6,5.0,3.0,140.0,1.0,0.0,0.0,2.725184,3.038088,-2.799432,0.46025947,1.4989257,-1.4264841,-0.6239296,140
73.0,9.0,61.0,3.0,0.0,0.0,73.0,0.0,19.2,19.2,19.2,19.2,8.0,1404.0,1.0,0.0,0.0,0.3393224,0.05999869,-0.23620301,-0.114187606,0.23382954,0.15960735,0.029847588,1404
100.0,61.0,0.0,0.0,0.0,42.0,28.0,75.0,9.3,9.0,11.2,10.9,12.0,1119.0,1.0,0.0,0.0,0.3393224,0.05999869,-0.23620301,-0.114187606,0.23382954,0.15960735,0.029847588,929
273.0,103.0,183.0,15.0,17.0,0.0,318.0,0.0,1.9,1.7,1.9,1.7,5.0,528.0,0.0,1.0,0.0,4.3290267,7.425447,-7.577821,4.095963,1.8771095,-2.4084659,-2.2807722,528
587.0,108.0,119.0,94.0,203.0,0.0,524.0,0.0,6.4,7.2,6.4,7.2,15.0,3748.0,0.0,1.0,0.0,0.3393224,0.05999869,-0.23620301,-0.114187606,0.23382954,0.15960735,0.029847588,3748
1437.0,920.0,154.0,41.0,203.0,0.0,1318.0,0.0,3.4,3.7,3.4,3.7,18.0,4900.0,0.0,0.0,1.0,-0.07176694,0.16668728,-0.00044202805,-0.24604966,-0.22646594,0.15912543,-0.11157734,4900
97.0,3.0,101.0,3.0,0.0,7.0,108.0,6.0,19.1,16.3,19.1,16.3,12.0,1853.0,0.0,0.0,0.0,0.3393224,0.05999869,-0.23620301,-0.114187606,0.23382954,0.15960735,0.029847588,1853
224.0,110.0,25.0,6.0,49.0,5.0,195.0,0.0,12.9,14.8,14.8,17.0,13.0,3322.0,0.0,0.0,0.0,0.3393224,0.05999869,-0.23620301,-0.114187606,0.23382954,0.15960735,0.029847588,2890
321.0,168.0,46.0,9.0,77.0,15.0,315.0,0.0,3.4,3.4,3.4,3.4,11.0,1076.0,0.0,0.0,1.0,0.3393224,0.05999869,-0.23620301,-0.114187606,0.23382954,0.15960735,0.029847588,1076
99.0,6.0,4.0,19.0,59.0,10.0,98.0,0.0,24.1,24.4,29.1,29.3,4.0,2876.0,1.0,0.0,0.0,0.3393224,0.05999869,-0.23620301,-0.114187606,0.23382954,0.15960735,0.029847588,2387
416.0,179.0,40.0,54.0,109.0,7.0,318.0,65.0,3.8,4.1,4.6,4.9,6.0,1911.0,1.0,0.0,0.0,0.3393224,0.05999869,-0.23620301,-0.114187606,0.23382954,0.15960735,0.029847588,1586
71.0,21.0,21.0,4.0,14.0,5.0,25.0,40.0,14.0,15.3,16.9,18.5,4.0,1201.0,1.0,0.0,0.0,0.3393224,0.05999869,-0.23620301,-0.114187606,0.23382954,0.15960735,0.029847588,997
120.0,60.0,48.0,12.0,0.0,0.0,12.0,108.0,1.8,1.8,1.8,1.8,5.0,212.0,1.0,0.0,0.0,3.649887,2.289976,-5.5791397,3.0047646,0.8110516,-2.4906056,-0.70854855,212
213.0,72.0,43.0,3.0,84.0,30.0,132.0,97.0,6.0,5.5,6.0,5.5,12.0,1278.0,0.0,0.0,0.0,0.3393224,0.05999869,-0.23620301,-0.114187606,0.23382954,0.15960735,0.029847588,1278
1634.0,625.0,387.0,223.0,399.0,0.0,1634.0,0.0,4.3,4.3,4.3,4.3,12.0,7060.0,0.0,0.0,0.0,0.3393224,0.05999869,-0.23620301,-0.114187606,0.23382954,0.15960735,0.029847588,7060
275.0,184.0,11.0,48.0,7.0,0.0,7.0,243.0,2.6,2.8,2.6,2.8,9.0,702.0,1.0,0.0,0.0,3.9401526,2.5066395,-6.157504,3.0885603,0.9850862,-2.5823932,-0.9594986,702
458.0,202.0,66.0,75.0,115.0,0.0,458.0,0.0,2.0,2.0,2.0,2.0,16.0,903.0,1.0,0.0,0.0,6.36087,7.236496,-9.502706,5.1671414,2.023908,-3.5385723,-2.1309369,903
218.0,28.0,118.0,44.0,0.0,10.0,91.0,109.0,31.0,33.8,37.4,40.8,8.0,8151.0,1.0,0.0,0.0,0.3393224,0.05999869,-0.23620301,-0.114187606,0.23382954,0.15960735,0.029847588,6765
498.0,107.0,132.0,7.0,77.0,122.0,445.0,0.0,16.5,18.5,16.5,18.5,19.0,8227.0,0.0,1.0,0.0,0.3393224,0.05999869,-0.23620301,-0.114187606,0.23382954,0.15960735,0.029847588,8227
143.0,54.0,65.0,0.0,14.0,0.0,11.0,122.0,2.3,2.5,2.8,3.0,4.0,402.0,1.0,0.0,0.0,3.3439767,1.5994437,-4.986786,2.7790442,0.5871534,-2.013546,-0.6116302,334
722.0,163.0,0.0,202.0,237.0,20.0,622.0,0.0,5.8,6.7,5.8,6.7,9.0,4164.0,1.0,0.0,0.0,0.3393224,0.05999869,-0.23620301,-0.114187606,0.23382954,0.15960735,0.029847588,4164
236.0,27.0,192.0,12.0,37.0,0.0,268.0,0.0,29.0,25.5,29.0,25.5,15.0,6844.0,0.0,0.0,0.0,0.3393224,0.05999869,-0.23620301,-0.114187606,0.23382954,0.15960735,0.029847588,6844
239.0,39.0,70.0,18.0,62.0,55.0,244.0,0.0,6.9,6.8,6.9,6.8,10.0,1661.0,0.0,0.0,0.0,0.3393224,0.05999869,-0.23620301,-0.114187606,0.23382954,0.15960735,0.029847588,1661
1882.0,711.0,589.0,218.0,442.0,0.0,1960.0,0.0,3.2,3.1,3.2,3.1,10.0,6068.0,0.0,0.0,0.0,0.3393224,0.05999869,-0.23620301,-0.114187606,0.23382954,0.15960735,0.029847588,6068
291.0,188.0,29.0,0.0,69.0,37.0,323.0,0.0,20.8,18.8,22.4,20.2,14.0,6519.0,0.0,0.0,0.0,0.3393224,0.05999869,-0.23620301,-0.114187606,0.23382954,0.15960735,0.029847588,6063
328.0,124.0,71.0,61.0,66.0,0.0,322.0,0.0,2.0,2.1,2.0,2.1,13.0,665.0,1.0,0.0,0.0,5.106354,4.4033985,-7.3394237,3.7006063,1.3918209,-2.7187047,-1.4097449,665
264.0,126.0,7.0,50.0,84.0,0.0,267.0,0.0,2.1,2.0,2.1,2.0,6.0,544.0,1.0,0.0,0.0,4.5946665,3.915454,-6.7974415,3.2322583,1.0627462,-2.4213173,-0.98748547,544
270.0,54.0,42.0,53.0,91.0,30.0,270.0,0.0,3.3,3.3,3.3,3.3,6.0,893.0,1.0,0.0,0.0,0.7859587,0.4216099,-0.95895475,0.30048427,0.12614222,-0.28583634,-0.063228436,893
32.0,0.0,7.0,12.0,0.0,10.0,29.0,0.0,11.0,12.1,11.0,12.1,2.5,352.0,1.0,0.0,0.0,0.24868621,0.10415737,-0.14451548,-0.5608244,0.12298633,-0.0045528635,-0.5576127,352
1382.0,353.0,245.0,7.0,581.0,253.0,1439.0,0.0,2.4,2.3,2.4,2.3,8.0,3344.0,0.0,0.0,1.0,6.0463405,2.8437417,-9.241904,5.3974657,1.0741795,-3.8387482,-1.1909791,3344
98.0,45.0,5.0,19.0,28.0,0.0,94.0,3.0,4.1,4.2,5.0,5.0,1.0,487.0,1.0,0.0,0.0,0.90580887,0.47679472,-1.1476698,0.41661164,0.14774196,-0.36678433,-0.0889226,404
289.0,3.0,100.0,0.0,66.0,145.0,314.0,0.0,19.8,18.3,19.8,18.3,8.0,5732.0,0.0,0.0,0.0,0.3393224,0.05999869,-0.23620301,-0.114187606,0.23382954,0.15960735,0.029847588,5732
1059.0,299.0,234.0,144.0,217.0,60.0,954.0,0.0,21.6,24.0,24.9,27.6,17.0,26345.0,0.0,0.0,0.0,0.3393224,0.05999869,-0.23620301,-0.114187606,0.23382954,0.15960735,0.029847588,22920
724.0,331.0,12.0,189.0,164.0,0.0,530.0,142.0,13.0,13.5,15.7,16.3,9.0,11336.0,1.0,0.0,0.0,0.3393224,0.05999869,-0.23620301,-0.114187606,0.23382954,0.15960735,0.029847588,9409
40.0,10.0,22.0,0.0,17.0,0.0,49.0,0.0,7.1,5.8,7.1,5.8,4.0,285.0,0.0,0.0,1.0,1.4159058,1.0667909,-1.2784245,-0.28784204,0.60280114,-0.3840069,-0.767966,285
128.0,72.0,18.0,24.0,7.0,0.0,4.0,117.0,10.1,10.7,12.2,12.9,3.0,1558.0,1.0,0.0,0.0,0.3393224,0.05999869,-0.23620301,-0.114187606,0.23382954,0.15960735,0.029847588,1293
1248.0,249.0,262.0,146.0,423.0,15.0,1095.0,0.0,12.2,13.8,12.2,13.8,12.0,15165.0,0.0,0.0,1.0,0.3393224,0.05999869,-0.23620301,-0.114187606,0.23382954,0.15960735,0.029847588,15165
387.0,109.0,118.0,67.0,90.0,7.0,391.0,0.0,8.5,8.4,10.2,10.1,17.0,3960.0,1.0,0.0,0.0,0.3393224,0.05999869,-0.23620301,-0.114187606,0.23382954,0.15960735,0.029847588,3287
73.0,0.0,65.0,0.0,0.0,5.0,19.0,44.0,10.5,10.9,12.6,13.1,3.0,920.0,1.0,0.0,0.0,0.3393224,0.05999869,-0.23620301,-0.114187606,0.23382954,0.15960735,0.029847588,764
151.0,22.0,0.0,68.0,47.0,0.0,32.0,105.0,14.5,16.0,17.5,19.3,3.0,2643.0,1.0,0.0,0.0,0.3393224,0.05999869,-0.23620301,-0.114187606,0.23382954,0.15960735,0.029847588,2194
465.0,48.0,162.0,0.0,196.0,37.0,443.0,0.0,4.3,4.5,5.2,5.5,4.0,2427.0,1.0,0.0,0.0,0.3393224,0.05999869,-0.23620301,-0.114187606,0.23382954,0.15960735,0.029847588,2014
63.0,29.0,0.0,9.0,24.0,0.0,62.0,0.0,13.1,13.3,15.8,16.1,4.0,996.0,1.0,0.0,0.0,0.3393224,0.05999869,-0.23620301,-0.114187606,0.23382954,0.15960735,0.029847588,827
226.0,88.0,70.0,19.0,28.0,0.0,92.0,106.0,11.1,12.2,11.1,12.2,10.0,2508.0,1.0,0.0,0.0,0.3393224,0.05999869,-0.23620301,-0.114187606,0.23382954,0.15960735,0.029847588,2508
115.0,76.0,11.0,28.0,0.0,0.0,10.0,105.0,1.7,1.7,1.7,1.7,1.5,201.0,1.0,0.0,0.0,4.6179323,4.50246,-6.4515123,3.3836114,2.3356066,-4.0370193,-1.2599224,201
189.0,39.0,112.0,3.0,28.0,0.0,0.0,182.0,3.0,3.1,3.0,3.1,15.0,563.0,0.0,0.0,0.0,3.4522948,1.6493182,-5.1573434,2.8839977,0.6066747,-2.086705,-0.634852,563
55.0,52.0,0.0,6.0,0.0,0.0,58.0,0.0,9.7,9.2,11.7,11.1,11.0,643.0,1.0,0.0,0.0,0.3393224,0.05999869,-0.23620301,-0.114187606,0.23382954,0.15960735,0.029847588,534
85.0,12.0,44.0,0.0,24.0,0.0,12.0,68.0,12.2,13.0,14.7,15.7,4.0,1252.0,1.0,0.0,0.0,0.3393224,0.05999869,-0.23620301,-0.114187606,0.23382954,0.15960735,0.029847588,1039
2143.0,219.0,657.0,3.0,485.0,437.0,1801.0,0.0,20.2,24.0,24.3,29.0,7.0,52172.0,1.0,0.0,0.0,0.3393224,0.05999869,-0.23620301,-0.114187606,0.23382954,0.15960735,0.029847588,43303
520.0,181.0,160.0,9.0,55.0,25.0,430.0,0.0,6.0,7.3,6.0,7.3,8.0,3133.0,0.0,0.0,0.0,0.3393224,0.05999869,-0.23620301,-0.114187606,0.23382954,0.15960735,0.029847588,3133
113.0,25.0,34.0,16.0,27.0,0.0,38.0,64.0,15.9,17.7,18.3,20.3,3.0,2070.0,0.0,0.0,0.0,0.3393224,0.05999869,-0.23620301,-0.114187606,0.23382954,0.15960735,0.029847588,1801
264.0,85.0,17.0,26.0,133.0,0.0,157.0,98.0,10.0,10.1,12.0,12.2,6.0,3180.0,1.0,0.0,0.0,0.3393224,0.05999869,-0.23620301,-0.114187606,0.23382954,0.15960735,0.029847588,2639
349.0,162.0,24.0,18.0,112.0,30.0,342.0,4.0,6.8,6.8,6.8,6.8,4.0,2360.0,0.0,0.0,0.0,0.3393224,0.05999869,-0.23620301,-0.114187606,0.23382954,0.15960735,0.029847588,2360
229.0,88.0,5.0,0.0,17.0,131.0,241.0,0.0,11.0,10.5,12.7,12.0,5.0,2897.0,0.0,0.0,0.0,0.3393224,0.05999869,-0.23620301,-0.114187606,0.23382954,0.15960735,0.029847588,2520
172.0,88.0,40.0,4.0,30.0,7.0,169.0,0.0,10.4,10.6,10.4,10.6,5.0,1788.0,0.0,0.0,1.0,0.3393224,0.05999869,-0.23620301,-0.114187606,0.23382954,0.15960735,0.029847588,1788
323.0,108.0,57.0,53.0,74.0,31.0,323.0,0.0,3.8,3.8,3.8,3.8,13.0,1238.0,1.0,0.0,0.0,0.3393224,0.05999869,-0.23620301,-0.114187606,0.23382954,0.15960735,0.029847588,1238
89.0,15.0,28.0,17.0,7.0,30.0,24.0,73.0,5.0,4.6,5.0,4.6,4.0,442.0,0.0,0.0,0.0,1.5617824,1.0605108,-2.199544,0.9275156,0.24622594,-0.85764176,-0.25205952,442
878.0,113.0,404.0,161.0,133.0,17.0,828.0,0.0,3.8,4.1,4.3,4.5,5.0,3742.0,1.0,0.0,0.0,0.3393224,0.05999869,-0.23620301,-0.114187606,0.23382954,0.15960735,0.029847588,3368
220.0,81.0,50.0,51.0,42.0,0.0,224.0,0.0,1.3,1.3,1.3,1.3,3.0,281.0,0.0,1.0,0.0,7.129788,6.155381,-10.59327,5.364569,1.742527,-3.8921926,-1.8526279,281
150.0,125.0,4.0,20.0,0.0,0.0,6.0,143.0,4.6,4.6,5.5,5.6,3.0,828.0,1.0,0.0,0.0,1.1447686,0.58682317,-1.5239334,0.6481487,0.19080766,-0.52817994,-0.14015216,687
161.0,60.0,38.0,30.0,41.0,0.0,169.0,0.0,1.4,1.3,1.4,1.3,2.0,220.0,1.0,0.0,0.0,5.8912454,5.6974506,-8.701279,4.168819,1.7127548,-3.5722888,-1.1118908,220
804.0,345.0,334.0,0.0,236.0,42.0,957.0,0.0,14.2,11.9,17.1,14.3,12.0,13720.0,1.0,0.0,0.0,0.3393224,0.05999869,-0.23620301,-0.114187606,0.23382954,0.15960735,0.029847588,11388
272.0,63.0,20.0,61.0,71.0,30.0,245.0,0.0,35.7,39.7,41.1,45.6,14.0,11172.0,0.0,0.0,0.0,0.3393224,0.05999869,-0.23620301,-0.114187606,0.23382954,0.15960735,0.029847588,9720
33.0,8.0,7.0,0.0,10.0,15.0,32.0,8.0,4.4,3.6,4.4,3.6,2.0,145.0,0.0,0.0,0.0,4.127358,5.888515,-5.1943455,1.0432664,2.4786103,-3.3872085,-0.97472423,145
64.0,20.0,28.0,10.0,7.0,0.0,65.0,0.0,2.2,2.2,2.2,2.2,3.0,140.0,0.0,0.0,0.0,4.3456693,5.436671,-4.9829707,1.2918564,2.670936,-2.6955943,-0.88422114,140
277.0,48.0,110.0,47.0,49.0,0.0,84.0,170.0,4.6,5.0,4.6,5.0,19.0,1265.0,0.0,0.0,0.0,0.3393224,0.05999869,-0.23620301,-0.114187606,0.23382954,0.15960735,0.029847588,1265
322.0,78.0,100.0,67.0,54.0,0.0,179.0,106.0,16.3,17.5,19.6,21.1,13.0,6316.0,1.0,0.0,0.0,0.3393224,0.05999869,-0.23620301,-0.114187606,0.23382954,0.15960735,0.029847588,5242
164.0,52.0,56.0,18.0,7.0,20.0,110.0,43.0,17.0,18.2,17.0,18.2,11.0,2791.0,0.0,0.0,0.0,0.3393224,0.05999869,-0.23620301,-0.114187606,0.23382954,0.15960735,0.029847588,2791
145.0,48.0,10.0,72.0,14.0,0.0,144.0,0.0,5.1,5.2,6.2,6.2,3.0,894.0,1.0,0.0,0.0,0.3393224,0.05999869,-0.23620301,-0.114187606,0.23382954,0.15960735,0.029847588,742
73.0,36.0,24.0,12.0,0.0,0.0,0.0,72.0,8.0,8.1,9.6,9.8,5.0,704.0,1.0,0.0,0.0,0.3393224,0.05999869,-0.23620301,-0.114187606,0.23382954,0.15960735,0.029847588,584
245.0,42.0,179.0,24.0,42.0,15.0,302.0,0.0,3.6,3.0,3.6,3.0,7.0,893.0,0.0,0.0,0.0,0.3393224,0.05999869,-0.23620301,-0.114187606,0.23382954,0.15960735,0.029847588,893
406.0,209.0,36.0,125.0,20.0,0.0,102.0,288.0,13.9,14.5,16.7,17.4,7.0,6794.0,1.0,0.0,0.0,0.3393224,0.05999869,-0.23620301,-0.114187606,0.23382954,0.15960735,0.029847588,5639
98.0,35.0,0.0,41.0,20.0,0.0,28.0,68.0,56.5,57.6,68.0,69.4,5.0,6666.0,1.0,0.0,0.0,0.3393224,0.05999869,-0.23620301,-0.114187606,0.23382954,0.15960735,0.029847588,5533
83.0,44.0,10.0,3.0,25.0,0.0,15.0,63.0,4.9,5.0,6.0,6.0,3.0,494.0,1.0,0.0,0.0,1.7303177,0.8564377,-2.4459338,1.2155094,0.2963367,-0.9236654,-0.26568535,410
182.0,30.0,59.0,39.0,29.0,0.0,0.0,157.0,5.5,6.4,6.6,7.7,5.0,1206.0,1.0,0.0,0.0,0.3393224,0.05999869,-0.23620301,-0.114187606,0.23382954,0.15960735,0.029847588,1001
820.0,460.0,98.0,199.0,175.0,0.0,685.0,212.0,3.1,2.7,3.1,2.7,11.0,2552.0,0.0,0.0,1.0,0.97908247,0.5105333,-1.2630455,0.48760924,0.1609474,-0.41627395,-0.10463139,2552
545.0,116.0,226.0,131.0,72.0,0.0,79.0,466.0,16.0,16.0,16.0,16.0,11.0,8740.0,1.0,0.0,0.0,0.3393224,0.05999869,-0.23620301,-0.114187606,0.23382954,0.15960735,0.029847588,8740
105.0,96.0,9.0,0.0,0.0,0.0,21.0,84.0,1.9,1.9,1.9,1.9,8.0,198.0,1.0,0.0,0.0,5.2761073,5.001637,-7.3362,4.321277,2.7882028,-5.3799324,-0.94193023,198
55.0,12.0,10.0,14.0,15.0,0.0,9.0,42.0,42.7,46.0,51.4,55.5,1.0,2828.0,1.0,0.0,0.0,0.3393224,0.05999869,-0.23620301,-0.114187606,0.23382954,0.15960735,0.029847588,2347
62.0,27.0,4.0,0.0,31.0,7.0,69.0,0.0,13.2,11.8,15.9,14.3,8.0,984.0,1.0,0.0,0.0,0.3393224,0.05999869,-0.23620301,-0.114187606,0.23382954,0.15960735,0.029847588,817
109.0,0.0,105.0,0.0,0.0,0.0,0.0,105.0,2.3,2.4,2.8,2.9,1.0,300.0,1.0,0.0,0.0,3.8967924,2.4680715,-5.940393,3.0756657,0.6394656,-2.4794855,-0.752487,249
436.0,27.0,334.0,15.0,0.0,60.0,436.0,0.0,17.8,17.8,17.8,17.8,15.0,7762.0,0.0,0.0,0.0,0.3393224,0.05999869,-0.23620301,-0.114187606,0.23382954,0.15960735,0.029847588,7762
179.0,60.0,44.0,6.0,38.0,40.0,188.0,0.0,4.3,4.1,5.2,5.0,4.0,935.0,1.0,0.0,0.0,0.3393224,0.05999869,-0.23620301,-0.114187606,0.23382954,0.15960735,0.029847588,776
1710.0,932.0,521.0,233.0,214.0,0.0,1900.0,0.0,7.7,6.9,7.7,6.9,21.0,13130.0,0.0,0.0,0.0,0.3393224,0.05999869,-0.23620301,-0.114187606,0.23382954,0.15960735,0.029847588,13130
128.0,49.0,15.0,25.0,31.0,0.0,120.0,0.0,12.8,13.7,14.8,15.8,2.0,1890.0,0.0,0.0,0.0,0.3393224,0.05999869,-0.23620301,-0.114187606,0.23382954,0.15960735,0.029847588,1644
174.0,21.0,7.0,30.0,50.0,32.0,140.0,0.0,77.7,96.6,77.7,96.6,8.0,13528.0,0.0,0.0,1.0,0.3393224,0.05999869,-0.23620301,-0.114187606,0.23382954,0.15960735,0.029847588,13528
70.0,28.0,4.0,15.0,21.0,0.0,39.0,29.0,8.8,9.1,10.6,10.9,5.0,743.0,1.0,0.0,0.0,0.3393224,0.05999869,-0.23620301,-0.114187606,0.23382954,0.15960735,0.029847588,617
379.0,159.0,29.0,57.0,119.0,15.0,379.0,0.0,6.3,6.3,6.3,6.3,7.0,2391.0,1.0,0.0,0.0,0.3393224,0.05999869,-0.23620301,-0.114187606,0.23382954,0.15960735,0.029847588,2391
258.0,12.0,16.0,230.0,0.0,0.0,26.0,232.0,2.3,2.3,2.3,2.3,5.0,605.0,0.0,0.0,0.0,6.173799,6.3902445,-9.414332,2.7587266,3.766443,-3.4925027,-2.4848557,605
129.0,33.0,0.0,39.0,24.0,25.0,121.0,0.0,16.0,17.1,18.4,19.6,4.0,2372.0,0.0,0.0,0.0,0.3393224,0.05999869,-0.23620301,-0.114187606,0.23382954,0.15960735,0.029847588,2064
856.0,349.0,194.0,74.0,84.0,155.0,856.0,0.0,3.0,3.0,3.0,3.0,12.0,2551.0,0.0,0.0,0.0,0.3393224,0.05999869,-0.23620301,-0.114187606,0.23382954,0.15960735,0.029847588,2551
127.0,56.0,14.0,10.0,39.0,0.0,25.0,94.0,13.1,14.0,15.8,16.9,7.0,2010.0,1.0,0.0,0.0,0.3393224,0.05999869,-0.23620301,-0.114187606,0.23382954,0.15960735,0.029847588,1668
381.0,119.0,107.0,9.0,28.0,65.0,137.0,191.0,4.8,5.5,4.8,5.5,19.0,1817.0,0.0,0.0,0.0,0.3393224,0.05999869,-0.23620301,-0.114187606,0.23382954,0.15960735,0.029847588,1817
234.0,117.0,19.0,93.0,0.0,5.0,231.0,3.0,21.8,21.8,21.8,21.8,10.0,5103.0,1.0,0.0,0.0,0.3393224,0.05999869,-0.23620301,-0.114187606,0.23382954,0.15960735,0.029847588,5103
215.0,58.0,62.0,46.0,51.0,0.0,82.0,135.0,13.2,13.1,15.9,15.7,8.0,3417.0,1.0,0.0,0.0,0.3393224,0.05999869,-0.23620301,-0.114187606,0.23382954,0.15960735,0.029847588,2836
1406.0,541.0,70.0,290.0,335.0,90.0,1326.0,0.0,10.6,11.3,10.5,11.1,1.0,14698.0,0.0,0.0,1.0,0.3393224,0.05999869,-0.23620301,-0.114187606,0.23382954,0.15960735,0.029847588,14938
85.0,21.0,67.0,3.0,0.0,15.0,22.0,59.0,12.3,9.9,12.3,9.9,13.0,1049.0,0.0,0.0,0.0,0.3393224,0.05999869,-0.23620301,-0.114187606,0.23382954,0.15960735,0.029847588,1049
59.0,10.0,32.0,3.0,21.0,5.0,71.0,0.0,18.0,14.9,21.7,18.0,10.0,1278.0,1.0,0.0,0.0,0.3393224,0.05999869,-0.23620301,-0.114187606,0.23382954,0.15960735,0.029847588,1061
358.0,139.0,0.0,89.0,70.0,40.0,338.0,0.0,38.9,41.2,46.8,49.6,9.0,16770.0,1.0,0.0,0.0,0.3393224,0.05999869,-0.23620301,-0.114187606,0.23382954,0.15960735,0.029847588,13919
73.0,40.0,0.0,12.0,10.0,0.0,0.0,62.0,50.3,59.3,60.7,71.4,7.0,4428.0,1.0,0.0,0.0,0.3393224,0.05999869,-0.23620301,-0.114187606,0.23382954,0.15960735,0.029847588,3675
597.0,189.0,96.0,78.0,239.0,7.0,609.0,0.0,4.3,4.2,4.3,4.2,6.0,2542.0,1.0,0.0,0.0,0.3393224,0.05999869,-0.23620301,-0.114187606,0.23382954,0.15960735,0.029847588,2542
276.0,90.0,120.0,34.0,14.0,0.0,101.0,139.0,8.1,8.7,8.1,8.7,2.0,2244.0,1.0,0.0,0.0,0.3393224,0.05999869,-0.23620301,-0.114187606,0.23382954,0.15960735,0.029847588,2244
728.0,181.0,165.0,15.0,84.0,167.0,330.0,27.0,11.1,13.1,13.3,15.8,4.0,9694.0,1.0,0.0,0.0,0.3393224,0.05999869,-0.23620301,-0.114187606,0.23382954,0.15960735,0.029847588,8046
59.0,0.0,55.0,0.0,0.0,0.0,11.0,11.0,83.8,89.9,101.0,108.3,6.0,5958.0,1.0,0.0,0.0,0.3393224,0.05999869,-0.23620301,-0.114187606,0.23382954,0.15960735,0.029847588,4945
98.0,36.0,32.0,9.0,17.0,0.0,45.0,42.0,13.4,14.0,16.1,16.8,11.0,1582.0,1.0,0.0,0.0,0.3393224,0.05999869,-0.23620301,-0.114187606,0.23382954,0.15960735,0.029847588,1313
756.0,452.0,66.0,127.0,84.0,5.0,302.0,320.0,4.3,4.4,4.3,4.4,7.0,3214.0,1.0,0.0,0.0,0.3393224,0.05999869,-0.23620301,-0.114187606,0.23382954,0.15960735,0.029847588,3214
155.0,120.0,34.0,0.0,0.0,0.0,47.0,107.0,3.1,3.1,3.8,3.8,10.0,582.0,1.0,0.0,0.0,2.7887175,1.3437753,-4.11248,2.2410321,0.4870835,-1.6385183,-0.4925909,483
544.0,125.0,104.0,107.0,133.0,0.0,107.0,362.0,4.2,4.9,5.1,5.9,4.0,2778.0,1.0,0.0,0.0,0.3393224,0.05999869,-0.23620301,-0.114187606,0.23382954,0.15960735,0.029847588,2306
813.0,27.0,677.0,34.0,0.0,100.0,18.0,820.0,2.0,1.9,2.0,1.9,9.0,1634.0,0.0,0.0,0.0,14.055691,6.531628,-21.853352,13.158025,2.517641,-9.248338,-2.9080658,1634
75.0,23.0,0.0,30.0,27.0,14.0,94.0,0.0,9.6,7.7,9.6,7.7,6.0,720.0,1.0,0.0,0.0,0.24480507,0.15089461,-0.21310282,-0.20345238,0.060452342,0.08962374,-0.08247162,720
112.0,85.0,4.0,16.0,14.0,0.0,119.0,0.0,9.6,9.0,9.6,9.0,13.0,1073.0,0.0,0.0,1.0,0.3393224,0.05999869,-0.23620301,-0.114187606,0.23382954,0.15960735,0.029847588,1073
211.0,73.0,32.0,79.0,22.0,5.0,111.0,100.0,16.9,16.9,16.9,16.9,13.0,3566.0,1.0,0.0,0.0,0.3393224,0.05999869,-0.23620301,-0.114187606,0.23382954,0.15960735,0.029847588,3566
895.0,222.0,271.0,222.0,63.0,0.0,778.0,0.0,0.9,1.0,0.9,1.0,7.0,780.0,1.0,0.0,0.0,15.304881,26.826883,-28.792925,17.405062,1.3218646,-12.525635,-1.8657706,780
74.0,18.0,7.0,37.0,7.0,5.0,74.0,0.0,54.0,54.0,54.0,54.0,14.0,3995.0,1.0,0.0,0.0,0.3393224,0.05999869,-0.23620301,-0.114187606,0.23382954,0.15960735,0.029847588,3995
3331.0,1049.0,519.0,399.0,595.0,360.0,2922.0,0.0,14.7,16.8,14.7,16.8,42.0,49034.0,0.0,0.0,1.0,0.3393224,0.05999869,-0.23620301,-0.114187606,0.23382954,0.15960735,0.029847588,49034
64.0,15.0,18.0,9.0,15.0,5.0,12.0,39.0,6.1,6.3,7.4,7.6,6.0,472.0,1.0,0.0,0.0,1.7392361,1.5266787,-2.4971766,0.837727,0.3631996,-0.98526394,-0.3238464,392
1402.0,328.0,804.0,187.0,49.0,63.0,1431.0,0.0,12.6,12.3,12.3,12.0,23.0,17219.0,1.0,0.0,0.0,0.3393224,0.05999869,-0.23620301,-0.114187606,0.23382954,0.15960735,0.029847588,17607
337.0,128.0,21.0,86.0,77.0,25.0,337.0,0.0,1.8,1.8,1.9,1.9,8.0,657.0,1.0,0.0,0.0,7.044536,6.0830894,-10.574784,5.162174,1.6004721,-3.8693879,-1.5591779,591
73.0,0.0,0.0,67.0,0.0,10.0,39.0,38.0,11.1,10.5,13.4,12.7,6.0,978.0,1.0,0.0,0.0,0.3393224,0.05999869,-0.23620301,-0.114187606,0.23382954,0.15960735,0.029847588,812
64.0,12.0,28.0,17.0,7.0,0.0,47.0,17.0,8.8,8.8,10.6,10.6,12.0,680.0,1.0,0.0,0.0,0.3393224,0.05999869,-0.23620301,-0.114187606,0.23382954,0.15960735,0.029847588,564
1703.0,186.0,463.0,0.0,516.0,316.0,1481.0,0.0,5.0,5.8,5.0,5.8,8.0,8549.0,0.0,1.0,0.0,0.3393224,0.05999869,-0.23620301,-0.114187606,0.23382954,0.15960735,0.029847588,8549
151.0,41.0,21.0,29.0,41.0,19.0,151.0,0.0,2.6,2.6,2.9,2.9,3.0,434.0,1.0,0.0,0.0,3.1311827,2.0678635,-4.712998,2.3406863,0.50647587,-1.9588081,-0.5949827,391
66.0,27.0,14.0,6.0,17.0,0.0,42.0,22.0,27.5,28.4,33.2,34.2,2.0,2189.0,1.0,0.0,0.0,0.3393224,0.05999869,-0.23620301,-0.114187606,0.23382954,0.15960735,0.029847588,1817
70.0,24.0,0.0,3.0,42.0,5.0,74.0,0.0,7.7,7.3,9.4,8.9,3.0,659.0,0.0,0.0,0.0,0.38964218,0.2886535,-0.38722074,-0.08634071,0.11108908,0.025941797,0.011579625,540
754.0,301.0,130.0,204.0,90.0,0.0,213.0,512.0,9.9,10.3,11.9,12.4,8.0,8967.0,1.0,0.0,0.0,0.3393224,0.05999869,-0.23620301,-0.114187606,0.23382954,0.15960735,0.029847588,7443
325.0,106.0,49.0,31.0,80.0,12.0,136.0,142.0,26.7,31.2,32.1,37.5,6.0,10437.0,1.0,0.0,0.0,0.3393224,0.05999869,-0.23620301,-0.114187606,0.23382954,0.15960735,0.029847588,8663
168.0,84.0,7.0,45.0,40.0,22.0,198.0,0.0,27.5,23.3,27.5,23.3,12.0,4622.0,0.0,0.0,0.0,0.3393224,0.05999869,-0.23620301,-0.114187606,0.23382954,0.15960735,0.029847588,4622
226.0,99.0,50.0,43.0,63.0,5.0,260.0,0.0,4.0,3.5,4.0,3.5,7.0,915.0,0.0,0.0,1.0,0.55989254,0.31144452,-0.61161834,0.08472538,0.10717557,-0.12619942,-0.007475853,915
335.0,83.0,71.0,71.0,111.0,17.0,353.0,0.0,75.8,72.0,75.8,72.0,12.0,25401.0,0.0,0.0,1.0,0.3393224,0.05999869,-0.23620301,-0.114187606,0.23382954,0.15960735,0.029847588,25401
76.0,21.0,51.0,3.0,0.0,0.0,63.0,12.0,7.5,7.6,9.0,9.1,5.0,686.0,1.0,0.0,0.0,0.3393224,0.05999869,-0.23620301,-0.114187606,0.23382954,0.15960735,0.029847588,569
221.0,31.0,133.0,0.0,45.0,5.0,53.0,161.0,6.8,7.1,8.2,8.5,4.0,1822.0,1.0,0.0,0.0,0.3393224,0.05999869,-0.23620301,-0.114187606,0.23382954,0.15960735,0.029847588,1512
1010.0,213.0,224.0,111.0,212.0,75.0,758.0,77.0,5.0,6.1,5.0,6.1,11.0,5053.0,0.0,0.0,0.0,0.3393224,0.05999869,-0.23620301,-0.114187606,0.23382954,0.15960735,0.029847588,5053
116.0,46.0,12.0,22.0,35.0,15.0,130.0,0.0,16.7,14.9,16.7,14.9,10.0,1939.0,1.0,0.0,0.0,0.3393224,0.05999869,-0.23620301,-0.114187606,0.23382954,0.15960735,0.029847588,1939
39.0,25.0,0.0,3.0,14.0,0.0,11.0,31.0,2.9,2.7,2.9,2.7,1.0,114.0,0.0,0.0,0.0,6.441854,7.3442173,-9.214354,4.725581,2.9461648,-7.5683613,-2.1828544,114
170.0,75.0,12.0,23.0,39.0,0.0,108.0,41.0,9.0,10.3,9.0,10.3,8.0,1532.0,0.0,0.0,1.0,0.3393224,0.05999869,-0.23620301,-0.114187606,0.23382954,0.15960735,0.029847588,1532
179.0,85.0,0.0,49.0,59.0,0.0,193.0,0.0,26.4,24.5,31.8,29.5,4.0,5690.0,1.0,0.0,0.0,0.3393224,0.05999869,-0.23620301,-0.114187606,0.23382954,0.15960735,0.029847588,4723
166.0,126.0,0.0,38.0,0.0,0.0,0.0,164.0,17.9,18.1,21.6,21.8,13.0,3580.0,1.0,0.0,0.0,0.3393224,0.05999869,-0.23620301,-0.114187606,0.23382954,0.15960735,0.029847588,2971
354.0,48.0,34.0,174.0,73.0,25.0,354.0,0.0,16.5,16.5,16.5,16.5,10.0,5841.0,1.0,0.0,0.0,0.3393224,0.05999869,-0.23620301,-0.114187606,0.23382954,0.15960735,0.029847588,5841
615.0,546.0,0.0,74.0,7.0,0.0,627.0,0.0,1.5,1.5,1.5,1.5,8.0,941.0,0.0,0.0,0.0,13.905403,24.461164,-20.751957,9.842518,10.050058,-5.679825,-10.845569,941
126.0,46.0,7.0,18.0,49.0,15.0,135.0,0.0,8.2,7.7,8.2,7.7,8.0,1035.0,0.0,0.0,0.0,0.3393224,0.05999869,-0.23620301,-0.114187606,0.23382954,0.15960735,0.029847588,1035
1390.0,379.0,377.0,133.0,182.0,170.0,1241.0,0.0,4.0,4.5,4.0,4.5,13.0,5597.0,0.0,1.0,0.0,0.3393224,0.05999869,-0.23620301,-0.114187606,0.23382954,0.15960735,0.029847588,5597
129.0,30.0,59.0,10.0,39.0,0.0,94.0,44.0,23.2,21.7,27.9,26.1,8.0,3600.0,1.0,0.0,0.0,0.3393224,0.05999869,-0.23620301,-0.114187606,0.23382954,0.15960735,0.029847588,2988
203.0,35.0,48.0,6.0,14.0,100.0,203.0,0.0,15.9,15.9,15.9,15.9,5.0,3219.0,1.0,0.0,0.0,0.3393224,0.05999869,-0.23620301,-0.114187606,0.23382954,0.15960735,0.029847588,3219
758.0,116.0,312.0,132.0,30.0,58.0,648.0,0.0,6.1,7.1,6.1,7.1,15.0,4630.0,1.0,0.0,0.0,0.3393224,0.05999869,-0.23620301,-0.114187606,0.23382954,0.15960735,0.029847588,4630
558.0,92.0,116.0,57.0,196.0,0.0,461.0,0.0,7.4,8.9,7.4,8.9,6.0,4112.0,1.0,0.0,0.0,0.3393224,0.05999869,-0.23620301,-0.114187606,0.23382954,0.15960735,0.029847588,4112
25.0,14.0,0.0,4.0,7.0,0.0,22.0,0.0,23.2,23.2,23.2,23.2,6.0,580.0,1.0,0.0,0.0,0.25000116,-0.0040989276,-0.0682595,-1.0296841,0.22272547,-0.11410213,-1.223582,580
850.0,94.0,348.0,205.0,45.0,74.0,320.0,446.0,12.9,14.3,15.5,17.2,5.0,13183.0,1.0,0.0,0.0,0.3393224,0.05999869,-0.23620301,-0.114187606,0.23382954,0.15960735,0.029847588,10942
235.0,78.0,10.0,123.0,68.0,0.0,13.0,82.0,4.0,3.4,4.8,4.0,9.0,1129.0,1.0,0.0,0.0,1.8546793,0.9137,-2.6417527,1.336008,0.31874943,-1.0076604,-0.29234675,937
58.0,15.0,0.0,19.0,22.0,0.0,26.0,30.0,43.4,44.9,52.2,54.1,8.0,3030.0,1.0,0.0,0.0,0.3393224,0.05999869,-0.23620301,-0.114187606,0.23382954,0.15960735,0.029847588,2515
316.0,14.0,118.0,14.0,155.0,0.0,139.0,151.0,8.2,8.6,8.2,8.6,8.0,2600.0,0.0,0.0,0.0,0.3393224,0.05999869,-0.23620301,-0.114187606,0.23382954,0.15960735,0.029847588,2600
7633.0,1240.0,2455.0,135.0,1732.0,1572.0,1376.0,5193.0,3.3,3.5,3.3,3.5,19.0,25217.0,0.0,0.0,0.0,22.32515,10.339277,-34.874363,21.17061,4.0079803,-14.833607,-4.680917,25217
119.0,0.0,118.0,0.0,0.0,0.0,95.0,19.0,1.5,1.5,1.8,1.8,2.0,212.0,1.0,0.0,0.0,6.961353,8.3613205,-8.322077,2.0524569,3.4838328,-4.1401663,-1.9834796,176
55.0,12.0,17.0,6.0,14.0,10.0,59.0,0.0,6.2,5.8,7.5,7.0,3.0,411.0,1.0,0.0,0.0,3.0057118,3.5460103,-3.3150933,0.2648319,1.5160195,-1.254782,-0.9781005,341
1644.0,240.0,858.0,177.0,91.0,115.0,1481.0,0.0,9.9,11.0,9.9,11.0,38.0,16357.0,1.0,0.0,0.0,0.3393224,0.05999869,-0.23620301,-0.114187606,0.23382954,0.15960735,0.029847588,16357
1193.0,196.0,667.0,149.0,115.0,54.0,516.0,485.0,2.5,2.5,3.0,3.1,12.0,3622.0,1.0,0.0,0.0,6.5434594,3.0726378,-10.02466,5.879142,1.1637712,-4.174506,-1.2975535,3006
605.0,155.0,231.0,91.0,105.0,0.0,582.0,0.0,2.8,2.9,3.4,3.5,8.0,2041.0,1.0,0.0,0.0,0.62311333,0.7340189,-0.8026718,0.06699989,0.08915654,-0.3082618,0.40047106,1694
389.0,120.0,94.0,77.0,63.0,10.0,198.0,166.0,2.9,3.1,2.9,3.1,6.0,1134.0,0.0,0.0,0.0,3.835713,1.825862,-5.7610693,3.255505,0.67577523,-2.345669,-0.71705127,1134
132.0,56.0,0.0,27.0,38.0,7.0,128.0,0.0,9.0,9.3,10.8,11.2,8.0,1429.0,1.0,0.0,0.0,0.3393224,0.05999869,-0.23620301,-0.114187606,0.23382954,0.15960735,0.029847588,1186
132.0,30.0,50.0,22.0,24.0,0.0,39.0,27.0,10.5,11.0,12.6,13.2,9.0,1666.0,1.0,0.0,0.0,0.3393224,0.05999869,-0.23620301,-0.114187606,0.23382954,0.15960735,0.029847588,1383
286.0,94.0,36.0,44.0,38.0,55.0,267.0,0.0,6.0,6.5,6.0,6.5,6.0,1727.0,1.0,0.0,0.0,0.3393224,0.05999869,-0.23620301,-0.114187606,0.23382954,0.15960735,0.029847588,1727
305.0,73.0,87.0,39.0,63.0,10.0,272.0,0.0,14.8,16.6,14.8,16.6,7.0,4504.0,0.0,1.0,0.0,0.3393224,0.05999869,-0.23620301,-0.114187606,0.23382954,0.15960735,0.029847588,4504
268.0,73.0,105.0,0.0,70.0,0.0,248.0,0.0,17.9,19.4,20.6,22.2,8.0,5517.0,0.0,0.0,0.0,0.3393224,0.05999869,-0.23620301,-0.114187606,0.23382954,0.15960735,0.029847588,4800
110.0,36.0,15.0,0.0,49.0,10.0,110.0,0.0,23.2,23.2,23.2,23.2,24.0,2553.0,0.0,0.0,0.0,0.3393224,0.05999869,-0.23620301,-0.114187606,0.23382954,0.15960735,0.029847588,2553
3963.0,1184.0,616.0,952.0,1091.0,42.0,3885.0,0.0,4.3,4.4,4.3,4.4,11.0,16921.0,0.0,0.0,0.0,0.3393224,0.05999869,-0.23620301,-0.114187606,0.23382954,0.15960735,0.029847588,16921
397.0,83.0,252.0,16.0,58.0,0.0,409.0,0.0,18.8,18.2,22.6,22.0,7.0,8987.0,1.0,0.0,0.0,0.3393224,0.05999869,-0.23620301,-0.114187606,0.23382954,0.15960735,0.029847588,7459
254.0,90.0,39.0,3.0,117.0,0.0,119.0,100.0,15.3,15.6,15.3,15.6,11.0,3877.0,0.0,0.0,0.0,0.3393224,0.05999869,-0.23620301,-0.114187606,0.23382954,0.15960735,0.029847588,3877
134.0,73.0,0.0,22.0,14.0,0.0,33.0,76.0,15.6,19.2,18.8,23.1,8.0,2516.0,1.0,0.0,0.0,0.3393224,0.05999869,-0.23620301,-0.114187606,0.23382954,0.15960735,0.029847588,2088
266.0,101.0,70.0,26.0,56.0,5.0,258.0,0.0,17.7,18.2,21.3,21.9,8.0,5657.0,1.0,0.0,0.0,0.3393224,0.05999869,-0.23620301,-0.114187606,0.23382954,0.15960735,0.029847588,4695
237.0,114.0,11.0,44.0,42.0,0.0,181.0,30.0,13.5,15.2,16.3,18.3,9.0,3857.0,1.0,0.0,0.0,0.3393224,0.05999869,-0.23620301,-0.114187606,0.23382954,0.15960735,0.029847588,3201
1243.0,555.0,15.0,245.0,394.0,10.0,1219.0,0.0,9.2,9.4,11.1,11.4,9.0,13843.0,1.0,0.0,0.0,0.3393224,0.05999869,-0.23620301,-0.114187606,0.23382954,0.15960735,0.029847588,11490
666.0,138.0,233.0,124.0,105.0,5.0,605.0,0.0,1.1,1.2,1.1,1.2,13.0,752.0,1.0,0.0,0.0,14.525679,17.647017,-22.463558,12.079052,3.2231374,-9.288712,-2.3993587,752
1810.0,349.0,423.0,377.0,457.0,10.0,1616.0,0.0,16.2,18.2,16.2,18.2,35.0,29399.0,0.0,1.0,0.0,0.3393224,0.05999869,-0.23620301,-0.114187606,0.23382954,0.15960735,0.029847588,29399
88.0,56.0,7.0,15.0,7.0,0.0,9.0,76.0,26.1,27.0,31.5,32.6,6.0,2770.0,1.0,0.0,0.0,0.3393224,0.05999869,-0.23620301,-0.114187606,0.23382954,0.15960735,0.029847588,2299
62.0,19.0,8.0,9.0,15.0,0.0,51.0,0.0,14.2,17.3,15.3,18.6,5.0,949.0,1.0,0.0,0.0,0.3393224,0.05999869,-0.23620301,-0.114187606,0.23382954,0.15960735,0.029847588,883
305.0,59.0,102.0,19.0,60.0,21.0,138.0,123.0,28.5,33.3,34.4,40.2,10.0,10484.0,1.0,0.0,0.0,0.3393224,0.05999869,-0.23620301,-0.114187606,0.23382954,0.15960735,0.029847588,8702
349.0,107.0,93.0,97.0,52.0,0.0,286.0,63.0,10.6,10.6,10.6,10.6,8.0,3703.0,1.0,0.0,0.0,0.3393224,0.05999869,-0.23620301,-0.114187606,0.23382954,0.15960735,0.029847588,3703
156.0,0.0,133.0,0.0,10.0,0.0,143.0,0.0,4.5,4.9,5.4,5.9,4.0,849.0,1.0,0.0,0.0,0.7286089,0.39520338,-0.86865216,0.24491595,0.11580649,-0.24710172,-0.050933503,705
100.0,24.0,76.0,3.0,7.0,0.0,40.0,70.0,14.3,13.0,14.3,13.0,15.0,1434.0,1.0,0.0,0.0,0.3393224,0.05999869,-0.23620301,-0.114187606,0.23382954,0.15960735,0.029847588,1434
222.0,20.0,5.0,93.0,73.0,0.0,47.0,144.0,11.0,12.8,13.3,15.5,4.0,2952.0,1.0,0.0,0.0,0.3393224,0.05999869,-0.23620301,-0.114187606,0.23382954,0.15960735,0.029847588,2450
506.0,54.0,161.0,43.0,173.0,80.0,511.0,0.0,6.9,6.8,6.9,6.8,9.0,3500.0,1.0,0.0,0.0,0.3393224,0.05999869,-0.23620301,-0.114187606,0.23382954,0.15960735,0.029847588,3500
123.0,28.0,0.0,47.0,15.0,25.0,115.0,0.0,15.4,16.5,17.7,18.9,3.0,2179.0,0.0,0.0,0.0,0.3393224,0.05999869,-0.23620301,-0.114187606,0.23382954,0.15960735,0.029847588,1896
252.0,0.0,109.0,143.0,0.0,0.0,109.0,143.0,27.1,27.1,27.1,27.1,11.0,6821.0,0.0,0.0,0.0,0.3393224,0.05999869,-0.23620301,-0.114187606,0.23382954,0.15960735,0.029847588,6821
258.0,186.0,40.0,19.0,10.0,0.0,0.0,255.0,5.4,5.5,6.5,6.6,4.0,1678.0,1.0,0.0,0.0,0.3393224,0.05999869,-0.23620301,-0.114187606,0.23382954,0.15960735,0.029847588,1393
166.0,67.0,88.0,6.0,0.0,0.0,37.0,120.0,15.7,16.2,18.9,19.5,7.0,3137.0,1.0,0.0,0.0,0.3393224,0.05999869,-0.23620301,-0.114187606,0.23382954,0.15960735,0.029847588,2604
181.0,45.0,39.0,38.0,42.0,5.0,169.0,0.0,20.1,21.5,22.6,24.2,10.0,4088.0,0.0,0.0,0.0,0.3393224,0.05999869,-0.23620301,-0.114187606,0.23382954,0.15960735,0.029847588,3638
284.0,99.0,112.0,26.0,28.0,0.0,220.0,27.0,11.4,12.2,11.4,12.2,4.0,3234.0,1.0,0.0,0.0,0.3393224,0.05999869,-0.23620301,-0.114187606,0.23382954,0.15960735,0.029847588,3234
52.0,0.0,60.0,0.0,0.0,0.0,0.0,55.0,4.8,4.2,5.8,5.1,3.0,304.0,1.0,0.0,0.0,5.8019257,6.749642,-7.1734385,2.1935737,2.8174455,-4.336723,-1.5147247,252
102.0,72.0,0.0,18.0,0.0,7.0,0.0,97.0,10.1,10.6,12.1,12.8,3.0,1239.0,1.0,0.0,0.0,0.3393224,0.05999869,-0.23620301,-0.114187606,0.23382954,0.15960735,0.029847588,1028
58.0,26.0,29.0,3.0,0.0,0.0,22.0,36.0,11.9,11.9,14.4,14.4,5.0,833.0,1.0,0.0,0.0,0.29043376,0.118490174,-0.23671505,-0.13587129,0.13897817,0.11687613,-0.022705443,691
1196.0,626.0,108.0,56.0,413.0,5.0,1208.0,0.0,6.5,6.5,6.5,6.5,15.0,7824.0,0.0,0.0,1.0,0.3393224,0.05999869,-0.23620301,-0.114187606,0.23382954,0.15960735,0.029847588,7824
38.0,30.0,0.0,8.0,0.0,0.0,32.0,0.0,6.5,6.5,6.5,6.5,4.0,247.0,1.0,0.0,0.0,5.127948,8.200626,-6.7923913,1.104341,3.611364,-4.72994,-1.3292776,247
84.0,33.0,0.0,21.0,27.0,0.0,61.0,20.0,32.6,33.8,39.3,40.7,10.0,3299.0,1.0,0.0,0.0,0.3393224,0.05999869,-0.23620301,-0.114187606,0.23382954,0.15960735,0.029847588,2738
73.0,18.0,14.0,8.0,44.0,0.0,40.0,44.0,15.4,13.3,18.5,16.1,6.0,1351.0,1.0,0.0,0.0,0.3393224,0.05999869,-0.23620301,-0.114187606,0.23382954,0.15960735,0.029847588,1121
449.0,352.0,12.0,12.0,52.0,0.0,0.0,428.0,35.7,37.5,43.0,45.2,8.0,19328.0,1.0,0.0,0.0,0.16607684,-0.086697,-0.37553418,0.0051149335,-0.142168,-0.0039770454,-0.18228176,16042
551.0,188.0,116.0,52.0,114.0,5.0,223.0,231.0,4.4,5.1,5.3,6.2,13.0,2934.0,1.0,0.0,0.0,0.3393224,0.05999869,-0.23620301,-0.114187606,0.23382954,0.15960735,0.029847588,2435
194.0,48.0,47.0,28.0,27.0,35.0,185.0,0.0,7.4,7.8,7.4,7.8,8.0,1440.0,0.0,0.0,0.0,0.3393224,0.05999869,-0.23620301,-0.114187606,0.23382954,0.15960735,0.029847588,1440
185.0,36.0,14.0,50.0,32.0,10.0,142.0,0.0,34.7,45.2,34.7,45.2,16.0,6416.0,1.0,0.0,0.0,0.3393224,0.05999869,-0.23620301,-0.114187606,0.23382954,0.15960735,0.029847588,6416
134.0,43.0,0.0,77.0,36.0,0.0,156.0,0.0,9.1,7.8,10.9,9.4,5.0,1461.0,1.0,0.0,0.0,0.3393224,0.05999869,-0.23620301,-0.114187606,0.23382954,0.15960735,0.029847588,1213
1241.0,575.0,45.0,319.0,301.0,0.0,1240.0,0.0,8.2,8.2,8.2,8.2,15.0,10222.0,1.0,0.0,0.0,0.3393224,0.05999869,-0.23620301,-0.114187606,0.23382954,0.15960735,0.029847588,10222
99.0,81.0,0.0,3.0,15.0,0.0,6.0,93.0,2.4,2.4,2.4,2.4,3.0,241.0,1.0,0.0,0.0,8.047245,7.1667657,-11.138911,6.623751,3.7502775,-8.996927,-1.442392,241
1285.0,685.0,67.0,133.0,620.0,7.0,1512.0,0.0,0.9,0.8,0.9,0.8,16.5,1200.0,1.0,0.0,0.0,28.21054,27.033173,-58.875786,39.70927,-11.63244,-30.664278,1.6283473,1200
466.0,164.0,212.0,12.0,66.0,7.0,461.0,0.0,3.7,3.7,4.4,4.5,10.0,2058.0,1.0,0.0,0.0,0.3393224,0.05999869,-0.23620301,-0.114187606,0.23382954,0.15960735,0.029847588,1708
77.0,30.0,0.0,20.0,22.0,0.0,7.0,65.0,27.4,29.3,33.0,35.3,4.0,2540.0,1.0,0.0,0.0,0.3393224,0.05999869,-0.23620301,-0.114187606,0.23382954,0.15960735,0.029847588,2108
81.0,11.0,22.0,0.0,20.0,21.0,64.0,10.0,5.6,6.1,6.8,7.4,1.0,547.0,1.0,0.0,0.0,2.6843193,2.5230918,-3.643746,1.1683093,0.8324921,-1.4706165,-0.46685427,454
694.0,61.0,164.0,168.0,145.0,60.0,598.0,0.0,5.9,6.8,5.9,6.8,8.0,4086.0,0.0,0.0,1.0,0.3393224,0.05999869,-0.23620301,-0.114187606,0.23382954,0.15960735,0.029847588,4086
62.0,18.0,7.0,6.0,10.0,17.0,7.0,51.0,32.7,34.9,39.4,42.1,5.0,2442.0,1.0,0.0,0.0,0.3393224,0.05999869,-0.23620301,-0.114187606,0.23382954,0.15960735,0.029847588,2027
56.0,0.0,42.0,0.0,0.0,15.0,57.0,0.0,5.2,5.1,5.2,5.1,3.0,293.0,1.0,0.0,0.0,5.428315,8.1541,-6.259387,-0.035153218,3.721651,-3.4357648,-1.9114945,293
753.0,289.0,13.0,0.0,363.0,7.0,672.0,0.0,5.7,6.4,5.7,6.4,12.0,4301.0,1.0,0.0,0.0,0.3393224,0.05999869,-0.23620301,-0.114187606,0.23382954,0.15960735,0.029847588,4301
421.0,177.0,22.0,217.0,0.0,5.0,421.0,0.0,39.9,39.9,39.9,39.9,15.5,16788.0,1.0,0.0,0.0,0.3393224,0.05999869,-0.23620301,-0.114187606,0.23382954,0.15960735,0.029847588,16788
59.0,30.0,11.0,3.0,21.0,0.0,65.0,0.0,9.6,8.7,11.6,10.5,3.0,682.0,1.0,0.0,0.0,0.98285323,0.54056704,-0.905067,-0.33241937,0.3875265,-0.30168512,-0.748197,566
409.0,42.0,201.0,39.0,67.0,60.0,409.0,0.0,6.5,6.5,6.5,6.5,11.0,2672.0,0.0,0.0,0.0,0.3393224,0.05999869,-0.23620301,-0.114187606,0.23382954,0.15960735,0.029847588,2672
115.0,21.0,90.0,4.0,0.0,0.0,94.0,21.0,16.3,16.3,16.3,16.3,12.0,1869.0,0.0,0.0,0.0,0.3393224,0.05999869,-0.23620301,-0.114187606,0.23382954,0.15960735,0.029847588,1869
93.0,58.0,20.0,4.0,10.0,0.0,22.0,70.0,8.6,8.7,10.4,10.5,3.0,967.0,1.0,0.0,0.0,0.3393224,0.05999869,-0.23620301,-0.114187606,0.23382954,0.15960735,0.029847588,803
71.0,30.0,15.0,12.0,7.0,5.0,0.0,69.0,56.6,58.2,68.2,70.2,7.0,4842.0,1.0,0.0,0.0,0.3393224,0.05999869,-0.23620301,-0.114187606,0.23382954,0.15960735,0.029847588,4019
971.0,345.0,42.0,249.0,150.0,10.0,796.0,0.0,5.0,6.1,6.0,7.4,14.0,5864.0,1.0,0.0,0.0,0.3393224,0.05999869,-0.23620301,-0.114187606,0.23382954,0.15960735,0.029847588,4867
74.0,15.0,7.0,42.0,0.0,10.0,74.0,0.0,42.3,42.3,42.3,42.3,17.0,3132.0,1.0,0.0,0.0,0.3393224,0.05999869,-0.23620301,-0.114187606,0.23382954,0.15960735,0.029847588,3132
81.0,18.0,4.0,25.0,21.0,10.0,25.0,30.0,1.1,1.1,1.3,1.4,1.0,107.0,1.0,0.0,0.0,9.465138,9.859004,-14.052106,7.7627673,4.5883255,-11.640249,-2.9917073,89
106.0,6.0,33.0,19.0,0.0,55.0,113.0,0.0,10.6,10.0,12.8,12.0,7.0,1357.0,1.0,0.0,0.0,0.3393224,0.05999869,-0.23620301,-0.114187606,0.23382954,0.15960735,0.029847588,1126
1168.0,516.0,240.0,176.0,314.0,10.0,1256.0,0.0,1.3,1.2,1.3,1.2,8.0,1538.0,0.0,1.0,0.0,23.173662,32.184376,-39.394768,23.663586,4.1081586,-16.310919,-6.581647,1538
1093.0,392.0,119.0,235.0,166.0,47.0,959.0,0.0,6.6,7.6,6.6,7.6,11.0,7263.0,1.0,0.0,0.0,0.3393224,0.05999869,-0.23620301,-0.114187606,0.23382954,0.15960735,0.029847588,7263
67.0,10.0,18.0,31.0,0.0,0.0,0.0,59.0,57.5,65.3,69.3,78.7,2.0,4642.0,1.0,0.0,0.0,0.3393224,0.05999869,-0.23620301,-0.114187606,0.23382954,0.15960735,0.029847588,3853
1256.0,270.0,121.0,450.0,90.0,50.0,981.0,0.0,23.0,29.4,41.0,52.5,28.0,51527.0,1.0,0.0,0.0,17.505655,-78.42689,-38.58578,-18.662628,-2.883386,1.8086805,-108.513275,28855
72.0,67.0,5.0,0.0,0.0,0.0,6.0,66.0,17.3,17.3,20.9,20.9,15.0,1504.0,1.0,0.0,0.0,0.3393224,0.05999869,-0.23620301,-0.114187606,0.23382954,0.15960735,0.029847588,1248
777.0,287.0,159.0,38.0,147.0,45.0,676.0,0.0,19.4,22.2,22.2,25.6,13.0,17286.0,0.0,0.0,0.0,0.3393224,0.05999869,-0.23620301,-0.114187606,0.23382954,0.15960735,0.029847588,15039
131.0,30.0,33.0,18.0,35.0,12.0,128.0,0.0,37.8,38.6,45.5,46.6,13.0,5960.0,1.0,0.0,0.0,0.3393224,0.05999869,-0.23620301,-0.114187606,0.23382954,0.15960735,0.029847588,4947
134.0,78.0,0.0,0.0,63.0,0.0,141.0,0.0,15.1,14.3,18.2,17.3,8.0,2433.0,1.0,0.0,0.0,0.3393224,0.05999869,-0.23620301,-0.114187606,0.23382954,0.15960735,0.029847588,2019
826.0,255.0,295.0,72.0,157.0,0.0,779.0,0.0,6.5,6.9,6.5,6.9,42.0,5400.0,1.0,0.0,0.0,0.3393224,0.05999869,-0.23620301,-0.114187606,0.23382954,0.15960735,0.029847588,5400
3180.0,916.0,538.0,295.0,969.0,0.0,2718.0,0.0,10.4,12.2,10.4,12.2,36.0,33028.0,0.0,0.0,1.0,0.3393224,0.05999869,-0.23620301,-0.114187606,0.23382954,0.15960735,0.029847588,33028
324.0,175.0,108.0,29.0,17.0,5.0,334.0,0.0,15.7,15.2,15.7,15.2,13.0,5078.0,1.0,0.0,0.0,0.3393224,0.05999869,-0.23620301,-0.114187606,0.23382954,0.15960735,0.029847588,5078
220.0,132.0,45.0,30.0,7.0,0.0,49.0,165.0,3.2,3.3,3.2,3.3,3.0,701.0,1.0,0.0,0.0,4.557,2.3935905,-6.9287043,3.8626795,0.7876123,-2.8683481,-0.8802568,701
258.0,34.0,89.0,6.0,63.0,49.0,241.0,0.0,2.9,3.1,2.9,3.1,12.0,736.0,1.0,0.0,0.0,3.5819883,2.237753,-5.433146,2.8038673,0.58930856,-2.2539961,-0.68189156,736
139.0,25.0,19.0,6.0,29.0,60.0,139.0,0.0,7.0,7.0,7.0,7.0,7.0,976.0,0.0,0.0,0.0,0.24582359,0.124889806,-0.16362548,-0.44118884,0.09807244,0.025296658,-0.39723614,976
274.0,70.0,123.0,57.0,28.0,30.0,308.0,0.0,4.3,3.8,4.3,3.8,4.0,1167.0,0.0,0.0,0.0,0.3393224,0.05999869,-0.23620301,-0.114187606,0.23382954,0.15960735,0.029847588,1167
231.0,0.0,86.0,0.0,50.0,130.0,266.0,0.0,16.3,14.1,16.3,14.1,12.0,3762.0,0.0,0.0,1.0,0.3393224,0.05999869,-0.23620301,-0.114187606,0.23382954,0.15960735,0.029847588,3762
126.0,58.0,15.0,6.0,21.0,40.0,22.0,118.0,4.9,4.4,4.9,4.4,5.0,619.0,0.0,0.0,0.0,4.045146,3.6278248,-5.8917418,2.1823661,1.0200596,-2.565417,-0.8694993,619
93.0,0.0,70.0,0.0,15.0,10.0,0.0,95.0,11.8,11.6,14.3,14.0,8.0,1327.0,1.0,0.0,0.0,0.3393224,0.05999869,-0.23620301,-0.114187606,0.23382954,0.15960735,0.029847588,1101
1825.0,594.0,569.0,192.0,259.0,60.0,1674.0,0.0,0.7,0.7,0.7,0.7,15.0,1210.0,1.0,0.0,0.0,24.944483,69.36319,-66.98595,45.208595,-4.5893254,-26.39395,1.1185954,1210
500.0,229.0,31.0,130.0,60.0,0.0,170.0,227.0,11.8,13.1,14.2,15.7,8.0,7080.0,1.0,0.0,0.0,0.3393224,0.05999869,-0.23620301,-0.114187606,0.23382954,0.15960735,0.029847588,5876
373.0,129.0,96.0,21.0,105.0,50.0,389.0,12.0,6.4,6.0,6.4,6.0,10.0,2395.0,0.0,0.0,0.0,0.3393224,0.05999869,-0.23620301,-0.114187606,0.23382954,0.15960735,0.029847588,2395
330.0,179.0,26.0,64.0,110.0,0.0,379.0,0.0,3.2,2.8,3.2,2.8,10.0,1050.0,1.0,0.0,0.0,2.889794,1.3903161,-4.2716346,2.3389695,0.5052997,-1.7067868,-0.5142602,1050
57.0,27.0,28.0,0.0,0.0,0.0,0.0,55.0,30.5,31.7,36.8,38.1,4.0,2098.0,1.0,0.0,0.0,0.3393224,0.05999869,-0.23620301,-0.114187606,0.23382954,0.15960735,0.029847588,1741
127.0,61.0,0.0,20.0,44.0,0.0,13.0,98.0,12.4,12.6,15.0,15.2,4.0,1902.0,1.0,0.0,0.0,0.3393224,0.05999869,-0.23620301,-0.114187606,0.23382954,0.15960735,0.029847588,1579
1362.0,579.0,291.0,171.0,378.0,0.0,1419.0,0.0,2.3,2.3,2.3,2.3,11.0,3193.0,0.0,1.0,0.0,10.857051,13.211041,-16.5522,9.250852,3.513859,-6.2676096,-3.830455,3193
1463.0,780.0,119.0,223.0,371.0,0.0,1493.0,0.0,24.6,24.1,24.6,24.1,23.0,36046.0,0.0,0.0,1.0,0.3393224,0.05999869,-0.23620301,-0.114187606,0.23382954,0.15960735,0.029847588,36046
148.0,12.0,49.0,36.0,28.0,15.0,140.0,0.0,23.2,24.6,28.0,29.6,3.0,4141.0,1.0,0.0,0.0,0.3393224,0.05999869,-0.23620301,-0.114187606,0.23382954,0.15960735,0.029847588,3437
474.0,71.0,24.0,343.0,21.0,15.0,41.0,433.0,3.9,3.9,3.9,3.9,6.0,1829.0,1.0,0.0,0.0,4.174112,1.9816769,-6.2939086,3.5833924,0.7367623,-2.574227,-0.78959906,1829
77.0,24.0,18.0,21.0,14.0,0.0,18.0,59.0,5.3,5.3,6.4,6.4,10.0,492.0,1.0,0.0,0.0,4.490718,4.7365527,-5.9528866,2.3992157,2.0328064,-3.1352024,-0.56377685,408
213.0,105.0,67.0,41.0,0.0,0.0,52.0,161.0,3.8,3.8,3.8,3.8,2.5,801.0,1.0,0.0,0.0,3.7652185,1.7934031,-5.6500697,3.1872008,0.66307074,-2.2980564,-0.7019385,801
175.0,22.0,53.0,0.0,100.0,0.0,59.0,116.0,3.4,3.4,3.4,3.4,7.0,597.0,0.0,0.0,0.0,5.852206,4.820711,-8.842091,4.0507,1.1403741,-4.146759,-1.3573753,597
360.0,122.0,98.0,54.0,62.0,0.0,336.0,0.0,2.1,2.3,2.1,2.3,18.0,763.0,1.0,0.0,0.0,6.5120277,5.3474956,-9.703264,4.749321,1.5054404,-3.743753,-1.252731,763
331.0,84.0,0.0,12.0,0.0,284.0,156.0,96.0,3.7,3.3,3.7,3.3,5.0,1238.0,0.0,0.0,0.0,2.4789429,1.2538712,-3.3582175,1.6595594,0.50746995,-1.2837621,-0.4641109,1238
285.0,48.0,187.0,15.0,35.0,25.0,310.0,0.0,4.4,4.0,4.4,4.0,7.0,1249.0,0.0,0.0,0.0,0.3393224,0.05999869,-0.23620301,-0.114187606,0.23382954,0.15960735,0.029847588,1249
187.0,72.0,32.0,10.0,44.0,5.0,4.0,159.0,73.5,84.4,84.5,97.0,3.0,15807.0,0.0,0.0,0.0,0.3393224,0.05999869,-0.23620301,-0.114187606,0.23382954,0.15960735,0.029847588,13752
502.0,120.0,32.0,89.0,83.0,120.0,444.0,0.0,18.5,20.9,18.5,20.9,14.0,9296.0,1.0,0.0,0.0,0.3393224,0.05999869,-0.23620301,-0.114187606,0.23382954,0.15960735,0.029847588,9296
303.0,0.0,266.0,0.0,0.0,25.0,0.0,291.0,1.1,1.1,1.3,1.4,1.0,396.0,1.0,0.0,0.0,10.092326,4.715123,-16.367437,10.424381,1.9673833,-7.4527903,-1.9312125,329
174.0,105.0,83.0,0.0,0.0,5.0,98.0,35.0,17.7,16.0,17.7,16.0,17.0,3088.0,0.0,0.0,0.0,0.3393224,0.05999869,-0.23620301,-0.114187606,0.23382954,0.15960735,0.029847588,3088
44.0,14.0,0.0,16.0,17.0,5.0,49.0,3.0,8.6,7.3,8.6,7.3,2.0,380.0,0.0,0.0,1.0,5.6134315,7.105792,-5.9513235,0.50760025,3.8081717,-3.2244294,-1.6578788,380
387.0,88.0,221.0,37.0,34.0,0.0,18.0,362.0,6.0,6.1,7.3,7.4,7.0,2811.0,1.0,0.0,0.0,0.3393224,0.05999869,-0.23620301,-0.114187606,0.23382954,0.15960735,0.029847588,2333
406.0,18.0,374.0,27.0,0.0,0.0,21.0,398.0,5.2,5.0,5.2,5.0,19.0,2109.0,0.0,0.0,0.0,0.3393224,0.05999869,-0.23620301,-0.114187606,0.23382954,0.15960735,0.029847588,2109
496.0,198.0,109.0,67.0,90.0,60.0,524.0,0.0,20.3,19.2,23.4,22.1,14.0,11586.0,0.0,0.0,0.0,0.3393224,0.05999869,-0.23620301,-0.114187606,0.23382954,0.15960735,0.029847588,10080
116.0,34.0,38.0,4.0,30.0,0.0,33.0,73.0,4.8,5.2,4.8,5.2,2.0,553.0,1.0,0.0,0.0,4.512446,4.2959237,-6.279341,2.5859933,1.6405174,-3.1008172,-0.64717317,553
53.0,17.0,17.0,0.0,24.0,5.0,63.0,0.0,6.7,5.6,6.7,5.6,16.0,354.0,0.0,0.0,0.0,6.2089167,9.518101,-7.3833055,0.04583579,4.0518236,-4.152944,-2.314007,354
209.0,42.0,145.0,10.0,43.0,0.0,225.0,15.0,0.9,0.8,0.9,0.8,2.5,190.0,1.0,0.0,0.0,13.633921,15.365318,-17.264256,6.4239984,6.278785,-8.261503,-3.6953263,190
903.0,336.0,134.0,158.0,148.0,100.0,387.0,303.0,6.1,6.3,7.3,7.5,11.0,6605.0,1.0,0.0,0.0,0.3393224,0.05999869,-0.23620301,-0.114187606,0.23382954,0.15960735,0.029847588,5482
469.0,71.0,170.0,15.0,67.0,96.0,419.0,0.0,6.8,7.6,8.2,9.2,11.0,3845.0,1.0,0.0,0.0,0.3393224,0.05999869,-0.23620301,-0.114187606,0.23382954,0.15960735,0.029847588,3191
1894.0,187.0,1241.0,143.0,156.0,10.0,966.0,696.0,2.1,2.3,2.1,2.3,12.0,3986.0,0.0,0.0,0.0,14.784834,6.86736,-23.001453,13.864518,2.6490483,-9.740808,-3.064384,3986
215.0,108.0,0.0,94.0,7.0,0.0,76.0,133.0,2.6,2.7,2.6,2.7,7.0,560.0,1.0,0.0,0.0,5.716677,4.5458217,-9.3039255,4.748035,1.6638125,-4.4662533,-1.1747252,560
82.0,38.0,9.0,20.0,14.0,0.0,29.0,52.0,1.0,1.0,1.2,1.2,2.0,96.0,1.0,0.0,0.0,10.553488,11.122082,-15.455066,8.475531,4.6756573,-13.365104,-3.338369,80
1694.0,391.0,469.0,385.0,210.0,85.0,1540.0,0.0,4.6,5.1,4.6,5.1,16.0,7816.0,1.0,0.0,0.0,0.3393224,0.05999869,-0.23620301,-0.114187606,0.23382954,0.15960735,0.029847588,7816
81.0,24.0,22.0,20.0,10.0,0.0,64.0,4.0,24.7,26.3,29.8,31.7,5.0,2412.0,1.0,0.0,0.0,0.3393224,0.05999869,-0.23620301,-0.114187606,0.23382954,0.15960735,0.029847588,2002
297.0,150.0,7.0,132.0,0.0,0.0,13.0,264.0,5.2,5.4,5.2,5.4,6.0,1557.0,1.0,0.0,0.0,0.91150135,0.47941574,-1.1566329,0.4221273,0.14876778,-0.37062904,-0.09014288,1557
280.0,161.0,91.0,0.0,10.0,0.0,262.0,0.0,5.1,5.4,5.1,5.4,7.0,1417.0,0.0,0.0,1.0,0.3393224,0.05999869,-0.23620301,-0.114187606,0.23382954,0.15960735,0.029847588,1417
56.0,19.0,5.0,16.0,10.0,0.0,29.0,21.0,22.3,24.9,26.8,30.0,5.0,1501.0,1.0,0.0,0.0,0.3393224,0.05999869,-0.23620301,-0.114187606,0.23382954,0.15960735,0.029847588,1246
492.0,114.0,97.0,157.0,49.0,75.0,248.0,244.0,8.5,8.5,8.5,8.5,11.0,4158.0,1.0,0.0,0.0,0.3393224,0.05999869,-0.23620301,-0.114187606,0.23382954,0.15960735,0.029847588,4158
426.0,127.0,122.0,54.0,87.0,20.0,31.0,352.0,1.5,1.6,1.8,1.9,2.0,778.0,1.0,0.0,0.0,12.010583,5.6945295,-18.694378,11.287393,2.2788005,-7.9945707,-2.4053254,646
499.0,262.0,42.0,60.0,90.0,0.0,155.0,299.0,4.6,5.1,4.6,5.1,10.0,2310.0,1.0,0.0,0.0,0.3393224,0.05999869,-0.23620301,-0.114187606,0.23382954,0.15960735,0.029847588,2310
60.0,9.0,32.0,12.0,7.0,0.0,60.0,0.0,16.5,16.5,18.4,18.4,5.0,1102.0,1.0,0.0,0.0,0.2419857,0.1373773,-0.1803723,-0.34355503,0.07876739,0.05187499,-0.26954645,992
362.0,152.0,68.0,41.0,72.0,15.0,348.0,0.0,19.6,20.4,23.6,24.5,6.0,8543.0,1.0,0.0,0.0,0.3393224,0.05999869,-0.23620301,-0.114187606,0.23382954,0.15960735,0.029847588,7091
363.0,169.0,23.0,115.0,42.0,0.0,82.0,267.0,9.5,9.8,11.4,11.8,5.0,4134.0,1.0,0.0,0.0,0.3393224,0.05999869,-0.23620301,-0.114187606,0.23382954,0.15960735,0.029847588,3431
53.0,24.0,0.0,24.0,0.0,0.0,0.0,48.0,19.0,21.0,22.9,25.3,3.0,1213.0,1.0,0.0,0.0,0.3393224,0.05999869,-0.23620301,-0.114187606,0.23382954,0.15960735,0.029847588,1007
17518.0,9404.0,1221.0,0.0,2955.0,0.0,13580.0,0.0,3.1,4.0,3.1,4.0,14.0,54620.0,1.0,0.0,0.0,-8.055536,0.16106352,7.100073,-3.8957138,-7.4404655,1.2711668,-4.53985,54620
199.0,82.0,92.0,13.0,10.0,0.0,20.0,100.0,4.4,4.4,5.3,5.3,2.0,1049.0,1.0,0.0,0.0,2.5544486,1.2359073,-3.7436028,2.01404,0.44486308,-1.4802911,-0.4423666,871
2171.0,534.0,319.0,323.0,87.0,0.0,209.0,984.0,9.1,15.6,9.1,15.6,8.0,19699.0,1.0,0.0,0.0,0.3393224,0.05999869,-0.23620301,-0.114187606,0.23382954,0.15960735,0.029847588,19699
220.0,90.0,19.0,64.0,39.0,0.0,12.0,200.0,8.8,9.1,10.6,11.0,4.0,2325.0,1.0,0.0,0.0,0.3393224,0.05999869,-0.23620301,-0.114187606,0.23382954,0.15960735,0.029847588,1930
1355.0,535.0,428.0,58.0,224.0,10.0,1255.0,0.0,5.5,6.0,5.5,6.0,26.0,7505.0,1.0,0.0,0.0,0.3393224,0.05999869,-0.23620301,-0.114187606,0.23382954,0.15960735,0.029847588,7505
374.0,170.0,4.0,88.0,126.0,10.0,398.0,0.0,0.8,0.8,1.0,0.9,2.0,363.0,1.0,0.0,0.0,15.722646,12.460826,-25.402775,14.7906475,3.5168495,-12.762487,-2.6715944,300
62.0,51.0,0.0,0.0,10.0,5.0,66.0,0.0,5.6,5.3,6.8,6.4,3.0,420.0,1.0,0.0,0.0,5.3616214,9.057579,-7.695692,1.2723253,3.5888762,-4.7652082,-1.3237219,349
311.0,11.0,217.0,3.0,36.0,57.0,324.0,0.0,6.6,6.3,7.9,7.6,6.0,2455.0,1.0,0.0,0.0,0.3393224,0.05999869,-0.23620301,-0.114187606,0.23382954,0.15960735,0.029847588,2038
132.0,32.0,15.0,13.0,31.0,45.0,136.0,0.0,4.6,4.4,5.5,5.3,6.0,724.0,1.0,0.0,0.0,3.2314208,2.9025698,-4.675263,1.6779157,0.81135947,-1.9951409,-0.6685186,601
135.0,60.0,17.0,0.0,70.0,0.0,0.0,147.0,4.9,4.5,4.9,4.5,15.0,667.0,0.0,0.0,0.0,5.4563046,4.9694433,-7.945569,3.167713,1.5728705,-3.701875,-1.08325,667
79.0,16.0,34.0,0.0,28.0,10.0,81.0,7.0,45.4,40.7,54.7,49.1,5.0,4319.0,1.0,0.0,0.0,0.3393224,0.05999869,-0.23620301,-0.114187606,0.23382954,0.15960735,0.029847588,3585
155.0,75.0,28.0,10.0,29.0,0.0,14.0,128.0,12.4,13.5,14.9,16.3,4.0,2308.0,1.0,0.0,0.0,0.3393224,0.05999869,-0.23620301,-0.114187606,0.23382954,0.15960735,0.029847588,1916
965.0,433.0,234.0,148.0,245.0,0.0,1060.0,0.0,3.8,3.4,4.1,3.7,30.0,3930.0,1.0,0.0,0.0,0.3393224,0.05999869,-0.23620301,-0.114187606,0.23382954,0.15960735,0.029847588,3655
296.0,27.0,166.0,48.0,21.0,50.0,312.0,0.0,18.4,17.4,18.4,17.4,10.0,5432.0,0.0,0.0,0.0,0.3393224,0.05999869,-0.23620301,-0.114187606,0.23382954,0.15960735,0.029847588,5432
56.0,3.0,19.0,10.0,24.0,0.0,56.0,0.0,3.0,3.0,3.0,3.0,3.0,170.0,0.0,0.0,0.0,8.705915,12.771471,-12.518397,3.991941,4.9510207,-9.523701,-3.154007,170
206.0,88.0,23.0,31.0,35.0,0.0,73.0,104.0,8.8,10.3,10.7,12.4,8.0,2196.0,1.0,0.0,0.0,0.3393224,0.05999869,-0.23620301,-0.114187606,0.23382954,0.15960735,0.029847588,1823
651.0,104.0,385.0,16.0,49.0,27.0,581.0,0.0,5.5,6.2,6.7,7.5,4.0,4352.0,1.0,0.0,0.0,0.3393224,0.05999869,-0.23620301,-0.114187606,0.23382954,0.15960735,0.029847588,3612
2323.0,804.0,332.0,0.0,947.0,240.0,636.0,1552.0,1.7,1.7,1.7,1.7,6.0,3981.0,0.0,0.0,0.0,41.41921,13.657687,-68.86068,45.20967,3.790803,-31.064337,-7.1283317,3981
146.0,46.0,0.0,50.0,41.0,0.0,44.0,93.0,13.6,14.5,16.4,17.4,6.0,2390.0,1.0,0.0,0.0,0.3393224,0.05999869,-0.23620301,-0.114187606,0.23382954,0.15960735,0.029847588,1984
284.0,49.0,83.0,75.0,51.0,5.0,80.0,183.0,12.8,13.9,15.5,16.7,5.0,4393.0,1.0,0.0,0.0,0.3393224,0.05999869,-0.23620301,-0.114187606,0.23382954,0.15960735,0.029847588,3646
249.0,47.0,26.0,80.0,84.0,0.0,237.0,0.0,15.3,16.0,15.3,16.0,9.0,3800.0,0.0,0.0,0.0,0.3393224,0.05999869,-0.23620301,-0.114187606,0.23382954,0.15960735,0.029847588,3800
32.0,4.0,7.0,0.0,0.0,30.0,41.0,0.0,15.6,12.1,15.6,12.1,3.0,498.0,1.0,0.0,0.0,4.1666985,6.754025,-4.008406,-1.6423153,3.157497,-1.9847225,-2.094122,498
1908.0,401.0,1216.0,155.0,107.0,10.0,1889.0,0.0,14.2,14.3,14.2,14.3,48.0,27000.0,0.0,1.0,0.0,0.3393224,0.05999869,-0.23620301,-0.114187606,0.23382954,0.15960735,0.029847588,27000
253.0,56.0,149.0,0.0,24.0,24.0,76.0,177.0,6.7,6.7,6.7,6.7,7.0,1694.0,1.0,0.0,0.0,0.3393224,0.05999869,-0.23620301,-0.114187606,0.23382954,0.15960735,0.029847588,1694
184.0,53.0,21.0,43.0,38.0,15.0,170.0,0.0,16.0,17.4,18.4,20.0,4.0,3393.0,0.0,0.0,0.0,0.3393224,0.05999869,-0.23620301,-0.114187606,0.23382954,0.15960735,0.029847588,2952
76.0,60.0,12.0,0.0,0.0,0.0,0.0,72.0,4.9,5.2,5.9,6.3,1.0,451.0,1.0,0.0,0.0,7.22809,7.5406847,-9.839705,4.866846,3.532157,-7.2016068,-0.91804695,374
276.0,108.0,5.0,75.0,56.0,0.0,177.0,53.0,1.1,1.2,1.1,1.2,4.0,300.0,1.0,0.0,0.0,10.775042,11.894742,-17.027472,9.256774,5.854272,-10.225433,-1.1173997,300
3471.0,1327.0,257.0,534.0,995.0,42.0,3155.0,0.0,2.2,2.4,2.2,2.4,17.0,7575.0,0.0,0.0,1.0,18.240356,26.734493,-27.620766,13.529167,5.68809,-11.102709,-1.4754772,7575
380.0,67.0,103.0,77.0,98.0,20.0,365.0,0.0,8.7,9.1,10.5,11.0,9.0,4002.0,1.0,0.0,0.0,0.3393224,0.05999869,-0.23620301,-0.114187606,0.23382954,0.15960735,0.029847588,3322
155.0,18.0,0.0,69.0,14.0,47.0,148.0,0.0,33.5,35.1,33.5,35.1,8.0,5196.0,1.0,0.0,0.0,0.3393224,0.05999869,-0.23620301,-0.114187606,0.23382954,0.15960735,0.029847588,5196
327.0,64.0,142.0,21.0,0.0,100.0,327.0,0.0,7.8,7.8,7.8,7.8,16.0,2566.0,0.0,0.0,0.0,0.3393224,0.05999869,-0.23620301,-0.114187606,0.23382954,0.15960735,0.029847588,2566
193.0,82.0,80.0,50.0,14.0,0.0,41.0,182.0,8.7,7.5,10.5,9.0,5.0,2031.0,1.0,0.0,0.0,0.3393224,0.05999869,-0.23620301,-0.114187606,0.23382954,0.15960735,0.029847588,1686
1108.0,279.0,20.0,314.0,273.0,30.0,916.0,0.0,22.6,27.4,24.3,29.4,6.0,26940.0,1.0,0.0,0.0,0.3393224,0.05999869,-0.23620301,-0.114187606,0.23382954,0.15960735,0.029847588,25054
363.0,168.0,10.0,92.0,77.0,5.0,0.0,352.0,0.3,0.3,0.4,0.4,10.0,141.0,1.0,0.0,0.0,16.500408,14.249389,-25.459015,17.68866,10.157403,-19.900314,-5.8429384,117
249.0,144.0,104.0,6.0,14.0,0.0,268.0,0.0,2.0,1.9,2.0,1.9,3.0,500.0,1.0,0.0,0.0,9.069455,10.105067,-13.173505,5.8126407,3.075983,-5.590117,-1.829633,500
769.0,265.0,195.0,235.0,52.0,0.0,178.0,557.0,16.3,16.8,16.3,16.8,8.0,12551.0,1.0,0.0,0.0,0.3393224,0.05999869,-0.23620301,-0.114187606,0.23382954,0.15960735,0.029847588,12551
137.0,54.0,42.0,30.0,7.0,0.0,97.0,36.0,2.9,3.0,2.9,3.0,3.0,399.0,1.0,0.0,0.0,7.1144633,8.003709,-9.230299,4.074326,3.8296545,-5.47634,-0.6509146,399
579.0,215.0,81.0,109.0,112.0,0.0,517.0,0.0,1.4,1.5,1.4,1.5,7.0,784.0,1.0,0.0,0.0,15.296106,13.908725,-23.110863,11.804429,3.5786674,-8.686459,-3.7322006,784
133.0,39.0,0.0,41.0,24.0,20.0,124.0,0.0,15.9,17.0,18.3,19.6,6.0,2428.0,0.0,0.0,0.0,0.3393224,0.05999869,-0.23620301,-0.114187606,0.23382954,0.15960735,0.029847588,2112
78.0,7.0,34.0,6.0,21.0,0.0,22.0,46.0,7.7,8.8,8.8,10.1,3.0,690.0,0.0,0.0,0.0,3.7077417,3.2256927,-4.562291,1.34745,1.3955036,-1.91898,-0.7833236,600
101.0,12.0,31.0,3.0,50.0,0.0,65.0,28.0,4.5,4.7,4.5,4.7,1.5,450.0,1.0,0.0,0.0,7.914564,8.86132,-9.030236,2.8445735,4.6257267,-5.08897,-1.5482846,450
1222.0,503.0,333.0,173.0,150.0,5.0,1164.0,0.0,4.7,5.0,4.7,5.0,20.0,5800.0,1.0,0.0,0.0,0.3393224,0.05999869,-0.23620301,-0.114187606,0.23382954,0.15960735,0.029847588,5800
1093.0,486.0,277.0,126.0,147.0,5.0,788.0,253.0,2.3,2.5,2.3,2.5,7.0,2565.0,0.0,0.0,0.0,7.7399936,3.7348936,-11.8979,6.9872923,1.4004726,-4.9705925,-1.5455599,2565
222.0,41.0,57.0,0.0,99.0,25.0,222.0,0.0,10.7,10.6,10.7,10.6,4.0,2385.0,0.0,0.0,0.0,0.3393224,0.05999869,-0.23620301,-0.114187606,0.23382954,0.15960735,0.029847588,2385
2067.0,1056.0,658.0,45.0,303.0,5.0,1510.0,557.0,5.0,5.0,5.0,5.0,21.0,10398.0,0.0,0.0,0.0,0.3393224,0.05999869,-0.23620301,-0.114187606,0.23382954,0.15960735,0.029847588,10398
175.0,65.0,31.0,22.0,38.0,0.0,141.0,15.0,19.6,22.0,23.6,26.5,10.0,4137.0,1.0,0.0,0.0,0.3393224,0.05999869,-0.23620301,-0.114187606,0.23382954,0.15960735,0.029847588,3434
230.0,180.0,12.0,41.0,14.0,0.0,247.0,0.0,1.7,1.6,6.0,5.6,3.0,1379.0,1.0,0.0,0.0,1.52044,20.29324,-9.063634,-1.4547204,6.921896,-0.65068406,5.225352,400
104.0,32.0,5.0,40.0,28.0,10.0,115.0,0.0,3.3,2.9,4.9,4.5,2.0,512.0,0.0,0.0,1.0,6.648462,8.748676,-8.54742,2.3702788,4.046974,-4.673722,-1.649978,338
177.0,24.0,79.0,6.0,42.0,60.0,211.0,0.0,16.0,13.4,16.0,13.4,17.0,2835.0,0.0,0.0,0.0,0.3393224,0.05999869,-0.23620301,-0.114187606,0.23382954,0.15960735,0.029847588,2835
62.0,33.0,0.0,12.0,10.0,0.0,22.0,33.0,9.6,10.8,11.5,13.0,2.0,716.0,1.0,0.0,0.0,3.277679,2.674953,-3.7852697,1.0168505,1.4602093,-1.7301259,-0.799061,594
487.0,146.0,238.0,53.0,24.0,12.0,45.0,428.0,2.1,2.2,2.1,2.2,6.0,1017.0,1.0,0.0,0.0,10.984054,5.1172976,-17.016779,10.181799,1.9640642,-7.1737256,-2.2495518,1017
177.0,40.0,12.0,27.0,38.0,60.0,177.0,0.0,4.5,4.5,5.4,5.4,8.0,951.0,1.0,0.0,0.0,2.6373987,1.8522861,-3.8946028,1.8101108,0.4246316,-1.6388414,-0.5139817,789
105.0,34.0,66.0,10.0,37.0,15.0,162.0,0.0,7.4,4.8,7.4,4.8,3.0,774.0,1.0,0.0,0.0,3.0256298,1.9227085,-3.1258,0.20894405,1.1920862,-1.3878831,-1.6172767,774
140.0,43.0,68.0,3.0,57.0,0.0,171.0,0.0,4.6,3.7,4.6,3.7,1.5,640.0,0.0,0.0,1.0,5.5483313,5.5268617,-6.5664754,1.4246246,2.2841141,-2.5272994,-1.6395077,640
230.0,81.0,49.0,37.0,58.0,0.0,225.0,0.0,2.2,2.2,2.2,2.2,4.0,500.0,1.0,0.0,0.0,7.4317737,7.5475516,-10.878045,5.042683,2.8046894,-6.0583014,-1.117092,500
236.0,102.0,84.0,52.0,0.0,0.0,238.0,0.0,2.5,2.5,2.8,2.8,10.0,668.0,1.0,0.0,0.0,5.62889,5.1558557,-8.229728,3.5652115,1.2384086,-3.6240714,-1.2112056,601
846.0,322.0,56.0,112.0,234.0,5.0,729.0,0.0,19.1,22.2,19.1,22.2,13.0,16179.0,1.0,0.0,0.0,0.3393224,0.05999869,-0.23620301,-0.114187606,0.23382954,0.15960735,0.029847588,16179
139.0,18.0,21.0,30.0,70.0,0.0,139.0,0.0,17.6,17.6,17.6,17.6,6.0,2446.0,0.0,0.0,0.0,0.3393224,0.05999869,-0.23620301,-0.114187606,0.23382954,0.15960735,0.029847588,2446
51.0,12.0,27.0,0.0,0.0,7.0,7.0,39.0,6.6,7.3,6.6,7.3,3.0,338.0,1.0,0.0,0.0,7.610824,11.1554785,-10.656811,3.918119,4.394583,-8.449991,-2.038181,338
195.0,57.0,32.0,12.0,140.0,0.0,241.0,0.0,9.2,7.4,11.0,8.9,9.0,2152.0,1.0,0.0,0.0,0.3393224,0.05999869,-0.23620301,-0.114187606,0.23382954,0.15960735,0.029847588,1786
51.0,32.0,0.0,16.0,7.0,0.0,0.0,55.0,17.6,16.3,21.2,19.7,3.0,1083.0,1.0,0.0,0.0,0.24916087,0.096842,-0.13909887,-0.59656,0.13068832,-0.012907095,-0.6063263,899
1106.0,410.0,267.0,108.0,152.0,25.0,962.0,0.0,15.0,17.2,17.2,19.8,20.0,19034.0,0.0,0.0,0.0,0.3393224,0.05999869,-0.23620301,-0.114187606,0.23382954,0.15960735,0.029847588,16560
99.0,13.0,32.0,3.0,42.0,5.0,95.0,0.0,5.3,5.5,6.4,6.7,4.0,634.0,1.0,0.0,0.0,5.7176642,6.9319453,-6.5113554,1.1177032,3.168274,-3.0124035,-1.7592783,526
56.0,24.0,0.0,9.0,14.0,0.0,47.0,0.0,7.9,9.4,7.9,9.4,6.0,440.0,0.0,0.0,0.0,6.224751,9.548364,-7.823331,1.0350347,4.3428597,-4.947068,-1.6428722,440
213.0,123.0,91.0,28.0,0.0,0.0,36.0,206.0,10.3,9.0,10.3,9.0,7.0,2185.0,1.0,0.0,0.0,0.33932233,0.059998684,-0.23620301,-0.11418761,0.23382954,0.15960735,0.029847592,2185
