ID,AFP,Input,Output,Enquiry,File,Interface,Added,Changed,Deleted,PDR_AFP,PDR_UFP,NPDR_AFP,NPDU_UFP,Duration,N_effort,Resource_1,Resource_2,Resource_3,Resource_4,Dev.Type_0,Generated_Var_1,Generated_Var_2,Generated_Var_3,Generated_Var_4,Generated_Var_5,Effort
1,1587,774,260,340,128,0,1502,0,0,4.7,5.0,4.7,5.0,4.0,7490,0,0,0,1,1,83.62333,-61.705814,47.50486,-13.9802265,-282.1268,7490
2,260,9,4,3,193,41,51,138,61,16.0,16.6,16.0,16.6,17.0,4150,0,1,0,0,1,55.072807,-46.254314,32.31183,-10.175156,-192.5746,4150
3,152,25,33,28,42,35,163,0,0,4.4,4.1,4.4,4.1,9.0,668,1,0,0,0,1,7.346083,-5.823976,4.4442286,-1.3155572,-25.188433,668
4,252,151,28,8,39,0,69,153,4,12.8,14.3,15.5,17.3,4.0,3901,1,0,0,0,1,50.656418,-42.75512,29.442604,-9.519047,-176.57254,3238
5,292,93,0,194,20,0,0,307,0,10.3,9.8,12.4,11.7,13.0,3607,1,0,0,0,1,52.32257,-43.92453,30.705967,-9.664625,-182.92905,2994
6,83,63,0,24,0,0,0,87,0,16.1,15.3,19.3,18.5,4.0,1606,1,0,0,0,1,22.47138,-18.644226,13.267137,-4.128222,-78.22012,1333
7,79,24,0,23,30,0,0,77,0,20.3,20.9,24.5,25.1,6.0,1936,1,0,0,0,1,26.259758,-22.61446,14.565741,-5.34623,-89.89358,1607
8,97,0,108,7,0,5,120,0,0,11.9,9.7,11.9,9.7,7.0,1158,0,1,0,0,1,15.261279,-12.529113,9.065908,-2.7848713,-52.948452,1158
9,116,0,23,58,14,20,81,34,0,10.7,10.8,12.9,13.0,6.0,1498,1,0,0,0,1,19.369638,-16.453535,10.931682,-3.8479416,-66.41578,1243
10,52,39,7,0,0,0,0,46,0,64.8,73.3,78.1,88.3,7.0,4063,1,0,0,0,1,54.681335,-48.789326,27.897394,-12.392725,-183.23137,3372
11,465,209,129,24,83,15,460,0,0,21.9,22.2,21.9,22.2,9.0,10200,1,0,0,0,1,126.24807,-106.54841,73.871,-23.38755,-442.199,10200
12,67,32,5,16,7,0,25,35,0,25.4,28.4,30.6,34.2,7.0,2053,1,0,0,0,1,27.048874,-23.662186,14.561547,-5.7509904,-91.7928,1704
13,199,0,115,57,0,42,214,0,0,13.3,12.3,15.2,14.2,7.0,3034,0,1,0,0,1,37.752716,-32.01812,21.675291,-7.2549376,-130.90576,2640
14,176,13,54,54,40,7,168,0,0,19.0,19.9,19.0,19.9,26.0,3348,1,0,0,0,1,42.144413,-35.3024,24.762947,-7.7752366,-147.23242,3348
15,391,208,26,81,25,0,38,302,0,1.7,2.0,2.1,2.4,7.0,814,1,0,0,0,1,18.415396,-11.714512,10.71426,-1.3731635,-58.593506,676
16,263,65,45,101,42,10,176,87,0,3.5,3.5,3.5,3.5,3.0,911,1,0,0,0,1,12.16365,-9.905043,7.2572026,-2.2098517,-42.0845,911
17,42,12,15,3,7,15,52,0,0,59.4,48.0,59.4,48.0,6.4,2496,1,0,0,0,1,33.434135,-27.923725,19.677025,-6.1583314,-116.6839,2496
18,190,98,20,16,63,5,160,42,0,6.2,5.8,6.2,5.8,10.0,1171,1,0,0,0,1,14.046052,-11.499665,8.356336,-2.5592854,-48.68642,1171
19,245,105,28,18,58,0,19,190,0,14.4,16.9,14.4,16.9,13.0,3532,1,0,0,0,1,49.32324,-41.383736,28.954662,-9.107851,-172.40984,3532
20,77,28,0,42,0,0,0,70,0,5.7,6.2,6.8,7.5,1.0,525,1,0,0,0,1,8.544979,-6.8395877,5.144263,-1.5381107,-29.39318,436
21,355,278,0,73,0,0,0,351,0,2.6,2.6,3.1,3.1,4.0,1095,1,0,0,0,1,21.63743,-17.930487,12.788936,-3.968486,-75.310745,909
22,3156,2075,525,97,0,0,28,12,2657,2.9,3.4,3.5,4.1,6.0,10957,1,0,0,0,1,149.62958,-138.72401,105.932526,-34.052536,-539.94836,9094
23,46,0,28,0,25,0,28,25,0,7.5,6.5,7.5,6.5,6.0,344,1,0,0,0,1,5.1821012,-3.990821,3.1806817,-0.9138537,-17.59896,344
24,56,14,12,15,7,5,53,0,0,5.3,5.6,5.3,5.6,3.0,296,0,0,0,1,1,3.7705348,-2.7039058,2.3428464,-0.6374195,-12.544345,296
25,106,65,4,12,14,0,35,53,7,33.0,36.9,39.8,44.4,13.0,4220,1,0,0,0,1,54.634834,-48.720207,28.614258,-12.019365,-184.7823,3503
26,71,31,28,9,7,0,31,23,21,3.5,3.3,4.2,3.9,1.0,296,1,0,0,0,1,4.596478,-3.494727,2.838737,-0.8051438,-15.5450735,246
27,306,51,105,0,105,45,306,0,0,6.8,6.8,6.8,6.8,24.0,2082,0,1,0,0,1,23.873373,-19.8246,14.0945,-4.3835497,-83.15259,2082
28,244,68,78,22,62,14,244,0,0,0.8,0.8,0.8,0.8,7.0,191,0,0,0,1,1,5.6160426,2.3358133,4.9931293,6.4925156,-10.633908,191
29,98,21,46,3,44,0,114,0,0,30.3,26.1,36.6,31.4,15.0,3583,1,0,0,0,1,44.658142,-40.076435,23.014969,-10.038141,-150.16872,2974
30,331,100,44,61,107,0,312,0,0,1.0,1.1,1.2,1.3,2.0,395,1,0,0,0,1,7.126467,6.4113007,1.1991831,1.222398,-13.530482,328
31,101,16,5,39,52,0,112,0,0,4.0,3.6,4.0,3.6,8.0,406,1,0,0,0,1,4.156491,-2.8058832,2.5363054,-0.67130417,-13.61382,406
32,192,9,102,0,10,77,198,0,0,9.3,9.0,11.2,10.9,8.0,2151,1,0,0,0,1,26.645908,-22.767555,15.000086,-5.300203,-91.61674,1785
33,60,39,4,0,14,10,39,22,6,7.9,7.0,7.9,7.0,8.0,471,0,1,0,0,1,6.7315574,-5.303399,4.0854087,-1.201482,-23.033182,471
34,180,74,18,33,57,0,153,29,0,3.9,3.8,3.9,3.8,5.0,700,0,1,0,0,1,8.06611,-5.90779,4.788482,-1.3629162,-27.07412,700
35,118,43,71,7,0,0,38,83,0,4.9,4.8,5.9,5.8,2.0,698,1,0,0,0,1,11.168968,-9.062426,6.6764083,-2.0252066,-38.59598,579
36,73,43,10,4,15,0,6,66,0,16.6,16.8,20.0,20.3,3.0,1459,1,0,0,0,1,20.147701,-16.845379,11.706784,-3.8115876,-69.71108,1211
37,143,63,0,27,45,0,14,121,0,8.0,8.4,9.6,10.2,4.0,1372,1,0,0,0,1,19.44707,-16.074984,11.509984,-3.561886,-67.62875,1139
38,2190,706,648,236,235,0,1825,0,0,6.6,8.0,7.6,9.1,19.0,16690,0,1,0,0,1,185.55551,-156.78902,108.50059,-34.3969,-650.2008,14520
39,9,0,10,0,0,0,5,5,0,26.6,23.9,26.6,23.9,2.0,239,1,0,0,0,1,3.8236344,-4.081165,2.6332455,-0.99183995,-13.530326,239
40,203,21,167,3,10,0,201,0,0,6.2,6.3,7.5,7.6,5.0,1520,1,0,0,0,1,18.267735,-15.075943,10.821373,-3.3429644,-63.49262,1262
41,162,64,36,9,28,20,157,0,0,10.8,11.2,10.8,11.2,8.0,1754,1,0,0,0,1,21.481821,-17.798666,12.698074,-3.9396007,-74.765,1754
42,183,60,21,29,71,0,181,0,0,8.3,8.4,10.0,10.1,6.0,1824,1,0,0,0,1,20.265406,-16.937496,11.784626,-3.8282988,-70.13999,1514
43,59,36,21,0,0,0,6,51,0,11.3,11.7,13.6,14.1,8.0,804,1,0,0,0,1,11.934362,-9.710808,7.123322,-2.167288,-41.28035,667
44,412,198,14,99,91,10,412,0,0,14.2,14.2,14.2,14.2,20.0,5864,1,0,0,0,1,70.399315,-59.237732,41.260967,-13.020245,-246.32742,5864
45,348,198,14,33,77,0,10,312,0,2.8,3.0,3.4,3.6,3.0,1172,1,0,0,0,1,20.623438,-17.071512,12.196863,-3.780257,-71.754486,973
46,2529,554,513,66,703,220,2056,0,0,2.1,2.6,2.1,2.6,13.0,5333,0,1,0,0,1,46.541603,-23.379465,23.183203,-5.8722873,-144.69229,5333
47,250,28,92,57,0,30,164,43,0,7.1,8.6,7.1,8.6,8.0,1775,0,1,0,0,1,23.450151,-19.46608,13.847382,-4.304986,-81.668274,1775
48,206,0,199,0,0,5,100,104,0,1.0,1.0,1.2,1.2,5.0,246,1,0,0,0,1,5.084413,-5.9904475,3.3435168,0.6440607,-20.97615,204
49,617,184,136,103,133,0,377,179,0,5.1,5.7,6.1,6.8,7.0,3793,1,0,0,0,1,45.890568,-38.47584,26.950327,-8.470639,-160.37085,3148
50,173,0,78,10,17,72,177,0,0,50.4,49.2,60.7,59.3,12.0,10501,1,0,0,0,1,133.98854,-122.445465,64.91088,-31.752811,-445.32153,8716
51,286,45,156,27,37,0,265,0,0,5.1,5.5,5.1,5.5,6.0,1464,1,0,0,0,1,17.0451,-14.040224,10.107477,-3.1160033,-59.204617,1464
52,52,13,17,6,10,5,20,16,15,26.1,26.6,31.5,32.1,2.0,1636,1,0,0,0,1,21.950254,-19.104195,11.873596,-4.642528,-74.43351,1358
53,45,6,28,0,0,25,59,0,0,6.2,4.8,6.2,4.8,7.0,281,0,1,0,0,1,4.294236,-3.1132743,2.6436625,-0.72902864,-14.339585,281
54,104,30,7,48,15,0,0,100,0,22.3,23.2,26.9,28.0,5.0,2796,1,0,0,0,1,38.057743,-33.075703,20.893902,-7.8521867,-130.27988,2321
55,465,234,44,104,118,0,431,15,54,8.7,8.1,10.5,9.8,13.0,4884,1,0,0,0,1,55.76845,-46.843613,32.71802,-10.304293,-195.01437,4054
56,2145,862,63,491,518,300,2234,0,0,1.1,1.1,1.1,1.1,84.0,2400,0,0,0,1,1,50.27775,42.10805,3.1533446,16.278429,-105.78492,2400
57,283,20,125,39,91,17,292,0,0,20.0,19.3,20.0,19.3,13.0,5650,1,0,0,0,1,70.45576,-59.285545,41.293922,-13.030718,-246.52536,5650
58,109,0,84,0,17,5,47,59,0,14.0,14.4,16.9,17.3,2.0,1837,1,0,0,0,1,24.926697,-20.988058,14.384065,-4.7625003,-86.27203,1525
59,160,0,21,72,25,40,74,68,16,3.0,3.0,3.6,3.6,2.0,575,1,0,0,0,1,9.023025,-7.24455,5.423394,-1.6268506,-31.06977,477
60,65,0,64,0,0,0,54,10,0,7.7,7.9,9.3,9.5,2.0,606,1,0,0,0,1,8.352458,-6.676499,5.031851,-1.5023727,-28.717972,503
61,366,160,27,96,72,0,260,84,11,23.1,23.9,27.9,28.7,10.0,10205,1,0,0,0,1,126.44167,-113.216995,66.0949,-27.837936,-428.5496,8470
62,63,18,10,3,28,0,16,43,0,12.3,13.2,14.9,15.9,3.0,937,1,0,0,0,1,12.915814,-10.590684,7.6382203,-2.3822596,-44.619755,778
63,309,126,13,59,153,30,381,0,0,8.4,6.8,8.4,6.8,7.5,2597,0,0,0,1,1,28.69007,-23.904926,16.906965,-5.277681,-100.04561,2597
64,610,137,174,117,147,0,575,0,0,1.6,1.7,1.6,1.7,3.0,950,1,0,0,0,1,12.482533,6.9902797,3.6054258,1.9463062,-28.736235,950
65,562,165,125,93,119,0,502,0,0,10.2,11.4,10.2,11.4,13.0,5727,0,0,1,0,1,67.55381,-56.827244,39.599472,-12.492025,-236.34772,5727
66,156,21,38,39,7,41,146,0,0,13.1,14.0,15.8,16.8,4.0,2458,1,0,0,0,1,30.477474,-26.720692,16.377157,-6.4919143,-103.48154,2040
67,75,30,5,19,21,0,40,35,0,49.0,49.0,59.1,59.1,8.0,4430,1,0,0,0,1,57.552395,-51.90345,29.44211,-13.031509,-193.43945,3677
68,136,42,64,0,21,0,0,127,0,4.2,4.5,5.1,5.4,2.0,687,1,0,0,0,1,12.179793,-9.918718,7.2666287,-2.212848,-42.141125,570
69,96,13,56,0,10,40,119,0,0,12.7,10.3,47.2,38.1,8.0,4530,0,1,0,0,1,-59.94726,-68.47105,-111.75376,48.89496,28.208202,1223
70,78,24,24,9,21,0,78,0,0,12.5,12.5,13.9,13.9,4.0,1084,1,0,0,0,1,13.51398,-11.048936,8.045659,-2.4605162,-46.820354,976
71,51,42,0,14,0,0,20,36,0,7.6,6.9,9.1,8.3,12.0,466,1,0,0,0,1,7.2368884,-5.7314754,4.3804703,-1.2952874,-24.805468,387
72,1092,356,84,170,669,21,1300,0,0,4.0,3.4,4.9,4.1,13.0,5320,1,0,0,0,1,44.512943,-37.8935,27.02011,-8.538782,-156.2619,4416
73,134,42,11,32,35,14,134,0,0,2.1,2.1,2.6,2.6,8.0,345,1,0,0,0,1,4.210028,-1.4373604,2.2210822,-0.48330325,-12.087955,286
74,75,24,9,0,36,0,0,69,0,4.1,4.4,4.9,5.3,5.0,367,1,0,0,0,1,6.3487806,-4.9791403,3.8619046,-1.1304264,-21.690714,305
75,88,18,20,0,43,0,36,45,0,1.5,1.6,1.8,1.9,7.0,155,1,0,0,0,1,3.5193756,-2.007453,3.460053,0.58946794,-11.24325,129
76,3088,1061,1009,772,241,5,544,2544,0,1.4,1.4,1.4,1.4,8.0,4266,1,0,0,0,1,147.60867,-71.39388,88.1875,15.11224,-443.04398,4266
77,82,25,46,0,14,15,100,0,0,5.4,4.4,5.4,4.4,3.0,440,1,0,0,0,1,6.1500373,-4.089499,3.6425686,-0.9737721,-20.098885,440
78,110,30,66,0,7,0,18,85,0,12.4,13.2,12.4,13.2,2.0,1362,1,0,0,0,1,20.529095,-16.99159,12.141779,-3.7627447,-71.423615,1362
79,308,153,83,0,112,10,236,122,0,8.2,7.1,8.2,7.1,6.0,2533,0,1,0,0,1,32.938,-27.503445,19.38733,-6.066234,-114.94388,2533
80,143,75,32,3,62,0,172,0,0,1.6,1.3,1.6,1.3,10.0,225,1,0,0,0,1,5.6256623,1.5160156,7.0249906,1.0358479,-13.888273,225
81,826,292,326,155,32,0,396,139,270,13.4,13.7,13.4,13.7,13.0,11045,1,0,0,0,1,146.2356,-123.48027,85.5417,-27.097866,-512.2988,11045
82,3460,484,1831,318,208,142,2756,227,0,9.5,11.0,9.5,11.0,24.0,32760,0,0,0,1,1,405.40268,-343.02637,236.86923,-75.20754,-1421.2443,32760
83,73,15,32,0,28,5,80,0,0,28.1,25.7,33.9,30.9,8.0,2475,1,0,0,0,1,31.446589,-28.001488,16.376287,-6.985502,-105.80786,2054
84,64,4,56,0,7,0,11,56,0,3.9,3.8,3.9,3.8,7.0,252,1,0,0,0,1,5.6017256,-4.3462944,3.4256997,-0.9917492,-19.07066,252
85,497,122,28,113,273,10,454,92,0,4.8,4.3,4.8,4.3,8.0,2362,0,1,0,0,1,25.260954,-21.00005,14.904707,-4.641129,-88.01909,2362
86,288,201,0,36,76,0,99,214,0,8.5,7.9,10.3,9.5,5.0,2963,1,0,0,0,1,40.07526,-33.549564,23.554775,-7.3911357,-139.97551,2459
87,494,134,62,140,91,67,494,0,0,17.6,17.6,17.6,17.6,21.0,8706,1,0,0,0,1,107.52233,-90.68544,62.937057,-19.91146,-376.5245,8706
88,130,60,65,0,0,0,14,111,0,5.9,6.2,5.9,6.2,6.0,770,1,0,0,0,1,13.549028,-11.078626,8.066124,-2.4670227,-46.94327,770
89,204,47,43,6,29,104,229,0,0,39.8,35.4,39.8,35.4,36.0,8111,1,0,0,0,1,104.73501,-88.324234,61.30955,-19.394043,-366.74887,8111
90,17,12,5,0,0,0,17,0,0,44.8,44.8,44.8,44.8,11.0,762,1,0,0,0,1,11.650092,-9.491363,7.291004,-2.0285606,-39.79927,762
91,60,10,25,0,31,5,71,0,0,2.3,1.9,2.7,2.3,1.0,164,1,0,0,0,1,2.678366,-1.4054149,4.379576,0.41839916,-9.186324,136
92,73,0,20,36,10,0,56,10,0,4.9,5.4,5.9,6.5,1.0,431,1,0,0,0,1,5.779847,-4.4971843,3.5297046,-1.0248141,-19.695362,358
93,169,32,14,25,28,70,169,0,0,2.8,2.8,3.4,3.4,6.0,580,1,0,0,0,1,6.5749254,-5.097773,3.9830074,-1.1609352,-22.401302,481
94,1351,379,449,271,219,20,1173,29,136,2.4,2.4,2.8,2.9,8.0,3842,1,0,0,0,1,37.736633,-31.56847,22.18925,-6.9570117,-131.77353,3189
95,2087,862,444,303,437,0,2046,0,0,10.8,11.0,10.8,11.0,9.0,22500,0,0,0,1,1,262.99454,-222.38931,153.71715,-48.77206,-921.79346,22500
96,253,72,0,107,29,44,252,0,0,46.3,46.3,49.8,49.8,13.0,12601,1,0,0,0,1,158.92714,-137.26082,89.31633,-31.502888,-550.3895,11719
97,102,37,26,10,29,0,102,0,0,1.8,1.8,2.4,2.4,5.0,244,1,0,0,0,1,3.805113,-1.5282009,5.715098,0.295479,-12.178052,183
98,115,49,39,0,15,0,53,50,0,12.9,14.4,15.5,17.3,5.0,1786,1,0,0,0,1,23.632975,-19.815002,13.721223,-4.4701796,-81.89817,1482
99,288,18,186,21,15,60,300,0,0,4.3,4.2,4.3,4.2,11.0,1251,0,1,0,0,1,15.741023,-12.935513,9.346029,-2.8739264,-54.630993,1251
100,199,104,7,77,0,0,0,188,0,4.7,5.0,5.7,6.0,8.0,1136,1,0,0,0,1,19.22727,-15.888786,11.381646,-3.5210855,-66.85788,943
101,163,49,14,33,49,10,155,0,0,16.5,17.3,19.8,20.9,11.0,3234,1,0,0,0,1,39.266895,-34.821712,20.710087,-8.569036,-132.83493,2684
102,97,21,41,0,49,15,16,100,10,7.5,5.8,7.5,5.8,9.0,729,0,1,0,0,1,12.639182,-10.307877,7.534866,-2.2981255,-43.75228,729
103,439,82,222,19,85,10,105,313,0,8.3,8.7,8.3,8.7,7.0,3630,1,0,0,0,1,54.23613,-45.54554,31.82329,-10.019844,-189.64023,3630
104,3113,2019,609,248,157,80,3113,0,0,10.9,10.9,13.5,13.5,24.0,42080,1,0,0,0,1,483.3118,-421.2994,267.62732,-97.97277,-1668.4681,34085
105,153,35,7,57,24,20,143,0,0,18.7,20.0,21.5,23.0,3.0,3283,0,1,0,0,1,40.681328,-35.40273,22.299707,-8.410031,-139.25552,2856
106,670,346,97,122,79,0,146,498,0,8.6,8.9,10.4,10.8,6.0,6936,1,0,0,0,1,95.37102,-80.3918,55.841927,-17.655788,-333.90768,5757
107,129,19,93,3,10,30,0,155,0,4.9,4.1,4.9,4.1,15.0,631,0,1,0,0,1,13.91138,-11.385581,8.2777,-2.5342863,-48.214104,631
108,329,324,68,14,0,0,206,73,127,6.6,5.4,6.6,5.4,8.0,2184,0,1,0,0,1,30.50684,-25.044525,17.907845,-5.552115,-105.96533,2184
109,5684,2221,454,820,1137,311,4943,0,0,3.7,4.3,3.7,4.3,37.0,21014,1,0,0,0,1,215.94936,-151.70189,120.26431,-34.560726,-719.8096,21014
110,61,27,4,24,17,0,72,0,0,6.8,5.8,8.2,7.0,4.0,502,1,0,0,0,1,6.267254,-4.866214,3.8077202,-1.1083944,-21.355145,417
111,267,27,133,51,34,89,70,178,86,10.0,8.0,10.0,8.0,9.0,2683,0,1,0,0,1,42.063828,-35.234127,24.715895,-7.7602773,-146.9498,2683
112,218,78,16,56,77,0,227,0,0,25.4,24.4,30.6,29.4,4.0,6665,1,0,0,0,1,81.22744,-73.29482,41.64361,-18.347025,-273.44434,5532
113,919,458,236,56,58,76,884,0,0,5.2,5.4,6.3,6.6,6.0,5801,1,0,0,0,1,63.209255,-53.146877,37.062695,-11.685537,-221.1106,4815
114,66,27,12,6,14,0,28,31,0,3.7,4.2,4.5,5.0,2.0,296,1,0,0,0,1,4.9223385,-4.049686,4.3777666,-0.5937782,-17.643991,246
115,54,36,0,16,0,0,0,52,0,12.7,13.2,15.3,15.9,1.0,827,1,0,0,0,1,12.505804,-10.194888,7.456985,-2.2733662,-43.284496,686
116,245,88,105,27,79,0,299,0,0,1.9,1.6,3.6,2.9,13.0,870,1,0,0,0,1,3.9832587,-9.096445,3.2635903,-0.7578512,-19.722183,470
117,54,24,28,0,0,0,0,52,0,7.3,7.6,8.8,9.2,2.0,476,1,0,0,0,1,8.263714,-6.601322,4.9800334,-1.485899,-28.406727,395
118,151,40,54,15,21,0,111,19,0,7.2,8.3,8.2,9.5,3.0,1241,0,1,0,0,1,15.576011,-12.795727,9.249679,-2.843294,-54.052265,1080
119,103,45,4,27,29,0,105,0,0,13.6,13.3,13.6,13.3,7.0,1396,0,1,0,0,1,17.566599,-14.4819975,10.41198,-3.2128103,-61.03361,1396
120,300,95,82,27,76,0,138,142,0,9.8,10.5,9.8,10.5,10.0,2933,1,0,0,0,1,39.914516,-33.413403,23.460913,-7.361296,-139.41174,2933
121,249,126,4,98,21,0,58,191,0,18.3,18.3,18.3,18.3,9.0,4551,1,0,0,0,1,63.30037,-53.22406,37.115894,-11.702454,-221.43013,4551
122,224,156,21,0,29,10,6,210,0,13.4,13.9,16.1,16.7,4.0,3613,1,0,0,0,1,49.993927,-41.95188,29.34627,-9.232353,-174.76205,2999
123,1984,255,1008,192,158,0,1613,0,0,1.3,1.6,1.3,1.6,11.0,2540,0,1,0,0,1,37.607117,8.630749,25.39091,23.9155,-82.635345,2540
124,58,15,37,0,0,5,0,57,0,0.4,0.5,0.5,0.5,2.0,31,1,0,0,0,1,3.9495037,-7.516505,10.948607,2.979868,-15.416295,26
125,56,50,0,3,0,0,0,53,0,8.0,8.5,9.6,10.2,2.0,540,1,0,0,0,1,8.844352,-7.093192,5.319067,-1.593684,-30.44313,448
126,244,91,12,44,60,50,257,0,0,3.7,3.5,4.5,4.2,3.0,1092,1,0,0,0,1,11.496057,-9.097736,6.8311195,-2.0479035,-39.46953,906
127,12,0,0,6,7,0,10,3,0,17.6,16.2,17.6,16.2,13.0,211,0,1,0,0,1,4.7705493,-4.256762,7.805139,0.3443331,-17.48835,211
128,1416,402,432,0,252,65,376,775,0,1.2,1.5,1.2,1.5,12.0,1724,0,1,0,0,1,49.606407,-22.160294,28.698719,9.189026,-140.56746,1724
129,67,3,26,0,7,35,71,0,0,23.6,22.3,27.2,25.6,5.0,1821,0,1,0,0,1,24.114883,-20.90364,13.182289,-5.02053,-82.12198,1584
130,95,36,0,32,24,0,0,92,0,1.6,1.6,1.9,1.9,7.0,178,1,0,0,0,1,5.9530635,-5.4302883,8.349419,1.6328428,-22.2556,148
131,2376,638,233,639,580,131,2221,0,0,10.7,11.5,12.9,13.8,24.0,30701,1,0,0,0,1,350.62787,-308.7889,190.26439,-73.27119,-1203.2098,25482
132,442,225,102,57,91,0,82,393,0,1.5,1.4,1.5,1.4,5.0,683,1,0,0,0,1,22.19358,-12.429625,13.073767,1.4333189,-66.785866,683
133,68,21,12,19,15,0,11,56,0,37.1,37.6,44.7,45.3,4.0,3037,1,0,0,0,1,40.94747,-36.28437,21.645111,-8.907291,-138.65004,2521
134,268,76,96,45,41,10,248,20,0,10.9,10.9,10.9,10.9,9.0,2933,0,1,0,0,1,36.86094,-30.826649,21.677933,-6.794456,-128.70233,2933
135,90,96,0,0,0,0,96,0,0,5.5,5.1,6.6,6.2,2.0,595,1,0,0,0,1,8.768612,-4.722508,5.8464966,-1.2453914,-27.523237,494
136,72,23,25,7,17,0,55,17,0,6.8,6.8,6.8,6.8,7.0,486,1,0,0,0,1,7.3449574,-5.396008,4.3815913,-1.2455118,-24.667953,486
137,505,111,127,18,216,0,472,0,0,9.8,10.5,9.8,10.5,30.0,4955,1,0,0,0,1,57.392303,-48.219208,33.666187,-10.60573,-200.7095,4955
138,450,112,145,59,105,0,356,58,7,13.6,14.6,13.6,14.6,7.0,6138,1,0,0,0,1,76.936485,-64.7755,45.07801,-14.2337475,-269.25443,6138
139,230,129,38,46,57,0,230,40,0,6.3,5.4,7.6,6.5,10.0,1748,1,0,0,0,1,20.755417,-17.18331,12.273927,-3.8047564,-72.217354,1451
140,242,97,78,4,43,0,0,222,0,1.3,1.4,1.5,1.7,2.0,375,1,0,0,0,1,12.847134,-8.40439,9.402282,0.7153873,-41.077637,311
141,106,21,76,6,0,0,7,96,0,23.1,23.7,27.8,28.6,2.0,2946,1,0,0,0,1,40.827644,-35.238037,22.732471,-8.241792,-140.38632,2445
142,31,10,14,0,7,0,4,27,0,7.6,7.6,7.6,7.6,6.0,237,1,0,0,0,1,5.348196,-4.4016757,6.341644,-0.084156334,-19.801857,237
143,1186,422,306,109,168,230,1235,0,0,3.1,3.0,3.1,3.0,9.0,3711,0,0,1,0,1,43.743294,-25.978262,23.27303,-6.1791625,-140.01973,3711
144,256,69,198,0,0,5,272,0,0,11.5,10.8,11.5,10.8,19.0,2941,0,1,0,0,1,37.808853,-31.629648,22.231419,-6.9704185,-132.02682,2941
145,191,44,60,15,49,25,159,34,0,12.7,12.6,12.7,12.6,11.0,2430,0,1,0,0,1,31.625614,-26.391687,18.621029,-5.8226113,-110.34109,2430
146,213,102,63,6,28,0,186,13,0,11.9,12.7,14.3,15.3,10.0,3051,1,0,0,0,1,37.082485,-31.685854,21.001274,-7.2898164,-128.05595,2532
147,4562,1098,1278,498,1059,0,3933,0,0,5.8,6.7,5.8,6.7,15.0,26408,1,0,0,0,1,285.51035,-241.46294,166.86412,-52.951702,-1000.76044,26408
148,141,44,33,44,17,0,5,133,0,8.8,9.0,10.6,10.9,2.0,1499,1,0,0,0,1,22.748665,-18.871834,13.437783,-4.1747675,-79.20804,1244
149,187,23,65,17,91,5,201,0,0,3.0,2.8,3.6,3.4,6.0,677,1,0,0,0,1,6.7544537,-5.125041,4.0693536,-1.1743138,-22.885738,562
150,128,45,0,68,0,15,128,0,0,25.8,25.8,56.1,56.1,10.0,7180,1,0,0,0,1,-24.375109,-114.084625,-58.21202,29.002289,-96.07396,3303
151,194,70,16,0,45,47,46,132,0,2.6,2.8,3.6,3.9,12.0,703,1,0,0,0,1,11.624828,-9.832939,7.039405,-2.09382,-40.683086,499
152,869,288,300,116,230,0,934,0,0,2.4,2.2,2.4,2.2,6.0,2078,0,0,1,0,1,23.946272,-6.7886534,11.405924,-3.3557327,-68.73357,2078
153,125,51,9,33,22,0,20,84,11,18.6,20.2,22.4,24.4,3.0,2802,1,0,0,0,1,37.765156,-32.623516,20.968569,-7.659616,-129.6885,2326
154,477,235,117,89,46,10,172,218,107,5.7,5.5,5.7,5.5,6.0,2741,1,0,0,0,1,40.9891,-34.323708,24.088364,-7.5607743,-143.18053,2741
155,717,716,13,10,24,0,51,712,0,4.9,4.6,6.0,5.6,5.0,4272,1,0,0,0,1,68.44898,-57.58556,40.122166,-12.658207,-239.48726,3546
156,25,0,28,0,0,0,0,28,0,5.6,5.0,5.6,5.0,3.0,140,1,0,0,0,1,5.089371,-6.17451,10.273855,-0.1586917,-18.084703,140
157,73,9,61,3,0,0,73,0,0,19.2,19.2,19.2,19.2,8.0,1404,1,0,0,0,1,19.273682,-15.928101,11.408743,-3.5297,-67.020645,1404
158,100,61,0,0,0,42,28,75,0,9.3,9.0,11.2,10.9,12.0,1119,1,0,0,0,1,16.95986,-13.968016,10.057706,-3.1001813,-58.905666,929
159,273,103,183,15,17,0,318,0,0,1.9,1.7,1.9,1.7,5.0,528,0,0,1,0,1,9.92508,-1.1991953,8.793236,0.48478454,-28.321533,528
160,587,108,119,94,203,0,524,0,0,6.4,7.2,6.4,7.2,15.0,3748,0,0,1,0,1,41.24066,-34.5368,24.23525,-7.607473,-144.06277,3748
161,1437,920,154,41,203,0,1318,0,0,3.4,3.7,3.4,3.7,18.0,4900,0,0,0,1,1,59.93225,-24.28742,28.764254,-7.663605,-178.2839,4900
162,97,3,101,3,0,7,108,6,0,19.1,16.3,19.1,16.3,12.0,1853,0,1,0,0,1,25.377935,-21.099148,14.973012,-4.6628423,-88.42937,1853
163,224,110,25,6,49,5,195,0,0,12.9,14.8,14.8,17.0,13.0,3322,0,1,0,0,1,39.813858,-33.717224,22.935118,-7.605806,-138.23401,2890
164,321,168,46,9,77,15,315,0,0,3.4,3.4,3.4,3.4,11.0,1076,0,0,0,1,1,14.241184,-5.338904,6.9662995,-1.8029783,-41.76385,1076
165,99,6,4,19,59,10,98,0,0,24.1,24.4,29.1,29.3,4.0,2876,1,0,0,0,1,35.974567,-32.377808,18.357557,-8.170718,-120.57109,2387
166,416,179,40,54,109,7,318,65,6,3.8,4.1,4.6,4.9,6.0,1911,1,0,0,0,1,21.152346,-17.51956,12.505696,-3.8784392,-73.60947,1586
167,71,21,21,4,14,5,25,40,0,14.0,15.3,16.9,18.5,4.0,1201,1,0,0,0,1,16.951225,-14.169952,9.801508,-3.2401202,-58.431858,997
168,120,60,48,12,0,0,12,108,0,1.8,1.8,1.8,1.8,5.0,212,1,0,0,0,1,7.8588853,-7.3843107,11.931178,1.6890211,-30.111025,212
169,213,72,43,3,84,30,132,97,3,6.0,5.5,6.0,5.5,12.0,1278,0,1,0,0,1,18.109606,-14.94199,10.729043,-3.3136103,-62.938038,1278
170,1634,625,387,223,399,0,1634,0,0,4.3,4.3,4.3,4.3,12.0,7060,0,1,0,0,1,74.783356,-55.836403,42.680676,-12.633053,-253.05505,7060
171,275,184,11,48,7,0,7,243,0,2.6,2.8,2.6,2.8,9.0,702,1,0,0,0,1,15.896222,-12.274504,9.528523,-2.4125512,-53.863255,702
172,458,202,66,75,115,0,458,0,0,2.0,2.0,2.0,2.0,16.0,903,1,0,0,0,1,12.14059,4.7385287,3.52945,-1.4733899,-30.701218,903
173,218,28,118,44,0,10,91,109,0,31.0,33.8,37.4,40.8,8.0,8151,1,0,0,0,1,106.14677,-95.045815,55.430466,-23.406467,-359.51773,6765
174,498,107,132,7,77,122,445,0,0,16.5,18.5,16.5,18.5,19.0,8227,0,0,1,0,1,103.00275,-86.856804,60.298073,-19.072475,-360.6735,8227
175,143,54,65,0,14,0,11,122,0,2.3,2.5,2.8,3.0,4.0,402,1,0,0,0,1,9.410734,-8.045938,8.298487,-1.1206033,-34.142406,334
176,722,163,0,202,237,20,622,0,0,5.8,6.7,5.8,6.7,9.0,4164,1,0,0,0,1,44.03845,-36.90687,25.86887,-8.126832,-153.87512,4164
177,236,27,192,12,37,0,268,0,0,29.0,25.5,29.0,25.5,15.0,6844,0,1,0,0,1,88.1034,-74.23523,51.598366,-16.306686,-308.4188,6844
178,239,39,70,18,62,55,244,0,0,6.9,6.8,6.9,6.8,10.0,1661,0,1,0,0,1,20.299501,-16.797098,12.007719,-3.720124,-70.618385,1661
179,1882,711,589,218,442,0,1960,0,0,3.2,3.1,3.2,3.1,10.0,6068,0,1,0,0,1,66.740425,-37.475292,34.67651,-9.076521,-211.04443,6068
180,291,188,29,0,69,37,323,0,0,20.8,18.8,22.4,20.2,14.0,6519,0,1,0,0,1,79.92646,-67.30838,46.82385,-14.78879,-279.74084,6063
181,328,124,71,61,66,0,322,0,0,2.0,2.1,2.0,2.1,13.0,665,1,0,0,0,1,9.955792,0.5402004,5.955729,-1.4324358,-26.933714,665
182,264,126,7,50,84,0,267,0,0,2.1,2.0,2.1,2.0,6.0,544,1,0,0,0,1,8.905932,1.314758,7.952645,-1.1406753,-24.2081,544
183,270,54,42,53,91,30,270,0,0,3.3,3.3,3.3,3.3,6.0,893,1,0,0,0,1,10.78296,-5.9737706,5.8471723,-1.4657073,-33.909477,893
184,32,0,7,12,0,10,29,0,0,11.0,12.1,11.0,12.1,2.5,352,1,0,0,0,1,7.144162,-4.75075,7.34092,-0.47890908,-23.693,352
185,1382,353,245,7,581,253,1439,0,0,2.4,2.3,2.4,2.3,8.0,3344,0,0,0,1,1,30.845442,-15.305163,15.581146,-3.8822472,-95.01605,3344
186,98,45,5,19,28,0,94,3,0,4.1,4.2,5.0,5.0,1.0,487,1,0,0,0,1,7.532187,-4.358309,7.1067376,-0.75756747,-24.375256,404
187,289,3,100,0,66,145,314,0,0,19.8,18.3,19.8,18.3,8.0,5732,0,1,0,0,1,73.46104,-61.831383,43.048706,-13.588604,-257.06546,5732
188,1059,299,234,144,217,60,954,0,0,21.6,24.0,24.9,27.6,17.0,26345,0,1,0,0,1,319.2068,-281.503,172.70721,-66.98859,-1094.3433,22920
189,724,331,12,189,164,0,530,142,24,13.0,13.5,15.7,16.3,9.0,11336,1,0,0,0,1,136.72763,-119.2744,75.37073,-27.936115,-470.79532,9409
190,40,10,22,0,17,0,49,0,0,7.1,5.8,7.1,5.8,4.0,285,0,0,0,1,1,6.6851954,-4.0250564,9.716931,0.347647,-21.899796,285
191,128,72,18,24,7,0,4,117,0,10.1,10.7,12.2,12.9,3.0,1558,1,0,0,0,1,23.253614,-19.29959,13.732622,-4.2685027,-80.97899,1293
192,1248,249,262,146,423,15,1095,0,0,12.2,13.8,12.2,13.8,12.0,15165,0,0,0,1,1,178.93219,-151.17825,104.63322,-33.167416,-626.9717,15165
193,387,109,118,67,90,7,391,0,0,8.5,8.4,10.2,10.1,17.0,3960,1,0,0,0,1,45.736652,-38.506237,26.667479,-8.550824,-159.49025,3287
194,73,0,65,0,0,5,19,44,7,10.5,10.9,12.6,13.1,3.0,920,1,0,0,0,1,14.312018,-11.724972,8.511633,-2.6086562,-49.619213,764
195,151,22,0,68,47,0,32,105,0,14.5,16.0,17.5,19.3,3.0,2643,1,0,0,0,1,35.805435,-30.796219,20.024948,-7.1827464,-123.169785,2194
196,465,48,162,0,196,37,443,0,0,4.3,4.5,5.2,5.5,4.0,2427,1,0,0,0,1,25.012665,-20.78972,14.759733,-4.59504,-87.1483,2014
197,63,29,0,9,24,0,62,0,0,13.1,13.3,15.8,16.1,4.0,996,1,0,0,0,1,12.891265,-10.883715,7.247206,-2.5899832,-43.868458,827
198,226,88,70,19,28,0,92,106,7,11.1,12.2,11.1,12.2,10.0,2508,1,0,0,0,1,35.18906,-29.410364,20.701725,-6.484099,-122.838745,2508
199,115,76,11,28,0,0,10,105,0,1.7,1.7,1.7,1.7,1.5,201,1,0,0,0,1,8.766412,-8.717513,16.51148,3.1320477,-32.461395,201
200,189,39,112,3,28,0,0,182,0,3.0,3.1,3.0,3.1,15.0,563,0,1,0,0,1,13.86016,-10.625366,8.325266,-2.07067,-46.847202,563
201,55,52,0,6,0,0,58,0,0,9.7,9.2,11.7,11.1,11.0,643,1,0,0,0,1,9.88131,-6.9983397,7.608317,-1.6020267,-33.181324,534
202,85,12,44,0,24,0,12,68,0,12.2,13.0,14.7,15.7,4.0,1252,1,0,0,0,1,18.469698,-15.247032,10.939298,-3.3804557,-64.20094,1039
203,2143,219,657,3,485,437,1801,0,0,20.2,24.0,24.3,29.0,7.0,52172,1,0,0,0,1,632.3091,-574.69135,321.36478,-143.99516,-2129.8318,43303
204,520,181,160,9,55,25,430,0,0,6.0,7.3,6.0,7.3,8.0,3133,0,1,0,0,1,36.54988,-30.563143,21.496304,-6.736711,-127.611374,3133
205,113,25,34,16,27,0,38,64,0,15.9,17.7,18.3,20.3,3.0,2070,0,1,0,0,1,28.345095,-23.645973,16.66559,-5.236154,-98.76518,1801
206,264,85,17,26,133,0,157,98,6,10.0,10.1,12.0,12.2,6.0,3180,1,0,0,0,1,39.51697,-33.338066,22.914993,-7.464338,-137.46336,2639
207,349,162,24,18,112,30,342,4,0,6.8,6.8,6.8,6.8,4.0,2360,0,1,0,0,1,26.694557,-22.142534,15.730991,-4.8959365,-92.96557,2360
208,229,88,5,0,17,131,241,0,0,11.0,10.5,12.7,12.0,5.0,2897,0,1,0,0,1,36.15851,-30.839188,20.53852,-7.0750394,-124.95094,2520
209,172,88,40,4,30,7,169,0,0,10.4,10.6,10.4,10.6,5.0,1788,0,0,0,1,1,22.42132,-18.594532,13.246648,-4.114002,-78.05998,1788
210,323,108,57,53,74,31,323,0,0,3.8,3.8,3.8,3.8,13.0,1238,1,0,0,0,1,15.819343,-9.013507,8.504659,-2.1832287,-50.10249,1238
211,89,15,28,17,7,30,24,73,0,5.0,4.6,5.0,4.6,4.0,442,0,1,0,0,1,9.354783,-7.7720246,7.1800566,-1.5365059,-33.14335,442
212,878,113,404,161,133,17,828,0,0,3.8,4.1,4.3,4.5,5.0,3742,1,0,0,0,1,40.463253,-33.878242,23.781317,-7.463159,-141.33627,3368
213,220,81,50,51,42,0,224,0,0,1.3,1.3,1.3,1.3,3.0,281,0,0,1,0,1,11.745481,-0.67181164,16.95929,6.475439,-28.500347,281
214,150,125,4,20,0,0,6,143,0,4.6,4.6,5.5,5.6,3.0,828,1,0,0,0,1,14.727432,-12.113747,8.788294,-2.6955693,-51.02062,687
215,161,60,38,30,41,0,169,0,0,1.4,1.3,1.4,1.3,2.0,220,1,0,0,0,1,10.070874,-1.8534433,16.28165,6.17856,-26.085588,220
216,804,345,334,0,236,42,957,0,0,14.2,11.9,17.1,14.3,12.0,13720,1,0,0,0,1,161.28157,-140.89261,88.72597,-33.047417,-555.17664,11388
217,272,63,20,61,71,30,245,0,0,35.7,39.7,41.1,45.6,14.0,11172,0,1,0,0,1,139.38286,-124.43721,73.34811,-30.413315,-473.42953,9720
218,33,8,7,0,10,15,32,8,0,4.4,3.6,4.4,3.6,2.0,145,0,1,0,0,1,8.938266,-5.955677,18.627052,1.9289873,-24.3026,145
219,64,20,28,10,7,0,65,0,0,2.2,2.2,2.2,2.2,3.0,140,0,1,0,0,1,9.647723,-4.919749,18.422318,4.1792784,-24.370068,140
220,277,48,110,47,49,0,84,170,0,4.6,5.0,4.6,5.0,19.0,1265,0,1,0,0,1,20.989079,-17.381252,12.410363,-3.8481324,-73.03685,1265
221,322,78,100,67,54,0,179,106,14,16.3,17.5,19.6,21.1,13.0,6316,1,0,0,0,1,80.66865,-70.616295,44.0398,-16.739115,-276.6539,5242
222,164,52,56,18,7,20,110,43,0,17.0,18.2,17.0,18.2,11.0,2791,0,1,0,0,1,37.905754,-31.711739,22.287998,-6.9884048,-132.36668,2791
223,145,48,10,72,14,0,144,0,0,5.1,5.2,6.2,6.2,3.0,894,1,0,0,0,1,11.314635,-8.394685,6.6470356,-1.9223425,-38.14346,742
224,73,36,24,12,0,0,0,72,0,8.0,8.1,9.6,9.8,5.0,704,1,0,0,0,1,12.1173525,-9.865823,7.23017,-2.2012568,-41.92213,584
225,245,42,179,24,42,15,302,0,0,3.6,3.0,3.6,3.0,7.0,893,0,1,0,0,1,12.9999,-7.450858,7.0596185,-1.803663,-41.20753,893
226,406,209,36,125,20,0,102,288,0,13.9,14.5,16.7,17.4,7.0,6794,1,0,0,0,1,90.8386,-77.325386,52.267544,-17.337353,-316.37305,5639
227,98,35,0,41,20,0,28,68,0,56.5,57.6,68.0,69.4,5.0,6666,1,0,0,0,1,87.428444,-79.151085,44.526188,-19.879372,-293.9703,5533
228,83,44,10,3,25,0,15,63,4,4.9,5.0,6.0,6.0,3.0,494,1,0,0,0,1,8.961129,-8.457871,9.426382,-0.67332035,-33.930683,410
229,182,30,59,39,29,0,0,157,0,5.5,6.4,6.6,7.7,5.0,1206,1,0,0,0,1,20.006296,-16.548717,11.836518,-3.6656973,-69.59007,1001
230,820,460,98,199,175,0,685,212,35,3.1,2.7,3.1,2.7,11.0,2552,0,0,0,1,1,35.56308,-21.789566,19.186333,-5.132789,-114.63454,2552
231,545,116,226,131,72,0,79,466,0,16.0,16.0,16.0,16.0,11.0,8740,1,0,0,0,1,125.04966,-105.533226,73.17127,-23.165089,-437.996,8740
232,105,96,9,0,0,0,21,84,0,1.9,1.9,1.9,1.9,8.0,198,1,0,0,0,1,11.369673,-9.12595,23.089195,3.0145128,-35.880615,198
233,55,12,10,14,15,0,9,42,0,42.7,46.0,51.4,55.5,1.0,2828,1,0,0,0,1,38.744488,-34.402832,20.375242,-8.488315,-130.9433,2347
234,62,27,4,0,31,7,69,0,0,13.2,11.8,15.9,14.3,8.0,984,1,0,0,0,1,12.950416,-10.951073,7.2610364,-2.6126325,-44.03934,817
235,109,0,105,0,0,0,0,105,0,2.3,2.4,2.8,2.9,1.0,300,1,0,0,0,1,8.369842,-10.779492,11.9171,-0.60621506,-33.39368,249
236,436,27,334,15,0,60,436,0,0,17.8,17.8,17.8,17.8,15.0,7762,0,1,0,0,1,100.13731,-84.42941,58.624958,-18.540565,-350.62387,7762
237,179,60,44,6,38,40,188,0,0,4.3,4.1,5.2,5.0,4.0,935,1,0,0,0,1,11.662811,-8.705216,6.8524528,-1.9897075,-39.385715,776
238,1710,932,521,233,214,0,1900,0,0,7.7,6.9,7.7,6.9,21.0,13130,0,1,0,0,1,150.66722,-127.23439,88.12932,-27.92052,-527.8413,13130
239,128,49,15,25,31,0,120,0,0,12.8,13.7,14.8,15.8,2.0,1890,0,1,0,0,1,23.557121,-19.730392,13.701359,-4.4423356,-81.67528,1644
240,174,21,7,30,50,32,140,0,0,77.7,96.6,77.7,96.6,8.0,13528,0,0,0,1,1,175.24356,-148.05354,102.47943,-32.482662,-614.035,13528
241,70,28,4,15,21,0,39,29,0,8.8,9.1,10.6,10.9,5.0,743,1,0,0,0,1,10.827688,-8.772651,6.4738975,-1.9612,-37.4205,617
242,379,159,29,57,119,15,379,0,0,6.3,6.3,6.3,6.3,7.0,2391,1,0,0,0,1,27.273153,-21.652033,15.924339,-4.8457294,-93.84297,2391
243,258,12,16,230,0,0,26,232,0,2.3,2.3,2.3,2.3,5.0,605,0,1,0,0,1,16.193367,-12.098182,9.628645,-1.8978355,-53.585613,605
244,129,33,0,39,24,25,121,0,0,16.0,17.1,18.4,19.6,4.0,2372,0,1,0,0,1,30.131702,-25.965157,16.741714,-6.112804,-103.32333,2064
245,856,349,194,74,84,155,856,0,0,3.0,3.0,3.0,3.0,12.0,2551,0,1,0,0,1,33.400074,-15.934935,16.649275,-4.1011415,-102.11371,2551
246,127,56,14,10,39,0,25,94,0,13.1,14.0,15.8,16.9,7.0,2010,1,0,0,0,1,28.011456,-23.472126,16.340204,-5.247805,-97.36448,1668
247,381,119,107,9,28,65,137,191,0,4.8,5.5,4.8,5.5,19.0,1817,0,1,0,0,1,28.572378,-23.805225,16.838242,-5.255837,-99.63284,1817
248,234,117,19,93,0,5,231,3,0,21.8,21.8,21.8,21.8,10.0,5103,1,0,0,0,1,65.26362,-54.887165,38.262234,-12.066898,-228.31561,5103
249,215,58,62,46,51,0,82,135,0,13.2,13.1,15.9,15.7,8.0,3417,1,0,0,0,1,46.104286,-39.074814,26.57348,-8.793014,-160.23453,2836
250,1406,541,70,290,335,90,1326,0,0,10.6,11.3,10.5,11.1,1.0,14698,0,0,0,1,1,172.01576,-145.31923,100.59474,-31.883492,-602.7146,14938
251,85,21,67,3,0,15,22,59,25,12.3,9.9,12.3,9.9,13.0,1049,0,1,0,0,1,17.624784,-14.531287,10.445954,-3.2236106,-61.23768,1049
252,59,10,32,3,21,5,71,0,0,18.0,14.9,21.7,18.0,10.0,1278,1,0,0,0,1,17.27574,-14.853453,9.498003,-3.5772016,-58.686993,1061
253,358,139,0,89,70,40,338,0,0,38.9,41.2,46.8,49.6,9.0,16770,1,0,0,0,1,207.67485,-190.40027,103.28199,-48.31535,-695.9136,13919
254,73,40,0,12,10,0,0,62,0,50.3,59.3,60.7,71.4,7.0,4428,1,0,0,0,1,59.662933,-53.4309,30.998611,-13.259758,-201.39487,3675
255,597,189,96,78,239,7,609,0,0,4.3,4.2,4.3,4.2,6.0,2542,1,0,0,0,1,27.12109,-18.930202,15.325836,-4.3486123,-90.137436,2542
256,276,90,120,34,14,0,101,139,18,8.1,8.7,8.1,8.7,2.0,2244,1,0,0,0,1,33.38097,-27.878689,19.645975,-6.148461,-116.49744,2244
257,728,181,165,15,84,167,330,27,255,11.1,13.1,13.3,15.8,4.0,9694,1,0,0,0,1,121.85273,-105.71972,67.83017,-24.52966,-420.6482,8046
258,59,0,55,0,0,0,11,11,33,83.8,89.9,101.0,108.3,6.0,5958,1,0,0,0,1,79.63604,-72.0651,40.566093,-18.104815,-267.71402,4945
259,98,36,32,9,17,0,45,42,7,13.4,14.0,16.1,16.8,11.0,1582,1,0,0,0,1,22.043983,-18.487192,12.771491,-4.1875668,-76.286575,1313
260,756,452,66,127,84,5,302,320,112,4.3,4.4,4.3,4.4,7.0,3214,1,0,0,0,1,46.818832,-39.262196,27.492338,-8.642962,-163.62643,3214
261,155,120,34,0,0,0,47,107,0,3.1,3.1,3.8,3.8,10.0,582,1,0,0,0,1,12.1901865,-11.4742,15.87728,0.16579264,-46.983692,483
262,544,125,104,107,133,0,107,362,0,4.2,4.9,5.1,5.9,4.0,2778,1,0,0,0,1,41.52605,-34.778564,24.40189,-7.6604486,-145.0637,2306
263,813,27,677,34,0,100,18,820,0,2.0,1.9,2.0,1.9,9.0,1634,0,1,0,0,1,53.399574,-39.356934,31.326223,-3.6116068,-176.30862,1634
264,75,23,0,30,27,14,94,0,0,9.6,7.7,9.6,7.7,6.0,720,1,0,0,0,1,11.101008,-7.119715,6.2833123,-1.6794186,-36.075485,720
265,112,85,4,16,14,0,119,0,0,9.6,9.0,9.6,9.0,13.0,1073,0,0,0,1,1,15.710312,-10.223916,8.809911,-2.3903525,-51.28532,1073
266,211,73,32,79,22,5,111,100,0,16.9,16.9,16.9,16.9,13.0,3566,1,0,0,0,1,49.04209,-41.145565,28.7905,-9.055668,-171.42383,3566
267,895,222,271,222,63,0,778,0,0,0.9,1.0,0.9,1.0,7.0,780,1,0,0,0,1,30.056879,12.71604,16.98649,22.678669,-61.165905,780
268,74,18,7,37,7,5,74,0,0,54.0,54.0,54.0,54.0,14.0,3995,1,0,0,0,1,53.635433,-45.036686,31.472544,-9.908337,-187.53348,3995
269,3331,1049,519,399,595,360,2922,0,0,14.7,16.8,14.7,16.8,42.0,49034,0,0,0,1,1,593.83575,-502.65207,346.89508,-110.186714,-2082.113,49034
270,64,15,18,9,15,5,12,39,11,6.1,6.3,7.4,7.6,6.0,472,1,0,0,0,1,8.726031,-9.482321,11.846424,0.2715351,-35.60256,392
271,1402,328,804,187,49,63,1431,0,0,12.6,12.3,12.3,12.0,23.0,17219,1,0,0,0,1,215.00803,-181.7389,125.69789,-39.86423,-753.4961,17607
272,337,128,21,86,77,25,337,0,0,1.8,1.8,1.9,1.9,8.0,657,1,0,0,0,1,11.276264,-1.9433724,15.42203,0.19694489,-33.9285,591
273,73,0,0,67,0,10,39,38,0,11.1,10.5,13.4,12.7,6.0,978,1,0,0,0,1,14.792392,-12.297793,8.56545,-2.808668,-51.08898,812
274,64,12,28,17,7,0,47,17,0,8.8,8.8,10.6,10.6,12.0,680,1,0,0,0,1,10.730797,-9.099907,8.713787,-1.6017306,-38.504498,564
275,1703,186,463,0,516,316,1481,0,0,5.0,5.8,5.0,5.8,8.0,8549,0,0,1,0,1,92.84557,-78.25244,54.367313,-17.186981,-325.0505,8549
276,151,41,21,29,41,19,151,0,0,2.6,2.6,2.9,2.9,3.0,434,1,0,0,0,1,8.536417,-4.5962734,14.247021,1.2015822,-29.413261,391
277,66,27,14,6,17,0,42,22,0,27.5,28.4,33.2,34.2,2.0,2189,1,0,0,0,1,29.574488,-25.96826,15.833432,-6.333012,-100.27844,1817
278,70,24,0,3,42,5,74,0,0,7.7,7.3,9.4,8.9,3.0,659,0,1,0,0,1,9.701011,-7.4603486,8.992883,-1.1376581,-34.01752,540
279,754,301,130,204,90,0,213,512,0,9.9,10.3,11.9,12.4,8.0,8967,1,0,0,0,1,121.25821,-102.3214,70.95744,-22.46127,-424.6987,7443
280,325,106,49,31,80,12,136,142,0,26.7,31.2,32.1,37.5,6.0,10437,1,0,0,0,1,133.17673,-119.51224,69.3068,-29.489426,-450.8362,8663
281,168,84,7,45,40,22,198,0,0,27.5,23.3,27.5,23.3,12.0,4622,0,1,0,0,1,59.424767,-49.940956,34.85294,-10.983021,-207.8377,4622
282,226,99,50,43,63,5,260,0,0,4.0,3.5,4.0,3.5,7.0,915,0,0,0,1,1,13.783122,-5.5079217,6.798403,-1.6960876,-40.8035,915
283,335,83,71,71,111,17,353,0,0,75.8,72.0,75.8,72.0,12.0,25401,0,0,0,1,1,324.93585,-274.8611,189.88464,-60.27033,-1139.0327,25401
284,76,21,51,3,0,0,63,12,0,7.5,7.6,9.0,9.1,5.0,686,1,0,0,0,1,11.017151,-9.027607,9.55237,-1.4378073,-39.301678,569
285,221,31,133,0,45,5,53,161,0,6.8,7.1,8.2,8.5,4.0,1822,1,0,0,0,1,27.900429,-23.236006,16.445896,-5.1310983,-97.2762,1512
286,1010,213,224,111,212,75,758,77,0,5.0,6.1,5.0,6.1,11.0,5053,0,1,0,0,1,58.116497,-48.83269,34.089043,-10.740166,-203.24939,5053
287,116,46,12,22,35,15,130,0,0,16.7,14.9,16.7,14.9,10.0,1939,1,0,0,0,1,25.460123,-21.16877,15.021003,-4.678102,-88.71762,1939
288,39,25,0,3,14,0,11,31,0,2.9,2.7,2.9,2.7,1.0,114,0,1,0,0,1,12.055591,-11.2820215,29.93653,2.761788,-30.993422,114
289,170,75,12,23,39,0,108,41,0,9.0,10.3,9.0,10.3,8.0,1532,0,0,0,1,1,20.691996,-17.129585,12.2368965,-3.7929823,-71.99492,1532
290,179,85,0,49,59,0,193,0,0,26.4,24.5,31.8,29.5,4.0,5690,1,0,0,0,1,70.49529,-63.418606,36.333977,-15.822241,-237.562,4723
291,166,126,0,38,0,0,0,164,0,17.9,18.1,21.6,21.8,13.0,3580,1,0,0,0,1,50.14501,-42.689297,28.703022,-9.672632,-174.00021,2971
292,354,48,34,174,73,25,354,0,0,16.5,16.5,16.5,16.5,10.0,5841,1,0,0,0,1,73.07099,-61.500965,42.82095,-13.516193,-255.69748,5841
293,615,546,0,74,7,0,627,0,0,1.5,1.5,1.5,1.5,8.0,941,0,1,0,0,1,29.530886,11.464355,39.56419,3.084571,-84.60434,941
294,126,46,7,18,49,15,135,0,0,8.2,7.7,8.2,7.7,8.0,1035,0,1,0,0,1,14.40813,-9.976593,8.257045,-2.311712,-47.727207,1035
295,1390,379,377,133,182,170,1241,0,0,4.0,4.5,4.0,4.5,13.0,5597,0,0,1,0,1,62.1408,-49.58156,36.047733,-11.058514,-214.22458,5597
296,129,30,59,10,39,0,94,44,0,23.2,21.7,27.9,26.1,8.0,3600,1,0,0,0,1,47.156418,-41.542614,25.27943,-10.057587,-160.4762,2988
297,203,35,48,6,14,100,203,0,0,15.9,15.9,15.9,15.9,5.0,3219,1,0,0,0,1,42.436913,-35.55018,24.93374,-7.829532,-148.25827,3219
298,758,116,312,132,30,58,648,0,0,6.1,7.1,6.1,7.1,15.0,4630,1,0,0,0,1,56.140686,-47.15894,32.93536,-10.37339,-196.31985,4630
299,558,92,116,57,196,0,461,0,0,7.4,8.9,7.4,8.9,6.0,4112,1,0,0,0,1,46.95557,-39.37803,27.572182,-8.668344,-164.10602,4112
300,25,14,0,4,7,0,22,0,3,23.2,23.2,23.2,23.2,6.0,580,1,0,0,0,1,12.061229,-8.197906,13.66521,-0.83434516,-39.86346,580
301,850,94,348,205,45,74,320,446,0,12.9,14.3,15.5,17.2,5.0,13183,1,0,0,0,1,174.3281,-150.22626,98.40626,-34.30697,-604.5753,10942
302,235,78,10,123,68,0,13,82,184,4.0,3.4,4.8,4.0,9.0,1129,1,0,0,0,1,19.237436,-15.911463,11.69862,-3.547314,-67.10038,937
303,58,15,0,19,22,0,26,30,0,43.4,44.9,52.2,54.1,8.0,3030,1,0,0,0,1,41.12124,-36.750378,21.353102,-9.157124,-138.51218,2515
304,316,14,118,14,155,0,139,151,11,8.2,8.6,8.2,8.6,8.0,2600,0,1,0,0,1,36.24272,-30.30294,21.316956,-6.6796956,-126.53412,2600
305,7633,1240,2455,135,1732,1572,1376,5193,565,3.3,3.5,3.3,3.5,19.0,25217,0,1,0,0,1,445.33298,-376.85214,260.18445,-82.61988,-1561.2871,25217
306,119,0,118,0,0,0,95,19,4,1.5,1.5,1.8,1.8,2.0,212,1,0,0,0,1,9.84459,-10.547552,20.808357,6.4963074,-30.111435,176
307,55,12,17,6,14,10,59,0,0,6.2,5.8,7.5,7.0,3.0,411,1,0,0,0,1,9.236009,-8.470777,17.2059,1.428971,-34.067554,341
308,1644,240,858,177,91,115,1481,0,0,9.9,11.0,9.9,11.0,38.0,16357,1,0,0,0,1,201.39374,-170.20592,117.748505,-37.336987,-705.74835,16357
309,1193,196,667,149,115,54,516,485,180,2.5,2.5,3.0,3.1,12.0,3622,1,0,0,0,1,58.43535,-49.10279,34.275215,-10.799349,-204.36765,3006
310,605,155,231,91,105,0,582,0,0,2.8,2.9,3.4,3.5,8.0,2041,1,0,0,0,1,22.242727,-15.8574295,12.706094,-3.6374452,-74.28926,1694
311,389,120,94,77,63,10,198,166,0,2.9,3.1,2.9,3.1,6.0,1134,0,1,0,0,1,18.113398,-14.549718,10.671916,-3.252117,-62.503777,1134
312,132,56,0,27,38,7,128,0,0,9.0,9.3,10.8,11.2,8.0,1429,1,0,0,0,1,17.79532,-14.903829,10.271774,-3.4095442,-61.352345,1186
313,132,30,50,22,24,0,39,27,60,10.5,11.0,12.6,13.2,9.0,1666,1,0,0,0,1,23.538532,-19.54095,13.898989,-4.3213916,-81.97826,1383
314,286,94,36,44,38,55,267,0,0,6.0,6.5,6.0,6.5,6.0,1727,1,0,0,0,1,22.38429,-16.750504,12.963472,-3.8086865,-75.712776,1727
315,305,73,87,39,63,10,272,0,0,14.8,16.6,14.8,16.6,7.0,4504,0,0,1,0,1,56.65188,-47.591976,33.23384,-10.468279,-198.11269,4504
316,268,73,105,0,70,0,248,0,0,17.9,19.4,20.6,22.2,8.0,5517,0,1,0,0,1,68.06328,-58.82586,38.016075,-13.646584,-234.813,4800
317,110,36,15,0,49,10,110,0,0,23.2,23.2,23.2,23.2,24.0,2553,0,1,0,0,1,33.69408,-28.143934,19.828808,-6.2065854,-117.59558,2553
318,3963,1184,616,952,1091,42,3885,0,0,4.3,4.4,4.3,4.4,11.0,16921,0,1,0,0,1,169.325,-136.35728,98.03764,-30.311607,-585.44885,16921
319,397,83,252,16,58,0,409,0,0,18.8,18.2,22.6,22.0,7.0,8987,1,0,0,0,1,110.662865,-98.09855,59.027042,-23.71627,-377.2056,7459
320,254,90,39,3,117,0,119,100,30,15.3,15.6,15.3,15.6,11.0,3877,0,1,0,0,1,51.893826,-43.561325,30.455622,-9.585039,-181.42535,3877
321,134,73,0,22,14,0,33,76,0,15.6,19.2,18.8,23.1,8.0,2516,1,0,0,0,1,34.428238,-29.502768,19.372982,-6.841332,-118.60843,2088
322,266,101,70,26,56,5,258,0,0,17.7,18.2,21.3,21.9,8.0,5657,1,0,0,0,1,69.4572,-61.55954,36.93644,-14.961016,-236.21402,4695
323,237,114,11,44,42,0,181,30,0,13.5,15.2,16.3,18.3,9.0,3857,1,0,0,0,1,47.910107,-41.67116,26.347702,-9.849692,-164.30713,3201
324,1243,555,15,245,394,10,1219,0,0,9.2,9.4,11.1,11.4,9.0,13843,1,0,0,0,1,153.23856,-132.10294,86.40164,-30.217613,-531.15717,11490
325,666,138,233,124,105,5,605,0,0,1.1,1.2,1.1,1.2,13.0,752,1,0,0,0,1,23.4046,6.956852,18.424543,10.783469,-47.33363,752
326,1810,349,423,377,457,10,1616,0,0,16.2,18.2,16.2,18.2,35.0,29399,0,0,1,0,1,357.5496,-302.4889,208.9278,-66.32446,-1253.4149,29399
327,88,56,7,15,7,0,9,76,0,26.1,27.0,31.5,32.6,6.0,2770,1,0,0,0,1,38.60242,-33.577824,21.162289,-7.9809794,-132.09868,2299
328,62,19,8,9,15,0,51,0,0,14.2,17.3,15.3,18.6,5.0,949,1,0,0,0,1,13.806003,-10.779178,8.139871,-2.431739,-47.238705,883
329,305,59,102,19,60,21,138,123,0,28.5,33.3,34.4,40.2,10.0,10484,1,0,0,0,1,134.66081,-121.10601,69.75943,-29.994358,-455.262,8702
330,349,107,93,97,52,0,286,63,0,10.6,10.6,10.6,10.6,8.0,3703,1,0,0,0,1,48.096264,-40.344334,28.238226,-8.880092,-168.10663,3703
331,156,0,133,0,10,0,143,0,0,4.5,4.9,5.4,5.9,4.0,849,1,0,0,0,1,12.174746,-9.636219,8.181522,-2.2342649,-42.004093,705
332,100,24,76,3,7,0,40,70,0,14.3,13.0,14.3,13.0,15.0,1434,1,0,0,0,1,22.591309,-18.738537,13.345903,-4.145558,-78.656166,1434
333,222,20,5,93,73,0,47,144,0,11.0,12.8,13.3,15.5,4.0,2952,1,0,0,0,1,40.488514,-34.390472,23.206945,-7.799854,-140.38452,2450
334,506,54,161,43,173,80,511,0,0,6.9,6.8,6.9,6.8,9.0,3500,1,0,0,0,1,41.252563,-34.546886,24.242199,-7.6096816,-144.10452,3500
335,123,28,0,47,15,25,115,0,0,15.4,16.5,17.7,18.9,3.0,2179,0,1,0,0,1,28.372778,-24.364075,15.8479805,-5.7111735,-97.38988,1896
336,252,0,109,143,0,0,109,143,0,27.1,27.1,27.1,27.1,11.0,6821,0,1,0,0,1,93.63238,-78.91895,54.826736,-17.333038,-327.80997,6821
337,258,186,40,19,10,0,0,255,0,5.4,5.5,6.5,6.6,4.0,1678,1,0,0,0,1,28.537415,-23.77561,16.817831,-5.2493463,-99.51022,1393
338,166,67,88,6,0,0,37,120,4,15.7,16.2,18.9,19.5,7.0,3137,1,0,0,0,1,44.10342,-37.260937,25.547905,-8.341155,-153.46918,2604
339,181,45,39,38,42,5,169,0,0,20.1,21.5,22.6,24.2,10.0,4088,0,1,0,0,1,51.653233,-44.332363,29.145039,-10.199789,-178.5152,3638
340,284,99,112,26,28,0,220,27,18,11.4,12.2,11.4,12.2,4.0,3234,1,0,0,0,1,42.3553,-35.48104,24.88609,-7.814384,-147.97205,3234
341,52,0,60,0,0,0,0,55,5,4.8,4.2,5.8,5.1,3.0,304,1,0,0,0,1,10.873816,-14.174742,24.257877,0.6808445,-38.3686,252
342,102,72,0,18,0,7,0,97,0,10.1,10.6,12.1,12.8,3.0,1239,1,0,0,0,1,19.708158,-16.29616,11.6624365,-3.6103523,-68.54444,1028
343,58,26,29,3,0,0,22,36,0,11.9,11.9,14.4,14.4,5.0,833,1,0,0,0,1,13.864166,-12.0795765,11.612338,-1.976311,-50.250187,691
344,1196,626,108,56,413,5,1208,0,0,6.5,6.5,6.5,6.5,15.0,7824,0,0,0,1,1,83.325745,-70.187996,48.808697,-15.419806,-291.66275,7824
345,38,30,0,8,0,0,32,0,6,6.5,6.5,6.5,6.5,4.0,247,1,0,0,0,1,15.592719,-10.006234,33.423904,0.3025157,-39.385822,247
346,84,33,0,21,27,0,61,20,0,32.6,33.8,39.3,40.7,10.0,3299,1,0,0,0,1,43.609947,-38.980675,22.65836,-9.701922,-146.97263,2738
347,73,18,14,8,44,0,40,44,0,15.4,13.3,18.5,16.1,6.0,1351,1,0,0,0,1,19.325537,-16.30415,11.04039,-3.7639782,-66.49856,1121
348,449,352,12,12,52,0,0,428,0,35.7,37.5,43.0,45.2,8.0,19328,1,0,0,0,1,251.97597,-225.2832,132.46967,-55.022335,-856.32587,16042
349,551,188,116,52,114,5,223,231,21,4.4,5.1,5.3,6.2,13.0,2934,1,0,0,0,1,39.973694,-33.463528,23.495462,-7.3722835,-139.6193,2435
350,194,48,47,28,27,35,185,0,0,7.4,7.8,7.4,7.8,8.0,1440,0,1,0,0,1,19.692347,-15.031467,11.471672,-3.4026563,-66.97394,1440
351,185,36,14,50,32,10,142,0,0,34.7,45.2,34.7,45.2,16.0,6416,1,0,0,0,1,83.40082,-70.251564,48.852524,-15.433741,-291.926,6416
352,134,43,0,77,36,0,156,0,0,9.1,7.8,10.9,9.4,5.0,1461,1,0,0,0,1,18.342398,-15.287685,10.685289,-3.457197,-63.446888,1213
353,1241,575,45,319,301,0,1240,0,0,8.2,8.2,8.2,8.2,15.0,10222,1,0,0,0,1,115.40762,-97.36525,67.54128,-21.375221,-404.1797,10222
354,99,81,0,3,15,0,6,93,0,2.4,2.4,2.4,2.4,3.0,241,1,0,0,0,1,14.062013,-13.768083,31.352081,3.4085538,-43.76043,241
355,1285,685,67,133,620,7,1512,0,0,0.9,0.8,0.9,0.8,16.5,1200,1,0,0,0,1,51.168995,36.565125,49.18276,29.891624,-118.092575,1200
356,466,164,212,12,66,7,461,0,0,3.7,3.7,4.4,4.5,10.0,2058,1,0,0,0,1,23.906351,-18.228067,13.878439,-4.123393,-81.29579,1708
357,77,30,0,20,22,0,7,65,0,27.4,29.3,33.0,35.3,4.0,2540,1,0,0,0,1,35.55673,-31.110485,19.241226,-7.493174,-121.12921,2108
358,81,11,22,0,20,21,64,10,0,5.6,6.1,6.8,7.4,1.0,547,1,0,0,0,1,10.207012,-10.385965,16.898224,1.347358,-40.419395,454
359,694,61,164,168,145,60,598,0,0,5.9,6.8,5.9,6.8,8.0,4086,0,0,0,1,1,47.49415,-39.834267,27.88665,-8.768316,-165.99487,4086
360,62,18,7,6,10,17,7,51,0,32.7,34.9,39.4,42.1,5.0,2442,1,0,0,0,1,34.688423,-30.547451,18.52019,-7.4499307,-117.67224,2027
361,56,0,42,0,0,15,57,0,0,5.2,5.1,5.2,5.1,3.0,293,1,0,0,0,1,14.661506,-9.197773,27.835142,1.6737165,-39.465355,293
362,753,289,13,0,363,7,672,0,0,5.7,6.4,5.7,6.4,12.0,4301,1,0,0,0,1,43.855183,-36.75162,25.761866,-8.092811,-153.23239,4301
363,421,177,22,217,0,5,421,0,0,39.9,39.9,39.9,39.9,15.5,16788,1,0,0,0,1,214.25311,-181.09935,125.257065,-39.724087,-750.84845,16788
364,59,30,11,3,21,0,65,0,0,9.6,8.7,11.6,10.5,3.0,682,1,0,0,0,1,11.712243,-10.321775,15.891541,0.3821103,-44.11047,566
365,409,42,201,39,67,60,409,0,0,6.5,6.5,6.5,6.5,11.0,2672,0,1,0,0,1,33.478607,-27.9614,19.702991,-6.16659,-116.839874,2672
366,115,21,90,4,0,0,94,21,0,16.3,16.3,16.3,16.3,12.0,1869,0,1,0,0,1,26.75496,-22.265654,15.777055,-4.9184623,-93.258835,1869
367,93,58,20,4,10,0,22,70,0,8.6,8.7,10.4,10.5,3.0,967,1,0,0,0,1,15.964229,-13.866732,12.1268835,-2.7496245,-56.98302,803
368,71,30,15,12,7,5,0,69,0,56.6,58.2,68.2,70.2,7.0,4842,1,0,0,0,1,65.987274,-59.152237,34.249275,-14.680838,-222.76863,4019
369,971,345,42,249,150,10,796,0,0,5.0,6.1,6.0,7.4,14.0,5864,1,0,0,0,1,62.2615,-52.34402,36.509304,-11.509613,-217.78665,4867
370,74,15,7,42,0,10,74,0,0,42.3,42.3,42.3,42.3,17.0,3132,1,0,0,0,1,42.985603,-36.014977,25.254116,-7.9313874,-150.18262,3132
371,81,18,4,25,21,10,25,30,23,1.1,1.1,1.3,1.4,1.0,107,1,0,0,0,1,15.208577,-15.736598,40.02732,8.604331,-40.87743,89
372,106,6,33,19,0,55,113,0,0,10.6,10.0,12.8,12.0,7.0,1357,1,0,0,0,1,18.999685,-16.28975,10.536097,-3.880461,-64.801186,1126
373,1168,516,240,176,314,10,1256,0,0,1.3,1.2,1.3,1.2,8.0,1538,0,0,1,0,1,35.572807,24.003553,23.101143,10.547679,-82.96972,1538
374,1093,392,119,235,166,47,959,0,0,6.6,7.6,6.6,7.6,11.0,7263,1,0,0,0,1,82.62421,-69.5937,48.399067,-15.289576,-289.2023,7263
375,67,10,18,31,0,0,0,59,0,57.5,65.3,69.3,78.7,2.0,4642,1,0,0,0,1,63.495674,-56.96031,32.891914,-14.163368,-214.20215,3853
376,1256,270,121,450,90,50,981,0,0,23.0,29.4,41.0,52.5,28.0,51527,1,0,0,0,1,122.853966,-691.85486,18.941574,69.82293,-1287.4594,28855
377,72,67,5,0,0,0,6,66,0,17.3,17.3,20.9,20.9,15.0,1504,1,0,0,0,1,22.70958,-18.928934,13.306693,-4.228531,-78.87976,1248
378,777,287,159,38,147,45,676,0,0,19.4,22.2,22.2,25.6,13.0,17286,0,1,0,0,1,209.59543,-183.6194,114.776924,-43.232967,-720.80853,15039
379,131,30,33,18,35,12,128,0,0,37.8,38.6,45.5,46.6,13.0,5960,1,0,0,0,1,76.332,-69.28563,38.60882,-17.476793,-256.2003,4947
380,134,78,0,0,63,0,141,0,0,15.1,14.3,18.2,17.3,8.0,2433,1,0,0,0,1,30.264498,-26.336626,16.504036,-6.3134103,-103.21121,2019
381,826,255,295,72,157,0,779,0,0,6.5,6.9,6.5,6.9,42.0,5400,1,0,0,0,1,62.89184,-52.877995,36.87736,-11.626619,-219.99738,5400
382,3180,916,538,295,969,0,2718,0,0,10.4,12.2,10.4,12.2,36.0,33028,0,0,0,1,1,381.9376,-323.1485,223.16791,-70.85166,-1338.9479,33028
383,324,175,108,29,17,5,334,0,0,15.7,15.2,15.7,15.2,13.0,5078,1,0,0,0,1,64.59942,-54.32451,37.874413,-11.9436,-225.98615,5078
384,220,132,45,30,7,0,49,165,0,3.2,3.3,3.2,3.3,3.0,701,1,0,0,0,1,17.039852,-13.814832,19.497505,-0.5938309,-62.293385,701
385,258,34,89,6,63,49,241,0,0,2.9,3.1,2.9,3.1,12.0,736,1,0,0,0,1,13.481585,-6.7592216,14.052076,-0.9011772,-42.74768,736
386,139,25,19,6,29,60,139,0,0,7.0,7.0,7.0,7.0,7.0,976,0,1,0,0,1,15.248503,-10.159229,8.968765,-2.3954804,-50.08826,976
387,274,70,123,57,28,30,308,0,0,4.3,3.8,4.3,3.8,4.0,1167,0,1,0,0,1,18.239288,-9.712328,9.547847,-2.4068458,-56.951046,1167
388,231,0,86,0,50,130,266,0,0,16.3,14.1,16.3,14.1,12.0,3762,0,0,0,1,1,49.75853,-41.752476,29.208826,-9.18866,-173.9365,3762
389,126,58,15,6,21,40,22,118,0,4.9,4.4,4.9,4.4,5.0,619,0,1,0,0,1,14.336837,-13.803883,17.846476,-0.08472711,-55.30164,619
390,93,0,70,0,15,10,0,95,0,11.8,11.6,14.3,14.0,8.0,1327,1,0,0,0,1,21.68647,-17.972029,12.817569,-3.9775908,-75.48274,1101
391,1825,594,569,192,259,60,1674,0,0,0.7,0.7,0.7,0.7,15.0,1210,1,0,0,0,1,54.838768,20.194849,57.63419,62.18767,-114.27579,1210
392,500,229,31,130,60,0,170,227,53,11.8,13.1,14.2,15.7,8.0,7080,1,0,0,0,1,92.56742,-78.65796,53.435356,-17.569035,-322.71597,5876
393,373,129,96,21,105,50,389,12,0,6.4,6.0,6.4,6.0,10.0,2395,0,1,0,0,1,29.776289,-23.577837,17.357782,-5.278399,-102.38449,2395
394,330,179,26,64,110,0,379,0,0,3.2,2.8,3.2,2.8,10.0,1050,1,0,0,0,1,18.008324,-4.0566864,15.694558,-2.3648336,-51.914272,1050
395,57,27,28,0,0,0,0,55,0,30.5,31.7,36.8,38.1,4.0,2098,1,0,0,0,1,30.663292,-26.519846,16.92684,-6.282082,-104.9665,1741
396,127,61,0,20,44,0,13,98,14,12.4,12.6,15.0,15.2,4.0,1902,1,0,0,0,1,27.615591,-22.99471,16.27958,-5.0782237,-96.27722,1579
397,1362,579,291,171,378,0,1419,0,0,2.3,2.3,2.3,2.3,11.0,3193,0,0,1,0,1,38.39854,-1.5334631,17.33786,-5.7261395,-105.96177,3193
398,1463,780,119,223,371,0,1493,0,0,24.6,24.1,24.6,24.1,23.0,36046,0,0,0,1,1,443.72592,-375.49072,259.24603,-82.321526,-1555.6505,36046
399,148,12,49,36,28,15,140,0,0,23.2,24.6,28.0,29.6,3.0,4141,1,0,0,0,1,53.219913,-47.65006,27.627842,-11.8446865,-179.5076,3437
400,474,71,24,343,21,15,41,433,0,3.9,3.9,3.9,3.9,6.0,1829,1,0,0,0,1,36.361366,-30.403446,21.386234,-6.701717,-126.95023,1829
401,77,24,18,21,14,0,18,59,0,5.3,5.3,6.4,6.4,10.0,492,1,0,0,0,1,12.322327,-14.353185,24.155626,1.4971325,-47.668785,408
402,213,105,67,41,0,0,52,161,0,3.8,3.8,3.8,3.8,2.5,801,1,0,0,0,1,18.016373,-14.62806,16.95451,-1.9074223,-64.6151,801
403,175,22,53,0,100,0,59,116,0,3.4,3.4,3.4,3.4,7.0,597,0,1,0,0,1,11.73357,-11.202209,13.801561,-0.249574,-45.771763,597
404,360,122,98,54,62,0,336,0,0,2.1,2.3,2.1,2.3,18.0,763,1,0,0,0,1,15.380439,-4.5337715,21.350958,0.812277,-47.396908,763
405,331,84,0,12,0,284,156,96,128,3.7,3.3,3.7,3.3,5.0,1238,0,1,0,0,1,24.212214,-20.5674,17.799,-4.2765203,-86.11148,1238
406,285,48,187,15,35,25,310,0,0,4.4,4.0,4.4,4.0,7.0,1249,0,1,0,0,1,18.904856,-11.566898,10.344795,-2.7327297,-60.868694,1249
407,187,72,32,10,44,5,4,159,0,73.5,84.4,84.5,97.0,3.0,15807,0,1,0,0,1,206.14629,-183.75862,108.993164,-44.68034,-701.591,13752
408,502,120,32,89,83,120,444,0,0,18.5,20.9,18.5,20.9,14.0,9296,1,0,0,0,1,117.10262,-98.80111,68.53098,-21.689861,-410.1243,9296
409,303,0,266,0,0,25,0,291,0,1.1,1.1,1.3,1.4,1.0,396,1,0,0,0,1,14.886236,-25.22084,22.265724,2.5427072,-63.76942,329
410,174,105,83,0,0,5,98,35,60,17.7,16.0,17.7,16.0,17.0,3088,0,1,0,0,1,43.55812,-36.499973,25.588411,-8.0376625,-152.19052,3088
411,44,14,0,16,17,5,49,3,0,8.6,7.3,8.6,7.3,2.0,380,0,0,0,1,1,15.858678,-9.818198,31.418879,-0.91309506,-44.50172,380
412,387,88,221,37,34,0,18,362,0,6.0,6.1,7.3,7.4,7.0,2811,1,0,0,0,1,46.62877,-39.101185,27.381363,-8.607677,-162.95984,2333
413,406,18,374,27,0,0,21,398,0,5.2,5.0,5.2,5.0,19.0,2109,0,1,0,0,1,42.103405,-35.26765,24.739002,-7.7676225,-147.0886,2109
414,496,198,109,67,90,60,524,0,0,20.3,19.2,23.4,22.1,14.0,11586,0,1,0,0,1,142.17635,-124.17963,78.20475,-29.14339,-489.2913,10080
415,116,34,38,4,30,0,33,73,0,4.8,5.2,4.8,5.2,2.0,553,1,0,0,0,1,13.118365,-11.635015,19.134754,0.948178,-49.229794,553
416,53,17,17,0,24,5,63,0,0,6.7,5.6,6.7,5.6,16.0,354,0,1,0,0,1,16.850193,-9.921178,33.27493,0.32764643,-45.300663,354
417,209,42,145,10,43,0,225,15,0,0.9,0.8,0.9,0.8,2.5,190,1,0,0,0,1,19.116314,-9.134402,35.240055,18.062485,-47.991665,190
418,903,336,134,158,148,100,387,303,186,6.1,6.3,7.3,7.5,11.0,6605,1,0,0,0,1,88.107124,-74.23839,51.600536,-16.307379,-308.43185,5482
419,469,71,170,15,67,96,419,0,0,6.8,7.6,8.2,9.2,11.0,3845,1,0,0,0,1,46.22994,-38.76333,27.148483,-8.53364,-161.56108,3191
420,1894,187,1241,143,156,10,966,696,75,2.1,2.3,2.1,2.3,12.0,3986,0,1,0,0,1,72.35023,-53.624966,42.735363,-7.554089,-240.63239,3986
421,215,108,0,94,7,0,76,133,0,2.6,2.7,2.6,2.7,7.0,560,1,0,0,0,1,15.116486,-13.717152,24.817595,1.9885533,-58.33855,560
422,82,38,9,20,14,0,29,52,0,1.0,1.0,1.2,1.2,2.0,96,1,0,0,0,1,18.289993,-18.96976,47.172455,11.485365,-47.464874,80
423,1694,391,469,385,210,85,1540,0,0,4.6,5.1,4.6,5.1,16.0,7816,1,0,0,0,1,86.44204,-72.82787,50.6283,-15.998293,-302.59213,7816
424,81,24,22,20,10,0,64,4,8,24.7,26.3,29.8,31.7,5.0,2412,1,0,0,0,1,32.666496,-28.778234,17.406925,-7.036507,-110.69821,2002
425,297,150,7,132,0,0,13,264,12,5.2,5.4,5.2,5.4,6.0,1557,1,0,0,0,1,28.7083,-23.920372,16.91761,-5.2810674,-100.10956,1557
426,280,161,91,0,10,0,262,0,0,5.1,5.4,5.1,5.4,7.0,1417,0,0,0,1,1,22.277796,-11.086819,11.352664,-2.8131492,-68.635025,1417
427,56,19,5,16,10,0,29,21,0,22.3,24.9,26.8,30.0,5.0,1501,1,0,0,0,1,21.784098,-18.807705,11.899906,-4.50372,-74.468414,1246
428,492,114,97,157,49,75,248,244,0,8.5,8.5,8.5,8.5,11.0,4158,1,0,0,0,1,60.124687,-50.53387,35.261616,-11.112946,-210.29247,4158
429,426,127,122,54,87,20,31,352,27,1.5,1.6,1.8,1.9,2.0,778,1,0,0,0,1,24.107782,-18.155792,23.614937,1.7878554,-83.99779,646
430,499,262,42,60,90,0,155,299,0,4.6,5.1,4.6,5.1,10.0,2310,1,0,0,0,1,35.846832,-29.967577,21.08579,-6.6062055,-125.14566,2310
431,60,9,32,12,7,0,60,0,0,16.5,16.5,18.4,18.4,5.0,1102,1,0,0,0,1,16.703325,-13.360021,10.814819,-3.057812,-57.76267,992
432,362,152,68,41,72,15,348,0,0,19.6,20.4,23.6,24.5,6.0,8543,1,0,0,0,1,104.77237,-93.61033,54.96129,-22.9665,-355.324,7091
433,363,169,23,115,42,0,82,267,0,9.5,9.8,11.4,11.8,5.0,4134,1,0,0,0,1,58.30582,-48.99307,34.199585,-10.775307,-203.91338,3431
434,53,24,0,24,0,0,0,48,0,19.0,21.0,22.9,25.3,3.0,1213,1,0,0,0,1,19.322939,-16.339508,11.994783,-3.7960951,-67.24039,1007
435,17518,9404,1221,0,2955,0,13580,0,0,3.1,4.0,3.1,4.0,14.0,54620,1,0,0,0,1,594.132,-283.0671,290.6478,-72.647835,-1817.7404,54620
436,199,82,92,13,10,0,20,100,77,4.4,4.4,5.3,5.3,2.0,1049,1,0,0,0,1,19.56911,-18.270525,18.440948,-2.201164,-73.016525,871
437,2171,534,319,323,87,0,209,984,70,9.1,15.6,9.1,15.6,8.0,19699,1,0,0,0,1,270.0192,-228.34003,157.81886,-50.07606,-946.4301,19699
438,220,90,19,64,39,0,12,200,0,8.8,9.1,10.6,11.0,4.0,2325,1,0,0,0,1,35.39696,-29.58648,20.823116,-6.522694,-123.56789,1930
439,1355,535,428,58,224,10,1255,0,0,5.5,6.0,5.5,6.0,26.0,7505,1,0,0,0,1,84.38978,-70.115524,49.283875,-15.46418,-294.29245,7505
440,374,170,4,88,126,10,398,0,0,0.8,0.8,1.0,0.9,2.0,363,1,0,0,0,1,24.946478,-2.8151078,40.53063,21.052168,-61.614536,300
441,62,51,0,0,10,5,66,0,0,5.6,5.3,6.8,6.4,3.0,420,1,0,0,0,1,17.184055,-12.527903,36.269295,1.3286078,-48.98364,349
442,311,11,217,3,36,57,324,0,0,6.6,6.3,7.9,7.6,6.0,2455,1,0,0,0,1,31.310572,-26.12481,18.437075,-5.764132,-109.236176,2038
443,132,32,15,13,31,45,136,0,0,4.6,4.4,5.5,5.3,6.0,724,1,0,0,0,1,12.995087,-12.109553,21.571215,1.7774272,-50.412838,601
444,135,60,17,0,70,0,0,147,0,4.9,4.5,4.9,4.5,15.0,667,0,1,0,0,1,14.639218,-14.532221,18.672903,0.22774905,-58.478992,667
445,79,16,34,0,28,10,81,7,0,45.4,40.7,54.7,49.1,5.0,4319,1,0,0,0,1,57.10451,-51.502037,29.20726,-12.932747,-191.92041,3585
446,155,75,28,10,29,0,14,128,0,12.4,13.5,14.9,16.3,4.0,2308,1,0,0,0,1,33.708588,-28.15622,19.837276,-6.2092767,-117.646454,1916
447,965,433,234,148,245,0,1060,0,0,3.8,3.4,4.1,3.7,30.0,3930,1,0,0,0,1,45.640694,-27.793154,24.479685,-6.5559926,-146.93973,3655
448,296,27,166,48,21,50,312,0,0,18.4,17.4,18.4,17.4,10.0,5432,0,1,0,0,1,71.09419,-59.826378,41.666702,-13.149235,-248.76447,5432
449,56,3,19,10,24,0,56,0,0,3.0,3.0,3.0,3.0,3.0,170,0,1,0,0,1,20.736519,-15.125373,47.909477,6.6630697,-47.366722,170
450,206,88,23,31,35,0,73,104,0,8.8,10.3,10.7,12.4,8.0,2196,1,0,0,0,1,30.8294,-25.717197,18.156118,-5.674813,-107.54862,1823
451,651,104,385,16,49,27,581,0,0,5.5,6.2,6.7,7.5,4.0,4352,1,0,0,0,1,51.740463,-43.431408,30.366072,-9.556566,-180.88748,3612
452,2323,804,332,0,947,240,636,1552,135,1.7,1.7,1.7,1.7,6.0,3981,0,1,0,0,1,93.02557,-55.225605,54.41395,3.990566,-284.99667,3981
453,146,46,0,50,41,0,44,93,0,13.6,14.5,16.4,17.4,6.0,2390,1,0,0,0,1,33.555374,-28.542067,19.115883,-6.5289683,-116.080795,1984
454,284,49,83,75,51,5,80,183,0,12.8,13.9,15.5,16.7,5.0,4393,1,0,0,0,1,60.438183,-51.442005,34.67342,-11.60578,-210.02997,3646
455,249,47,26,80,84,0,237,0,0,15.3,16.0,15.3,16.0,9.0,3800,0,1,0,0,1,48.17388,-40.410084,28.28355,-8.894497,-168.37883,3800
456,32,4,7,0,0,30,41,0,0,15.6,12.1,15.6,12.1,3.0,498,1,0,0,0,1,17.5261,-12.190264,31.907219,-0.9234274,-52.6473,498
457,1908,401,1216,155,107,10,1889,0,0,14.2,14.3,14.2,14.3,48.0,27000,0,0,1,0,1,336.8273,-284.93466,196.8281,-62.47775,-1180.7384,27000
458,253,56,149,0,24,24,76,177,0,6.7,6.7,6.7,6.7,7.0,1694,1,0,0,0,1,28.887505,-24.072178,17.022245,-5.3143296,-100.73805,1694
459,184,53,21,43,38,15,170,0,0,16.0,17.4,18.4,20.0,4.0,3393,0,1,0,0,1,43.187943,-37.181797,24.17751,-8.64226,-148.78238,2952
460,76,60,12,0,0,0,0,72,0,4.9,5.2,5.9,6.3,1.0,451,1,0,0,0,1,16.47177,-18.149094,36.091877,2.1092713,-55.147602,374
461,276,108,5,75,56,0,177,53,14,1.1,1.2,1.1,1.2,4.0,300,1,0,0,0,1,21.397507,-10.307905,38.162895,13.570226,-56.724247,300
462,3471,1327,257,534,995,42,3155,0,0,2.2,2.4,2.2,2.4,17.0,7575,0,0,0,1,1,81.48596,13.540701,20.995075,-3.9978049,-221.93335,7575
463,380,67,103,77,98,20,365,0,0,8.7,9.1,10.5,11.0,9.0,4002,1,0,0,0,1,47.824142,-40.805866,27.248688,-9.297693,-165.68536,3322
464,155,18,0,69,14,47,148,0,0,33.5,35.1,33.5,35.1,8.0,5196,1,0,0,0,1,68.9457,-58.006336,40.4122,-12.750416,-241.22934,5196
465,327,64,142,21,0,100,327,0,0,7.8,7.8,7.8,7.8,16.0,2566,0,1,0,0,1,34.40696,-28.747826,20.24505,-6.33892,-120.09578,2566
466,193,82,80,50,14,0,41,182,3,8.7,7.5,10.5,9.0,5.0,2031,1,0,0,0,1,32.40043,-27.04805,19.07344,-5.9664445,-113.0585,1686
467,1108,279,20,314,273,30,916,0,0,22.6,27.4,24.3,29.4,6.0,26940,1,0,0,0,1,328.31754,-280.14377,188.95706,-62.533604,-1145.768,25054
468,363,168,10,92,77,5,0,352,0,0.3,0.3,0.4,0.4,10.0,141,1,0,0,0,1,20.251316,-26.214256,43.312393,16.809536,-73.327415,117
469,249,144,104,6,14,0,268,0,0,2.0,1.9,2.0,1.9,3.0,500,1,0,0,0,1,21.15938,-7.651936,37.34115,7.9749746,-58.729824,500
470,769,265,195,235,52,0,178,557,12,16.3,16.8,16.3,16.8,8.0,12551,1,0,0,0,1,176.03714,-148.7258,102.942825,-32.62999,-616.81824,12551
471,137,54,42,30,7,0,97,36,0,2.9,3.0,2.9,3.0,3.0,399,1,0,0,0,1,17.852194,-12.076624,33.566925,3.602207,-52.314938,399
472,579,215,81,109,112,0,517,0,0,1.4,1.5,1.4,1.5,7.0,784,1,0,0,0,1,25.688696,1.9009107,33.352753,10.041781,-62.32886,784
473,133,39,0,41,24,20,124,0,0,15.9,17.0,18.3,19.6,6.0,2428,0,1,0,0,1,31.908834,-27.41305,17.848461,-6.40377,-109.678055,2112
474,78,7,34,6,21,0,22,46,0,7.7,8.8,8.8,10.1,3.0,690,0,1,0,0,1,14.060463,-14.619703,21.255577,1.0433781,-55.17751,600
475,101,12,31,3,50,0,65,28,3,4.5,4.7,4.5,4.7,1.5,450,1,0,0,0,1,14.99711,-11.053564,29.396656,0.70419616,-48.34728,450
476,1222,503,333,173,150,5,1164,0,0,4.7,5.0,4.7,5.0,20.0,5800,1,0,0,0,1,69.122894,-49.438873,38.91709,-11.258194,-231.34283,5800
477,1093,486,277,126,147,5,788,253,0,2.3,2.5,2.3,2.5,7.0,2565,0,1,0,0,1,39.38977,-20.294611,20.038227,-5.0728974,-122.28287,2565
478,222,41,57,0,99,25,222,0,0,10.7,10.6,10.7,10.6,4.0,2385,0,1,0,0,1,30.368896,-25.327099,17.887234,-5.5893264,-105.933556,2385
479,2067,1056,658,45,303,5,1510,557,0,5.0,5.0,5.0,5.0,21.0,10398,0,1,0,0,1,131.81932,-111.267944,77.12406,-24.421745,-461.73837,10398
480,175,65,31,22,38,0,141,15,0,19.6,22.0,23.6,26.5,10.0,4137,1,0,0,0,1,53.068672,-47.014084,28.166487,-11.469982,-180.16861,3434
481,230,180,12,41,14,0,247,0,0,1.7,1.6,6.0,5.6,3.0,1379,1,0,0,0,1,-7.194367,-53.87511,14.678563,1.1313989,-22.56979,400
482,104,32,5,40,28,10,115,0,0,3.3,2.9,4.9,4.5,2.0,512,0,0,0,1,1,14.875987,-14.549702,34.025146,2.9336846,-50.57224,338
483,177,24,79,6,42,60,211,0,0,16.0,13.4,16.0,13.4,17.0,2835,0,1,0,0,1,38.246384,-32.00029,22.486889,-7.051636,-133.56133,2835
484,62,33,0,12,10,0,22,33,0,9.6,10.8,11.5,13.0,2.0,716,1,0,0,0,1,14.865739,-16.218021,25.68237,1.57884,-58.11973,594
485,487,146,238,53,24,12,45,428,0,2.1,2.2,2.1,2.2,6.0,1017,1,0,0,0,1,30.86927,-22.348667,22.508799,-1.4013512,-103.03466,1017
486,177,40,12,27,38,60,177,0,0,4.5,4.5,5.4,5.4,8.0,951,1,0,0,0,1,15.669315,-13.083559,20.420292,0.2116124,-57.735737,789
487,105,34,66,10,37,15,162,0,0,7.4,4.8,7.4,4.8,3.0,774,1,0,0,0,1,17.650606,-10.490257,22.699944,0.34214514,-57.266026,774
488,140,43,68,3,57,0,171,0,0,4.6,3.7,4.6,3.7,1.5,640,0,0,0,1,1,15.7407255,-8.937257,25.94668,1.8912067,-51.992867,640
489,230,81,49,37,58,0,225,0,0,2.2,2.2,2.2,2.2,4.0,500,1,0,0,0,1,17.288157,-7.8399577,31.297884,6.469107,-50.800236,500
490,236,102,84,52,0,0,238,0,0,2.5,2.5,2.8,2.8,10.0,668,1,0,0,0,1,17.868757,-9.692501,31.810715,3.4729865,-58.899807,601
491,846,322,56,112,234,5,729,0,0,19.1,22.2,19.1,22.2,13.0,16179,1,0,0,0,1,198.59048,-167.83122,116.11169,-36.816616,-695.9169,16179
492,139,18,21,30,70,0,139,0,0,17.6,17.6,17.6,17.6,6.0,2446,0,1,0,0,1,32.306202,-26.968231,19.018421,-5.9489503,-112.72804,2446
493,51,12,27,0,0,7,7,39,0,6.6,7.3,6.6,7.3,3.0,338,1,0,0,0,1,19.326971,-17.025421,41.91742,-0.28584653,-52.76086,338
494,195,57,32,12,140,0,241,0,0,9.2,7.4,11.0,8.9,9.0,2152,1,0,0,0,1,25.542412,-21.4921,14.764635,-4.8649335,-88.46863,1786
495,51,32,0,16,7,0,0,55,0,17.6,16.3,21.2,19.7,3.0,1083,1,0,0,0,1,18.564693,-17.846298,17.959114,-2.0713332,-69.54976,899
496,1106,410,267,108,152,25,962,0,0,15.0,17.2,17.2,19.8,20.0,19034,0,1,0,0,1,228.29774,-197.16159,128.45897,-45.148304,-791.27795,16560
497,99,13,32,3,42,5,95,0,0,5.3,5.5,6.4,6.7,4.0,634,1,0,0,0,1,14.156489,-12.679792,27.015713,1.6921964,-51.23019,526
498,56,24,0,9,14,0,47,0,0,7.9,9.4,7.9,9.4,6.0,440,0,1,0,0,1,19.873293,-12.158397,40.083485,-1.2633431,-53.81459,440
499,213,123,91,28,0,0,36,206,0,10.3,9.0,10.3,9.0,7.0,2185,1,0,0,0,1,36.357407,-30.400093,21.38392,-6.7009845,-126.93634,2185
