rely,data,cplx,time,stor,virt,turn,acap,aexp,pcap,vexp,lexp,modp,tool,sced,loc,Generated_Var_1,Generated_Var_2,Generated_Var_3,Generated_Var_5,actual
0.2,1.0,0.0,0.0,0.1071428571428572,0.6511627906976741,0.7142857142857147,0.64,0.6595744680851061,0.6527777777777778,0.645161290322581,0.2631578947368424,1.0,0.6585365853658539,0.173913043478261,0.0967056323060573,0.7252832,0.5290435,0.5153685,0.18146172,0.1785222176389534
0.2,1.0,0.1578947368421052,0.0,0.1071428571428572,0.3023255813953488,0.7142857142857147,0.3866666666666667,0.1914893617021278,0.4166666666666667,0.0,0.0,0.666666666666667,0.4146341463414635,0.0,0.2534973258305604,0.6554795,0.59746236,0.58029926,0.37743145,0.1399057406903572
0.3846153846153847,1.0,0.1578947368421052,0.0,0.0,0.0,0.2499999999999999,0.2,0.0,0.2222222222222222,0.0,0.0,0.2142857142857144,0.1951219512195123,0.0,0.1132558666225327,0.46563187,0.60753375,0.5925661,0.6166229,0.020809015192073
0.0,1.0,0.0,0.0,0.0,0.0,0.4642857142857144,0.64,0.1914893617021278,1.0,0.3225806451612903,0.0,1.0,0.4146341463414635,0.173913043478261,0.0505391892127314,0.6256941,0.3221257,0.45286947,0.22558522,0.0205457210310599
0.2,0.0,0.3157894736842105,0.0,0.0,0.0,0.4642857142857144,0.3866666666666667,0.3829787234042554,0.2222222222222222,0.0,0.0,1.0,0.4146341463414635,0.0,0.0122123307956307,0.30341712,0.16046333,0.7975744,0.58621204,0.0023784239211521
0.0,0.272727272727273,0.1578947368421052,0.0,0.3749999999999999,0.3023255813953488,0.4642857142857144,1.0,0.3829787234042554,1.0,0.0,0.0,1.0,0.6585365853658539,0.0,0.0017595512273305,0.66655684,0.22885229,0.47691533,0.03293351,0.0032560711245293
0.0,0.272727272727273,0.3157894736842105,0.0,0.0,0.0,0.0,0.3866666666666667,0.3829787234042554,0.4166666666666667,0.0,0.0,0.2142857142857144,0.1951219512195123,0.0,0.004285639623003,0.4898177,0.24996677,0.63936955,0.41810462,0.0001843059127092
0.6153846153846153,0.0,0.6315789473684211,1.0,1.0,1.0,0.4642857142857144,0.0,0.1914893617021278,0.4166666666666667,1.0,1.0,0.666666666666667,0.6585365853658539,0.347826086956522,0.0174387205797808,0.7220429,0.46889713,0.11228771,0.09346955,0.093829262513055
0.6153846153846153,0.0,0.6315789473684211,0.4545454545454546,0.3749999999999999,0.6511627906976741,0.4642857142857144,0.2,0.3829787234042554,0.2222222222222222,0.645161290322581,0.6315789473684218,0.2142857142857144,0.4146341463414635,0.0,0.0244072402919809,0.5702579,0.38562426,0.49414292,0.36214608,0.0366066648528624
1.0,0.0,0.6315789473684211,0.1666666666666668,1.0,0.3023255813953488,0.7142857142857147,0.2,0.0,0.2222222222222222,0.0,0.2631578947368424,0.4285714285714286,0.4146341463414635,0.0,0.0235361753279559,0.8308147,0.57689035,0.254751,0.17897755,0.0276546633784151
1.0,0.0,0.6315789473684211,0.1666666666666668,1.0,0.3023255813953488,0.7142857142857147,0.2,0.0,0.2222222222222222,0.0,0.2631578947368424,0.4285714285714286,0.4146341463414635,0.0,0.026149370220031,0.8294463,0.5737164,0.2561547,0.17893465,0.0186148971836301
0.6153846153846153,0.0,0.6315789473684211,0.1666666666666668,0.1071428571428572,0.3023255813953488,0.4642857142857144,0.2,0.0,0.2222222222222222,0.3225806451612903,0.0,0.2142857142857144,0.4146341463414635,0.347826086956522,0.0305046950401561,0.21578999,0.26654744,0.7736144,0.70462966,0.0171228969378889
0.6153846153846153,0.0,0.6315789473684211,0.1666666666666668,0.1071428571428572,0.6511627906976741,0.4642857142857144,0.0,0.3829787234042554,0.0,0.645161290322581,0.2631578947368424,0.0,0.4146341463414635,0.0,0.0200519154718558,0.23156162,0.27809533,0.86302423,0.8035734,0.0064156010566872
0.6153846153846153,0.0,1.0,0.4545454545454546,1.0,0.6511627906976741,0.4642857142857144,0.2,0.3829787234042554,0.0,0.645161290322581,0.6315789473684218,0.666666666666667,1.0,1.0,0.0008884862633055,0.4919847,0.22279517,0.5884703,0.4930871,0.0047480713702705
1.0,0.0,0.6315789473684211,0.4545454545454546,0.1071428571428572,0.6511627906976741,0.0,0.2,0.6595744680851061,0.2222222222222222,1.0,1.0,0.2142857142857144,0.4146341463414635,1.0,0.001672444730928,0.3650769,0.4312062,0.6440267,0.736571,0.0048358360906082
1.0,0.272727272727273,0.6315789473684211,0.4545454545454546,1.0,0.3023255813953488,0.0,0.2,0.3829787234042554,0.2222222222222222,0.3225806451612903,0.2631578947368424,0.4285714285714286,0.4146341463414635,0.0,0.003588787651783,0.7219028,0.5698663,0.25525278,0.19643559,0.0029927769635162
1.0,0.272727272727273,0.6315789473684211,0.4545454545454546,1.0,0.3023255813953488,0.0,0.2,0.0,0.2222222222222222,0.3225806451612903,0.2631578947368424,0.4285714285714286,0.4146341463414635,0.0,0.0014111252417205,0.62607604,0.62202764,0.2239799,0.24742481,0.0002720706330469
0.6153846153846153,1.0,0.4736842105263157,0.4545454545454546,0.3749999999999999,0.3023255813953488,0.7142857142857147,0.2,0.3829787234042554,0.4166666666666667,0.3225806451612903,0.2631578947368424,1.0,0.6585365853658539,0.347826086956522,0.2770160798592359,0.88369036,1.0,0.18522875,0.244128,1.0
0.6153846153846153,0.636363636363637,0.3157894736842105,0.1666666666666668,0.3749999999999999,0.0,0.2499999999999999,0.0,0.1914893617021278,0.4166666666666667,0.3225806451612903,0.2631578947368424,0.2142857142857144,0.1951219512195123,0.0,1.0,0.7017851,0.77685213,0.34296125,0.2731575,0.5787293423789506
1.0,0.636363636363637,0.6315789473684211,0.1666666666666668,0.3749999999999999,0.6511627906976741,0.7142857142857147,0.0,0.0,0.527777777777778,0.645161290322581,0.6315789473684218,1.0,0.4146341463414635,0.347826086956522,0.2587237156147105,0.76430607,0.8390832,0.19034101,0.2286003,0.5611763983114068
0.3846153846153847,1.0,0.4736842105263157,0.090909090909091,0.2499999999999998,0.0,0.0,0.2,0.3829787234042554,0.4166666666666667,0.3225806451612903,0.2631578947368424,0.2142857142857144,0.1951219512195123,0.0,0.2177836623055347,0.7265927,0.646351,0.35077167,0.33005625,0.2149445765791067
0.6153846153846153,0.272727272727273,0.3157894736842105,0.4090909090909091,0.1071428571428572,0.3023255813953488,0.4642857142857144,0.2,0.0,0.2222222222222222,0.0,0.2631578947368424,0.2142857142857144,0.4146341463414635,1.0,0.1010609571261824,0.28119892,0.41173622,0.8024409,0.8824257,0.0630238456745157
0.6153846153846153,0.272727272727273,0.3157894736842105,0.1212121212121213,0.1071428571428572,0.3023255813953488,0.4642857142857144,0.2,0.0,0.2222222222222222,0.0,0.2631578947368424,0.4285714285714286,0.4146341463414635,1.0,0.0653472936011567,0.22793953,0.3363274,0.8596521,0.9056128,0.0467873724120378
0.2,0.272727272727273,0.1578947368421052,0.090909090909091,0.1071428571428572,0.3023255813953488,0.0,0.3866666666666667,1.0,0.4166666666666667,0.645161290322581,0.0,0.0,0.0,0.0,0.0766711381334819,0.47454005,0.29598692,0.5483062,0.33886638,0.039239606462994
0.6153846153846153,1.0,0.6315789473684211,0.2272727272727271,0.1071428571428572,0.3023255813953488,0.0,0.2,0.3829787234042554,0.2222222222222222,0.645161290322581,0.2631578947368424,0.0,0.1951219512195123,0.347826086956522,0.0313757600041811,0.4112889,0.62349135,0.53774595,0.67103106,0.0453831368866343
0.2923076923076922,0.272727272727273,0.1578947368421052,0.1060606060606061,0.1071428571428572,0.6511627906976741,0.7142857142857147,0.2,0.3829787234042554,0.2222222222222222,0.645161290322581,0.2631578947368424,0.2142857142857144,0.6585365853658539,0.347826086956522,0.0400864096444312,0.33816245,0.17059924,0.89444035,0.75852585,0.0334471349207045
0.6153846153846153,0.0,0.4736842105263157,0.5303030303030305,0.3749999999999999,0.3023255813953488,0.0,0.3866666666666667,0.3829787234042554,0.4166666666666667,0.3225806451612903,0.2631578947368424,0.0,0.6585365853658539,0.347826086956522,0.0064633020330656,0.4081929,0.47419494,0.51285946,0.47026896,0.0072054835397267
0.6153846153846153,0.636363636363637,0.6315789473684211,0.1666666666666668,0.3749999999999999,0.6511627906976741,0.7142857142857147,0.2,0.3829787234042554,0.2222222222222222,0.645161290322581,0.6315789473684218,0.666666666666667,0.6585365853658539,0.0,0.0095991359035556,0.76703006,0.5512532,0.3856481,0.2691525,0.0080831307431038
0.2,0.272727272727273,0.3157894736842105,0.0,0.0,0.3023255813953488,0.4642857142857144,0.5200000000000001,1.0,0.2222222222222222,0.3225806451612903,0.2631578947368424,0.2142857142857144,0.1951219512195123,1.0,0.000139370394244,0.42519256,0.28300932,0.7306203,0.64206994,0.0001228706084728
0.2,0.272727272727273,0.3157894736842105,0.0,0.0,0.3023255813953488,0.4642857142857144,0.3866666666666667,1.0,0.2222222222222222,0.3225806451612903,0.2631578947368424,0.2142857142857144,0.1951219512195123,1.0,0.0,0.39158174,0.291939,0.75293624,0.68546057,0.0
1.0,0.636363636363637,0.3157894736842105,0.7272727272727273,1.0,0.6511627906976741,0.7142857142857147,0.2,0.0,0.2222222222222222,0.645161290322581,0.6315789473684218,0.4285714285714286,0.4146341463414635,0.0,0.0522813191407815,1.0,0.89857304,0.0,0.0,0.0927760858690023
0.2,0.636363636363637,0.1578947368421052,0.0,0.0,0.3023255813953488,0.4642857142857144,0.0,0.0,0.4166666666666667,0.3225806451612903,0.2631578947368424,0.666666666666667,0.6585365853658539,0.0,0.337990627340987,0.3377228,0.34897807,0.72533554,0.6210184,0.0610930218270859
1.0,0.636363636363637,0.6315789473684211,0.7272727272727273,1.0,0.6511627906976741,0.2499999999999999,0.2,0.0,0.2222222222222222,0.0,0.2631578947368424,0.2142857142857144,0.1951219512195123,0.0,0.0348600198602811,0.87414026,0.8466928,0.0975174,0.17343447,0.0525798439543272
0.6153846153846153,0.636363636363637,0.3157894736842105,0.090909090909091,0.0,0.3023255813953488,0.0,0.3866666666666667,0.3829787234042554,0.4166666666666667,0.3225806451612903,0.2631578947368424,0.2142857142857144,0.6585365853658539,1.0,0.0183097855438058,0.28324583,0.41119435,0.78169054,0.8498582,0.0196680738276827
0.0,0.0,0.6315789473684211,0.090909090909091,0.3749999999999999,0.6511627906976741,0.4642857142857144,0.3866666666666667,0.1914893617021278,0.4166666666666667,0.645161290322581,0.2631578947368424,1.0,1.0,0.0,0.0095991359035556,0.35874817,0.0,0.64068097,0.47428125,0.0066788952177003
0.2,0.5000000000000006,0.1157894736842106,0.0,0.0,0.0,0.0,0.64,0.3829787234042554,0.6527777777777778,0.0,0.0,0.4285714285714286,0.1951219512195123,0.173913043478261,0.0113412658316057,0.53435093,0.29925308,0.58912325,0.3820188,0.0043092477685819
0.2,0.0,0.0,0.0,0.1071428571428572,0.3023255813953488,0.4642857142857144,0.2,0.0,0.2222222222222222,0.3225806451612903,0.2631578947368424,0.4285714285714286,0.4146341463414635,0.0,0.0505391892127314,0.20283619,0.1256676,0.86975634,0.7252568,0.0036071300058802
0.3846153846153847,0.272727272727273,0.4736842105263157,0.0,0.0,0.0,0.0,0.0,0.1914893617021278,0.4166666666666667,0.0,0.0,0.0,0.1951219512195123,0.0,0.0113412658316057,0.4346466,0.4443639,0.5635469,0.49821025,0.00053536479406
0.3846153846153847,0.272727272727273,0.4736842105263157,0.0,0.0,0.0,0.4642857142857144,0.0,0.0,0.0,0.3225806451612903,0.0,0.2142857142857144,0.6585365853658539,0.0,0.0036758941481855,0.14941265,0.19689578,0.979395,0.990214,0.0001843059127092
0.3846153846153847,0.0,0.6315789473684211,0.0,0.0,0.3023255813953488,0.0,0.2,0.0,0.6527777777777778,0.3225806451612903,0.2631578947368424,0.666666666666667,0.4146341463414635,0.0,0.0008884862633055,0.21431328,0.32504055,0.53758365,0.54162174,0.0001843059127092
0.2,0.0,0.3157894736842105,0.0,0.0,0.0,0.0,0.3866666666666667,0.0,0.0,0.0,0.0,0.2142857142857144,0.1951219512195123,0.0,0.002891935680563,0.118350506,0.29314524,0.8743757,0.825586,8.776472033771834e-06
0.2,0.454545454545455,0.3894736842105264,0.0,0.1071428571428572,0.0,0.7142857142857147,0.2,0.3829787234042554,0.3194444444444446,0.0,0.0,0.3095238095238095,0.2926829268292683,0.173913043478261,0.0379087472343687,0.54909897,0.33969775,0.6427042,0.47773018,0.0034316005652047
0.3846153846153847,0.454545454545455,0.3894736842105264,0.0,0.3749999999999999,0.0,0.7142857142857147,0.2,0.3829787234042554,0.4166666666666667,0.0,0.0,0.4285714285714286,0.4146341463414635,0.173913043478261,0.0231877493423459,0.6458077,0.40229425,0.51226866,0.3355805,0.0067666599380381
0.2,0.454545454545455,0.3894736842105264,0.090909090909091,0.3749999999999999,0.0,0.7142857142857147,0.3866666666666667,0.3829787234042554,0.4166666666666667,0.0,0.0,0.666666666666667,0.4146341463414635,0.173913043478261,0.0249298792703959,0.6137908,0.31407043,0.58384335,0.36411393,0.0071177188193889
0.2,0.454545454545455,0.3894736842105264,0.0,0.1071428571428572,0.0,0.7142857142857147,0.3866666666666667,0.3829787234042554,0.4166666666666667,0.0,0.0,0.4285714285714286,0.2926829268292683,0.173913043478261,0.028762565112106,0.59048694,0.31642002,0.6070819,0.39760903,0.0087852485058056
0.2,0.454545454545455,0.3894736842105264,0.0,0.1071428571428572,0.0,0.7142857142857147,0.3866666666666667,0.3829787234042554,0.2222222222222222,0.0,0.0,0.4285714285714286,0.4146341463414635,0.173913043478261,0.0618630337450567,0.5078232,0.2968667,0.7091142,0.5449944,0.01054054291256
0.0,0.0,0.6315789473684211,0.0,0.0,0.0,0.0,0.0,0.0,0.0,0.645161290322581,0.6315789473684218,0.666666666666667,0.4146341463414635,0.173913043478261,0.0183097855438058,0.055288848,0.037292115,0.85686576,0.85960114,0.0026417180821653
0.2,0.0,0.1578947368421052,0.0,0.0,0.0,0.4642857142857144,0.64,0.1914893617021278,0.6527777777777778,0.0,0.0,0.666666666666667,0.4146341463414635,0.173913043478261,0.4024494346788383,0.37576938,0.1659144,0.68322474,0.42277393,0.1111189124195855
0.3846153846153847,0.272727272727273,0.1578947368421052,0.0,0.0,0.3023255813953488,0.0,0.0,0.3829787234042554,0.0,0.645161290322581,0.2631578947368424,0.0,0.1951219512195123,0.0,0.077542203097507,0.0,0.26551318,1.0,1.0,0.0131734845226915
0.6153846153846153,0.272727272727273,0.3157894736842105,0.4545454545454546,0.3749999999999999,0.3023255813953488,0.0,0.2,0.3829787234042554,0.2222222222222222,0.645161290322581,0.2631578947368424,0.4285714285714286,0.4146341463414635,0.0,0.0191808505078308,0.3682735,0.36198518,0.5905508,0.50788385,0.0149287789294459
0.2,0.272727272727273,0.3157894736842105,0.0,0.0,0.3023255813953488,1.0,0.64,0.3829787234042554,1.0,0.3225806451612903,0.0,1.0,0.6585365853658539,0.173913043478261,0.0069859410114806,0.56523746,0.14310038,0.54839474,0.21539973,0.0101894840312091
0.2,0.0,0.1578947368421052,0.0,0.1071428571428572,0.6511627906976741,0.4642857142857144,0.3866666666666667,0.3829787234042554,0.4166666666666667,0.645161290322581,0.6315789473684218,1.0,0.6585365853658539,0.0,0.0054180240762356,0.43223956,0.13260797,0.65202725,0.35890657,0.0030805416838539
0.2,0.0,0.4736842105263157,0.1666666666666668,0.3749999999999999,1.0,0.4642857142857144,0.0,0.3829787234042554,0.0,0.645161290322581,0.6315789473684218,0.4285714285714286,0.6585365853658539,0.347826086956522,0.002891935680563,0.34821743,0.038311817,0.8796704,0.70705956,0.0007108942347355
0.3846153846153847,0.0,0.3157894736842105,0.0,0.1071428571428572,0.6511627906976741,0.0,0.3866666666666667,0.0,0.4166666666666667,0.3225806451612903,0.0,0.2142857142857144,0.6585365853658539,0.0,0.0021079772129405,0.13243568,0.34346312,0.7193276,0.6899496,0.0012374825567618
0.2,0.0,0.0,0.0,0.0,0.0,0.0,0.2,0.0,0.6527777777777778,0.0,0.0,0.666666666666667,0.4146341463414635,0.0,0.003763000644588,0.19985782,0.33404037,0.6600374,0.6208394,0.0010619531160863
0.6153846153846153,0.0,0.6315789473684211,0.4545454545454546,0.3749999999999999,0.3023255813953488,0.4642857142857144,0.2,0.1914893617021278,0.4166666666666667,0.645161290322581,0.6315789473684218,0.666666666666667,0.6585365853658539,0.347826086956522,0.0217940453999059,0.4992189,0.29257727,0.49306092,0.40428418,0.0835607902335419
0.3846153846153847,0.0,0.4736842105263157,0.1666666666666668,0.3749999999999999,1.0,0.4642857142857144,0.3866666666666667,0.3829787234042554,0.4166666666666667,0.645161290322581,0.6315789473684218,0.666666666666667,0.6585365853658539,1.0,0.0130833957596557,0.36967346,0.13815244,0.72476524,0.5615432,0.0202824268700467
1.0,0.0,0.6315789473684211,1.0,0.3749999999999999,0.3023255813953488,0.4642857142857144,0.0,0.0,0.0,0.0,0.0,0.2142857142857144,0.4146341463414635,0.0,0.0200519154718558,0.39913267,0.72118324,0.49472547,0.6682559,0.0108916017939108
0.3846153846153847,0.0,0.4736842105263157,0.090909090909091,0.1071428571428572,0.3023255813953488,0.0,0.3866666666666667,0.3829787234042554,0.4166666666666667,0.3225806451612903,0.2631578947368424,0.2142857142857144,0.4146341463414635,0.0,0.0183097855438058,0.33688837,0.24232759,0.6782171,0.5067956,0.0056257185736477
0.6153846153846153,0.0,0.6315789473684211,0.1666666666666668,0.1071428571428572,0.3023255813953488,0.4642857142857144,0.2,0.6595744680851061,0.2222222222222222,0.645161290322581,0.6315789473684218,0.666666666666667,0.6585365853658539,0.347826086956522,0.004111426630198,0.43412912,0.2544422,0.68012404,0.5544361,0.0044847772092574
0.3846153846153847,0.0,0.4736842105263157,0.0,0.0,0.0,0.0,0.2,0.3829787234042554,0.2222222222222222,0.0,0.2631578947368424,0.0,0.4146341463414635,0.0,0.0226651103639309,0.3428793,0.33003795,0.76054645,0.6880669,0.0038704241668933
0.2,0.0,0.6315789473684211,0.1666666666666668,0.3749999999999999,0.6511627906976741,0.4642857142857144,0.0933333333333334,0.0,0.0,1.0,1.0,0.2142857142857144,1.0,0.0,0.0062019825438581,0.4390271,0.1473795,0.71728104,0.5604781,0.0028172475228407
0.3846153846153847,0.0,0.4736842105263157,0.0,0.0,0.3023255813953488,0.0,0.0,0.0,0.2222222222222222,0.3225806451612903,0.2631578947368424,0.0,0.4146341463414635,0.0,0.0069859410114806,0.09567409,0.26850566,0.84489864,0.82305896,0.0007986589550732
