rely,data,cplx,time,stor,virt,turn,acap,aexp,pcap,vexp,lexp,modp,tool,sced,loc,Generated_Var_1,Generated_Var_2,Generated_Var_3,Generated_Var_4,Generated_Var_5,Generated_Var_8,Generated_Var_10,actual
0.2,1.0,0.0,0.0,0.1071428571428572,0.6511627906976741,0.7142857142857147,0.64,0.6595744680851061,0.6527777777777778,0.645161290322581,0.2631578947368424,1.0,0.6585365853658539,0.173913043478261,0.0967056323060573,-0.22992586,-0.19037005,-0.19885737,-0.1767742,0.020055141,-0.25424144,0.022880426,0.1785222176389534
0.2,1.0,0.1578947368421052,0.0,0.1071428571428572,0.3023255813953488,0.7142857142857147,0.3866666666666667,0.1914893617021278,0.4166666666666667,0.0,0.0,0.666666666666667,0.4146341463414635,0.0,0.2534973258305604,-0.19751205,-0.18749456,-0.19473653,-0.1630024,0.010760337,-0.24358189,0.020616554,0.1399057406903572
0.3846153846153847,1.0,0.1578947368421052,0.0,0.0,0.0,0.2499999999999999,0.2,0.0,0.2222222222222222,0.0,0.0,0.2142857142857144,0.1951219512195123,0.0,0.1132558666225327,-0.18525502,-0.2019946,-0.2005902,-0.15927908,-0.006630514,-0.25379646,0.03899054,0.020809015192073
0.0,1.0,0.0,0.0,0.0,0.0,0.4642857142857144,0.64,0.1914893617021278,1.0,0.3225806451612903,0.0,1.0,0.4146341463414635,0.173913043478261,0.0505391892127314,-0.19456299,-0.17658551,-0.19575016,-0.1686164,0.012607586,-0.23894137,0.021971144,0.0205457210310599
0.2,0.0,0.3157894736842105,0.0,0.0,0.0,0.4642857142857144,0.3866666666666667,0.3829787234042554,0.2222222222222222,0.0,0.0,1.0,0.4146341463414635,0.0,0.0122123307956307,-0.17776892,-0.18892413,-0.2092278,-0.1599433,-0.019559588,-0.2596426,0.046090808,0.0023784239211521
0.0,0.272727272727273,0.1578947368421052,0.0,0.3749999999999999,0.3023255813953488,0.4642857142857144,1.0,0.3829787234042554,1.0,0.0,0.0,1.0,0.6585365853658539,0.0,0.0017595512273305,-0.17191832,-0.17411809,-0.20564303,-0.17562355,0.001841303,-0.23676825,0.034665685,0.0032560711245293
0.0,0.272727272727273,0.3157894736842105,0.0,0.0,0.0,0.0,0.3866666666666667,0.3829787234042554,0.4166666666666667,0.0,0.0,0.2142857142857144,0.1951219512195123,0.0,0.004285639623003,-0.16024251,-0.18758035,-0.20362419,-0.16330272,-0.015306534,-0.24411008,0.040020034,0.0001843059127092
0.6153846153846153,0.0,0.6315789473684211,1.0,1.0,1.0,0.4642857142857144,0.0,0.1914893617021278,0.4166666666666667,1.0,1.0,0.666666666666667,0.6585365853658539,0.347826086956522,0.0174387205797808,-0.22072847,-0.2232839,-0.20202978,-0.16594684,0.011553504,-0.26136312,0.024118254,0.093829262513055
0.6153846153846153,0.0,0.6315789473684211,0.4545454545454546,0.3749999999999999,0.6511627906976741,0.4642857142857144,0.2,0.3829787234042554,0.2222222222222222,0.645161290322581,0.6315789473684218,0.2142857142857144,0.4146341463414635,0.0,0.0244072402919809,-0.20073934,-0.21735322,-0.20207672,-0.16140279,0.0057443827,-0.25697666,0.030907713,0.0366066648528624
1.0,0.0,0.6315789473684211,0.1666666666666668,1.0,0.3023255813953488,0.7142857142857147,0.2,0.0,0.2222222222222222,0.0,0.2631578947368424,0.4285714285714286,0.4146341463414635,0.0,0.0235361753279559,-0.19851139,-0.23094344,-0.21361554,-0.16198488,-0.013955118,-0.27638656,0.053140152,0.0276546633784151
1.0,0.0,0.6315789473684211,0.1666666666666668,1.0,0.3023255813953488,0.7142857142857147,0.2,0.0,0.2222222222222222,0.0,0.2631578947368424,0.4285714285714286,0.4146341463414635,0.0,0.026149370220031,-0.1981506,-0.23090513,-0.21366383,-0.16189677,-0.0141569935,-0.27639854,0.05328649,0.0186148971836301
0.6153846153846153,0.0,0.6315789473684211,0.1666666666666668,0.1071428571428572,0.3023255813953488,0.4642857142857144,0.2,0.0,0.2222222222222222,0.3225806451612903,0.0,0.2142857142857144,0.4146341463414635,0.347826086956522,0.0305046950401561,-0.17804277,-0.20992136,-0.20217523,-0.15516973,-0.011579171,-0.258132,0.041822772,0.0171228969378889
0.6153846153846153,0.0,0.6315789473684211,0.1666666666666668,0.1071428571428572,0.6511627906976741,0.4642857142857144,0.0,0.3829787234042554,0.0,0.645161290322581,0.2631578947368424,0.0,0.4146341463414635,0.0,0.0200519154718558,-0.17967427,-0.21943659,-0.2041094,-0.15456033,-0.0042980425,-0.2559042,0.03621795,0.0064156010566872
0.6153846153846153,0.0,1.0,0.4545454545454546,1.0,0.6511627906976741,0.4642857142857144,0.2,0.3829787234042554,0.0,0.645161290322581,0.6315789473684218,0.666666666666667,1.0,1.0,0.0008884862633055,-0.19546017,-0.20334804,-0.19858824,-0.16038251,0.006382603,-0.24927652,0.026690654,0.0047480713702705
1.0,0.0,0.6315789473684211,0.4545454545454546,0.1071428571428572,0.6511627906976741,0.0,0.2,0.6595744680851061,0.2222222222222222,1.0,1.0,0.2142857142857144,0.4146341463414635,1.0,0.001672444730928,-0.26587728,-0.23960602,-0.21103954,-0.1835009,0.018445779,-0.2858759,0.027192557,0.0048358360906082
1.0,0.272727272727273,0.6315789473684211,0.4545454545454546,1.0,0.3023255813953488,0.0,0.2,0.3829787234042554,0.2222222222222222,0.3225806451612903,0.2631578947368424,0.4285714285714286,0.4146341463414635,0.0,0.003588787651783,-0.18728471,-0.21487927,-0.20818773,-0.16470772,-0.0009923279,-0.25848806,0.03955155,0.0029927769635162
1.0,0.272727272727273,0.6315789473684211,0.4545454545454546,1.0,0.3023255813953488,0.0,0.2,0.0,0.2222222222222222,0.3225806451612903,0.2631578947368424,0.4285714285714286,0.4146341463414635,0.0,0.0014111252417205,-0.17914933,-0.21570203,-0.20729467,-0.15958259,-0.0045347326,-0.2568186,0.040134437,0.0002720706330469
0.6153846153846153,1.0,0.4736842105263157,0.4545454545454546,0.3749999999999999,0.3023255813953488,0.7142857142857147,0.2,0.3829787234042554,0.4166666666666667,0.3225806451612903,0.2631578947368424,1.0,0.6585365853658539,0.347826086956522,0.2770160798592359,-0.27432662,-0.22332819,-0.201444,-0.18119687,0.026693642,-0.27355647,0.010090355,1.0
0.6153846153846153,0.636363636363637,0.3157894736842105,0.1666666666666668,0.3749999999999999,0.0,0.2499999999999999,0.0,0.1914893617021278,0.4166666666666667,0.3225806451612903,0.2631578947368424,0.2142857142857144,0.1951219512195123,0.0,1.0,-0.2550087,-0.2575358,-0.21562669,-0.17921081,0.012226354,-0.2859725,0.035365842,0.5787293423789506
1.0,0.636363636363637,0.6315789473684211,0.1666666666666668,0.3749999999999999,0.6511627906976741,0.7142857142857147,0.0,0.0,0.527777777777778,0.645161290322581,0.6315789473684218,1.0,0.4146341463414635,0.347826086956522,0.2587237156147105,-0.2842003,-0.26069635,-0.21462311,-0.18700905,0.021436878,-0.2950792,0.025315728,0.5611763983114068
0.3846153846153847,1.0,0.4736842105263157,0.090909090909091,0.2499999999999998,0.0,0.0,0.2,0.3829787234042554,0.4166666666666667,0.3225806451612903,0.2631578947368424,0.2142857142857144,0.1951219512195123,0.0,0.2177836623055347,-0.19461823,-0.19694752,-0.1987916,-0.16015384,0.006250471,-0.24840939,0.027462533,0.2149445765791067
0.6153846153846153,0.272727272727273,0.3157894736842105,0.4090909090909091,0.1071428571428572,0.3023255813953488,0.4642857142857144,0.2,0.0,0.2222222222222222,0.0,0.2631578947368424,0.2142857142857144,0.4146341463414635,1.0,0.1010609571261824,-0.22879548,-0.21134989,-0.20197344,-0.16832456,0.0038825236,-0.26704484,0.030097455,0.0630238456745157
0.6153846153846153,0.272727272727273,0.3157894736842105,0.1212121212121213,0.1071428571428572,0.3023255813953488,0.4642857142857144,0.2,0.0,0.2222222222222222,0.0,0.2631578947368424,0.4285714285714286,0.4146341463414635,1.0,0.0653472936011567,-0.22873168,-0.21309797,-0.20398231,-0.1692132,0.006096069,-0.26777014,0.032394286,0.0467873724120378
0.2,0.272727272727273,0.1578947368421052,0.090909090909091,0.1071428571428572,0.3023255813953488,0.0,0.3866666666666667,1.0,0.4166666666666667,0.645161290322581,0.0,0.0,0.0,0.0,0.0766711381334819,-0.2001992,-0.20495029,-0.21168455,-0.17878145,-0.015855432,-0.27229086,0.04526224,0.039239606462994
0.6153846153846153,1.0,0.6315789473684211,0.2272727272727271,0.1071428571428572,0.3023255813953488,0.0,0.2,0.3829787234042554,0.2222222222222222,0.645161290322581,0.2631578947368424,0.0,0.1951219512195123,0.347826086956522,0.0313757600041811,-0.20232025,-0.20207128,-0.19719875,-0.16184978,0.009502951,-0.25008374,0.023105592,0.0453831368866343
0.2923076923076922,0.272727272727273,0.1578947368421052,0.1060606060606061,0.1071428571428572,0.6511627906976741,0.7142857142857147,0.2,0.3829787234042554,0.2222222222222222,0.645161290322581,0.2631578947368424,0.2142857142857144,0.6585365853658539,0.347826086956522,0.0400864096444312,-0.19239962,-0.1977666,-0.1963338,-0.15928015,0.005648572,-0.24747422,0.026008569,0.0334471349207045
0.6153846153846153,0.0,0.4736842105263157,0.5303030303030305,0.3749999999999999,0.3023255813953488,0.0,0.3866666666666667,0.3829787234042554,0.4166666666666667,0.3225806451612903,0.2631578947368424,0.0,0.6585365853658539,0.347826086956522,0.0064633020330656,-0.17825007,-0.19644314,-0.19891317,-0.15844066,0.001408752,-0.24473488,0.03410212,0.0072054835397267
0.6153846153846153,0.636363636363637,0.6315789473684211,0.1666666666666668,0.3749999999999999,0.6511627906976741,0.7142857142857147,0.2,0.3829787234042554,0.2222222222222222,0.645161290322581,0.6315789473684218,0.666666666666667,0.6585365853658539,0.0,0.0095991359035556,-0.20853801,-0.21581118,-0.20116343,-0.16361277,0.008804612,-0.2573625,0.027470646,0.0080831307431038
0.2,0.272727272727273,0.3157894736842105,0.0,0.0,0.3023255813953488,0.4642857142857144,0.5200000000000001,1.0,0.2222222222222222,0.3225806451612903,0.2631578947368424,0.2142857142857144,0.1951219512195123,1.0,0.000139370394244,-0.24240433,-0.18790981,-0.20149215,-0.17421156,4.101172e-05,-0.27870065,0.03929137,0.0001228706084728
0.2,0.272727272727273,0.3157894736842105,0.0,0.0,0.3023255813953488,0.4642857142857144,0.3866666666666667,1.0,0.2222222222222222,0.3225806451612903,0.2631578947368424,0.2142857142857144,0.1951219512195123,1.0,0.0,-0.24012025,-0.18788783,-0.20160747,-0.17356709,0.0007464625,-0.275774,0.03721013,0.0
1.0,0.636363636363637,0.3157894736842105,0.7272727272727273,1.0,0.6511627906976741,0.7142857142857147,0.2,0.0,0.2222222222222222,0.645161290322581,0.6315789473684218,0.4285714285714286,0.4146341463414635,0.0,0.0522813191407815,-0.23430835,-0.22851504,-0.20488267,-0.16993448,0.012421712,-0.26830438,0.025775917,0.0927760858690023
0.2,0.636363636363637,0.1578947368421052,0.0,0.0,0.3023255813953488,0.4642857142857144,0.0,0.0,0.4166666666666667,0.3225806451612903,0.2631578947368424,0.666666666666667,0.6585365853658539,0.0,0.337990627340987,-0.1815717,-0.20446353,-0.1974233,-0.15542254,0.0017891936,-0.24689662,0.030329125,0.0610930218270859
1.0,0.636363636363637,0.6315789473684211,0.7272727272727273,1.0,0.6511627906976741,0.2499999999999999,0.2,0.0,0.2222222222222222,0.0,0.2631578947368424,0.2142857142857144,0.1951219512195123,0.0,0.0348600198602811,-0.20741385,-0.21353701,-0.20100069,-0.16380702,0.008622222,-0.25691873,0.02789942,0.0525798439543272
0.6153846153846153,0.636363636363637,0.3157894736842105,0.090909090909091,0.0,0.3023255813953488,0.0,0.3866666666666667,0.3829787234042554,0.4166666666666667,0.3225806451612903,0.2631578947368424,0.2142857142857144,0.6585365853658539,1.0,0.0183097855438058,-0.21988852,-0.19749616,-0.1997662,-0.16828471,0.011806864,-0.2572484,0.02622012,0.0196680738276827
0.0,0.0,0.6315789473684211,0.090909090909091,0.3749999999999999,0.6511627906976741,0.4642857142857144,0.3866666666666667,0.1914893617021278,0.4166666666666667,0.645161290322581,0.2631578947368424,1.0,1.0,0.0,0.0095991359035556,-0.13522676,-0.18539901,-0.19922565,-0.14911073,-0.010773124,-0.23201767,0.03874503,0.0066788952177003
0.2,0.5000000000000006,0.1157894736842106,0.0,0.0,0.0,0.0,0.64,0.3829787234042554,0.6527777777777778,0.0,0.0,0.4285714285714286,0.1951219512195123,0.173913043478261,0.0113412658316057,-0.19776332,-0.20151916,-0.2116948,-0.1797294,-0.0023927204,-0.25489798,0.036914833,0.0043092477685819
0.2,0.0,0.0,0.0,0.1071428571428572,0.3023255813953488,0.4642857142857144,0.2,0.0,0.2222222222222222,0.3225806451612903,0.2631578947368424,0.4285714285714286,0.4146341463414635,0.0,0.0505391892127314,-0.17442872,-0.20640163,-0.2050493,-0.15736726,-0.012566762,-0.25525397,0.04596673,0.0036071300058802
0.3846153846153847,0.272727272727273,0.4736842105263157,0.0,0.0,0.0,0.0,0.0,0.1914893617021278,0.4166666666666667,0.0,0.0,0.0,0.1951219512195123,0.0,0.0113412658316057,-0.17347567,-0.22077744,-0.20899528,-0.16365749,-0.015908135,-0.25559554,0.040378653,0.00053536479406
0.3846153846153847,0.272727272727273,0.4736842105263157,0.0,0.0,0.0,0.4642857142857144,0.0,0.0,0.0,0.3225806451612903,0.0,0.2142857142857144,0.6585365853658539,0.0,0.0036758941481855,-0.13687721,-0.2042034,-0.20040368,-0.14074105,-0.0270526,-0.24636829,0.047179706,0.0001843059127092
0.3846153846153847,0.0,0.6315789473684211,0.0,0.0,0.3023255813953488,0.0,0.2,0.0,0.6527777777777778,0.3225806451612903,0.2631578947368424,0.666666666666667,0.4146341463414635,0.0,0.0008884862633055,-0.17049572,-0.21686028,-0.20745358,-0.16191266,-0.0075661633,-0.2530746,0.04114901,0.0001843059127092
0.2,0.0,0.3157894736842105,0.0,0.0,0.0,0.0,0.3866666666666667,0.0,0.0,0.0,0.0,0.2142857142857144,0.1951219512195123,0.0,0.002891935680563,-0.1509165,-0.2100285,-0.21395096,-0.15758775,-0.040036667,-0.26539347,0.06267779,8.776472033771834e-06
0.2,0.454545454545455,0.3894736842105264,0.0,0.1071428571428572,0.0,0.7142857142857147,0.2,0.3829787234042554,0.3194444444444446,0.0,0.0,0.3095238095238095,0.2926829268292683,0.173913043478261,0.0379087472343687,-0.17453267,-0.1795821,-0.19050074,-0.15518278,-0.00496565,-0.24193946,0.029787924,0.0034316005652047
0.3846153846153847,0.454545454545455,0.3894736842105264,0.0,0.3749999999999999,0.0,0.7142857142857147,0.2,0.3829787234042554,0.4166666666666667,0.0,0.0,0.4285714285714286,0.4146341463414635,0.173913043478261,0.0231877493423459,-0.1780702,-0.18867785,-0.19586119,-0.15726621,-0.0018910207,-0.24422553,0.0326845,0.0067666599380381
0.2,0.454545454545455,0.3894736842105264,0.090909090909091,0.3749999999999999,0.0,0.7142857142857147,0.3866666666666667,0.3829787234042554,0.4166666666666667,0.0,0.0,0.666666666666667,0.4146341463414635,0.173913043478261,0.0249298792703959,-0.1705839,-0.17293605,-0.19098778,-0.15758254,0.0039256327,-0.23222777,0.024332747,0.0071177188193889
0.2,0.454545454545455,0.3894736842105264,0.0,0.1071428571428572,0.0,0.7142857142857147,0.3866666666666667,0.3829787234042554,0.4166666666666667,0.0,0.0,0.4285714285714286,0.2926829268292683,0.173913043478261,0.028762565112106,-0.18036312,-0.17674515,-0.19103962,-0.15894525,-0.0030137599,-0.24324536,0.03024451,0.0087852485058056
0.2,0.454545454545455,0.3894736842105264,0.0,0.1071428571428572,0.0,0.7142857142857147,0.3866666666666667,0.3829787234042554,0.2222222222222222,0.0,0.0,0.4285714285714286,0.4146341463414635,0.173913043478261,0.0618630337450567,-0.17284198,-0.17900155,-0.19215855,-0.15625122,-0.0045355298,-0.24107742,0.031742252,0.01054054291256
0.0,0.0,0.6315789473684211,0.0,0.0,0.0,0.0,0.0,0.0,0.0,0.645161290322581,0.6315789473684218,0.666666666666667,0.4146341463414635,0.173913043478261,0.0183097855438058,-0.13620386,-0.20416085,-0.19674407,-0.13961498,-0.018179929,-0.24241523,0.043003872,0.0026417180821653
0.2,0.0,0.1578947368421052,0.0,0.0,0.0,0.4642857142857144,0.64,0.1914893617021278,0.6527777777777778,0.0,0.0,0.666666666666667,0.4146341463414635,0.173913043478261,0.4024494346788383,-0.2127078,-0.22621188,-0.22101656,-0.17878738,-0.01671785,-0.28116268,0.052505285,0.1111189124195855
0.3846153846153847,0.272727272727273,0.1578947368421052,0.0,0.0,0.3023255813953488,0.0,0.0,0.3829787234042554,0.0,0.645161290322581,0.2631578947368424,0.0,0.1951219512195123,0.0,0.077542203097507,-0.18240072,-0.21739225,-0.2059414,-0.16037795,-0.0012784265,-0.25242618,0.036390103,0.0131734845226915
0.6153846153846153,0.272727272727273,0.3157894736842105,0.4545454545454546,0.3749999999999999,0.3023255813953488,0.0,0.2,0.3829787234042554,0.2222222222222222,0.645161290322581,0.2631578947368424,0.4285714285714286,0.4146341463414635,0.0,0.0191808505078308,-0.18137385,-0.20649241,-0.20359412,-0.1611328,0.0006939396,-0.25089654,0.03588637,0.0149287789294459
0.2,0.272727272727273,0.3157894736842105,0.0,0.0,0.3023255813953488,1.0,0.64,0.3829787234042554,1.0,0.3225806451612903,0.0,1.0,0.6585365853658539,0.173913043478261,0.0069859410114806,-0.19597745,-0.18227568,-0.19511484,-0.16823883,0.0025062114,-0.24999246,0.032069243,0.0101894840312091
0.2,0.0,0.1578947368421052,0.0,0.1071428571428572,0.6511627906976741,0.4642857142857144,0.3866666666666667,0.3829787234042554,0.4166666666666667,0.645161290322581,0.6315789473684218,1.0,0.6585365853658539,0.0,0.0054180240762356,-0.19677232,-0.20495531,-0.20703417,-0.17028165,0.0042333268,-0.25509718,0.035972454,0.0030805416838539
0.2,0.0,0.4736842105263157,0.1666666666666668,0.3749999999999999,1.0,0.4642857142857144,0.0,0.3829787234042554,0.0,0.645161290322581,0.6315789473684218,0.4285714285714286,0.6585365853658539,0.347826086956522,0.002891935680563,-0.18820658,-0.20455341,-0.20073842,-0.15924093,0.0027364641,-0.24901077,0.030613098,0.0007108942347355
0.3846153846153847,0.0,0.3157894736842105,0.0,0.1071428571428572,0.6511627906976741,0.0,0.3866666666666667,0.0,0.4166666666666667,0.3225806451612903,0.0,0.2142857142857144,0.6585365853658539,0.0,0.0021079772129405,-0.1559704,-0.20528485,-0.20626378,-0.15854624,-0.012525449,-0.24789464,0.044788644,0.0012374825567618
0.2,0.0,0.0,0.0,0.0,0.0,0.0,0.2,0.0,0.6527777777777778,0.0,0.0,0.666666666666667,0.4146341463414635,0.0,0.003763000644588,-0.18822399,-0.23008685,-0.22260813,-0.17595693,-0.019848982,-0.271242,0.048060857,0.0010619531160863
0.6153846153846153,0.0,0.6315789473684211,0.4545454545454546,0.3749999999999999,0.3023255813953488,0.4642857142857144,0.2,0.1914893617021278,0.4166666666666667,0.645161290322581,0.6315789473684218,0.666666666666667,0.6585365853658539,0.347826086956522,0.0217940453999059,-0.20265585,-0.21386355,-0.20039728,-0.16160412,0.0076433793,-0.25482017,0.027975386,0.0835607902335419
0.3846153846153847,0.0,0.4736842105263157,0.1666666666666668,0.3749999999999999,1.0,0.4642857142857144,0.3866666666666667,0.3829787234042554,0.4166666666666667,0.645161290322581,0.6315789473684218,0.666666666666667,0.6585365853658539,1.0,0.0130833957596557,-0.2290294,-0.20623839,-0.20267376,-0.17570442,0.015777748,-0.26168436,0.025532467,0.0202824268700467
1.0,0.0,0.6315789473684211,1.0,0.3749999999999999,0.3023255813953488,0.4642857142857144,0.0,0.0,0.0,0.0,0.0,0.2142857142857144,0.4146341463414635,0.0,0.0200519154718558,-0.18139066,-0.23060066,-0.1971629,-0.15346685,-0.005300496,-0.25448015,0.033164963,0.0108916017939108
0.3846153846153847,0.0,0.4736842105263157,0.090909090909091,0.1071428571428572,0.3023255813953488,0.0,0.3866666666666667,0.3829787234042554,0.4166666666666667,0.3225806451612903,0.2631578947368424,0.2142857142857144,0.4146341463414635,0.0,0.0183097855438058,-0.17017531,-0.19946414,-0.20336245,-0.16072537,-0.0033416096,-0.24649507,0.03829012,0.0056257185736477
0.6153846153846153,0.0,0.6315789473684211,0.1666666666666668,0.1071428571428572,0.3023255813953488,0.4642857142857144,0.2,0.6595744680851061,0.2222222222222222,0.645161290322581,0.6315789473684218,0.666666666666667,0.6585365853658539,0.347826086956522,0.004111426630198,-0.20877118,-0.21672937,-0.20416361,-0.16489965,0.00652913,-0.26187745,0.033225268,0.0044847772092574
0.3846153846153847,0.0,0.4736842105263157,0.0,0.0,0.0,0.0,0.2,0.3829787234042554,0.2222222222222222,0.0,0.2631578947368424,0.0,0.4146341463414635,0.0,0.0226651103639309,-0.17156027,-0.21799116,-0.21236,-0.15819167,-0.02101843,-0.26224938,0.048533916,0.0038704241668933
0.2,0.0,0.6315789473684211,0.1666666666666668,0.3749999999999999,0.6511627906976741,0.4642857142857144,0.0933333333333334,0.0,0.0,1.0,1.0,0.2142857142857144,1.0,0.0,0.0062019825438581,-0.14785619,-0.20138986,-0.1965343,-0.1440879,-0.013674177,-0.24108762,0.032627597,0.0028172475228407
0.3846153846153847,0.0,0.4736842105263157,0.0,0.0,0.3023255813953488,0.0,0.0,0.0,0.2222222222222222,0.3225806451612903,0.2631578947368424,0.0,0.4146341463414635,0.0,0.0069859410114806,-0.15784027,-0.21661836,-0.20372531,-0.15599649,-0.01755664,-0.25066924,0.041295752,0.0007986589550732
