PCA_1,PCA_2,PCA_3,PCA_4,effort_D
0.008127318179521004,0.5421897664649462,0.45369721258518747,0.4745194155920596,-0.27231863
0.03885307012033554,0.15405505019771232,0.20765134415781777,0.31795765703088524,-0.059991077
0.050944791094946706,0.14172731263994087,0.2194358659063341,0.3079292000599084,-0.06792484
0.08696582954720093,0.22922301113345916,0.13434129920604432,0.467023034495746,-0.06408356
0.1919524094731732,0.12044190781050934,0.04221978893464676,0.21703326223660663,0.098602265
0.1547069213816728,0.02994607376942998,0.17404824693211696,0.3449410438874725,0.0057596266
0.059673824897957195,0.1893245897999378,0.16305077420183728,0.3879079034027488,-0.072135314
0.17195479930197974,0.03329367340591116,0.14326541692555778,0.3952922254434558,0.014788393
0.08121691818673402,0.1460292261002598,0.1628179451318082,0.4176769377595823,-0.029265799
0.07187624631606124,0.2353520934669666,0.15494379102747421,0.42541338611994933,-0.061094884
0.13219588920226552,0.19369809232539315,0.09776868167905337,0.4339193889620587,0.013100389
0.07617037735427801,0.49871306022654555,0.23647444832106382,0.6611711737022756,-0.19719921
0.10406290415420111,0.13941243856360475,0.1326716682285538,0.48635340771579205,0.008980844
0.0988410310980268,0.1356225872990071,0.1225506000534482,0.4679220384448377,-0.010037374
1.0,1.0,0.03042979465628995,0.0,0.6886743
0.042030846369480915,0.1522943179004054,0.4234268571580566,0.12444417676175126,-0.12705538
0.03461246336546174,0.17955563140374514,0.21041601019390627,0.3120306086945445,-0.09160955
0.14054488618818725,0.0588738222965494,0.1529809116919149,0.35655590461976794,0.002408594
0.3158647487007849,0.07238850616823939,0.24799714835966014,0.5148128059889889,0.03043307
0.014514795022228716,0.1930623916643776,0.28155438193869625,0.24692758223603908,-0.12383734
0.029932401913810025,0.2341482471670149,0.4789081723813744,0.1482029491322145,-0.15591528
0.06530119063566993,0.4815348287611158,0.17142004648256995,0.511411421367302,-0.22764573
0.16974730032852775,0.11947599002076531,0.09561227587138449,0.38399825648221947,0.041747104
0.10332538055266435,0.1659773580544877,0.13505842854588132,0.47404928656571443,0.0058435053
0.03326451929222446,0.16250826288425674,0.2974622398591688,0.21040848661922715,-0.112707056
0.0970940426676703,0.19671839900608457,0.11112964806441471,0.41426707874678687,-0.038241077
0.020413215944578733,0.2017823546239252,0.2586901795462714,0.26922805263505956,-0.11879878
0.29633265686939064,0.10057630471695347,0.18768438116529862,0.4343024077811102,0.055752773
0.32781401708517566,0.2110454708685931,0.06625616371614684,0.1731829438952669,0.14541554
0.42663439670200376,0.11763145583066442,0.31720648685223873,0.5512204919990136,0.06755252
0.6098305258899446,0.23415872592113657,0.5884061053164688,0.7771207093601493,0.05143966
0.03850596794306069,0.20516664709017768,0.22008929716505407,0.3543125388093388,-0.09138021
0.10664031562342138,0.13141257648097243,0.13080869399780853,0.4230607281602159,-0.028289832
0.12691843441588035,0.13786385082582378,0.128042372199961,0.48463160219429235,0.0292246
0.02118524351189388,0.4185241561676642,0.31884186353491223,0.36912813888292045,-0.20703857
0.27815333316380003,0.06123009810540117,0.17968809968638053,0.3825021832679507,0.05870011
0.26708377451881293,0.02134674801014022,0.18704684376354844,0.34900467858714757,0.061577912
0.08592391348111365,0.26663672439064257,0.10577459672313867,0.42829903841541583,-0.08168548
0.05770344222820084,0.15550388397753606,0.20137113737195217,0.3199162581283622,-0.09617278
0.20287517804851102,0.025607734255892772,0.15831812230738923,0.2532181488496597,0.0220395
0.14918971481070742,0.12096836145066969,0.14046070885592032,0.4728912641586443,0.0054292157
0.07752448931435206,0.34969386641858263,0.14439248555863934,0.5041448285715332,-0.13268204
0.14685663191249226,0.1517801046578536,0.0755955062676767,0.34124494129901345,0.03389636
0.12654199851561865,0.11918885548766309,0.12907471738088547,0.4681058822337568,0.015999746
0.3648726907104444,0.12449213173290216,0.5096495213409225,0.41470514917327606,-0.056211434
0.07151417783273663,0.08981008417284651,0.22654320813328188,0.27836067141572685,-0.038283102
0.2145589855903724,0.17833539501280954,0.08577053432339707,0.3393567250696099,0.07487512
0.13005361778985197,0.11633723006928422,0.11628767285208158,0.44100700281523486,0.036210958
0.13365334532293488,0.16245250665679475,0.1051044286110268,0.46039699948180124,0.025818612
0.0021693092866519603,0.39674535582580217,0.42279911968604456,0.3074774586170439,-0.18667735
0.17273390418207032,0.016184104325544818,0.15293378161114188,0.3321061653389374,0.020094614
0.09931098026914936,0.21411844367766292,0.13051476010779262,0.4806523489015213,-0.03528935
0.142078360252418,0.13822061525027454,0.06538403773409118,0.30550265277514005,0.018568475
0.08213099319492742,0.1351020016785902,0.16507886147078113,0.4151811486554339,-0.0178979
0.14168221865790906,0.0555780660235477,0.1422302263388871,0.3997696240845517,0.015214492
0.038050841491780285,0.4454697463075549,0.21627129735966494,0.5105043012922243,-0.23131937
0.10856006915705435,0.14313366583587128,0.13039846777211075,0.5001965400302479,0.01626921
0.21747171022330578,0.027838749631297566,0.1522834480302699,0.37073163161903094,0.04355887
0.1942092958476513,0.02331269168314748,0.16895263479058684,0.4081208566935341,0.022910926
0.11778265554044133,0.26711282042057893,0.6919637903774563,0.16684777807615647,-0.17372951
0.10932126226452737,0.12397134290919284,0.13825465976794263,0.4562459396972949,-0.005478576
0.15910108446075674,0.0988513798138181,0.14231881651006387,0.480124278857018,0.014375266
0.1489059045203983,0.27463845522409003,0.12796266267959058,0.5066738553864361,-0.020637041
0.11510096397835182,0.21299246833998778,0.1060268173991033,0.42444496367746626,-0.025621213
0.05819662628255856,0.3120058582018065,0.2724626860144071,0.4424997365415354,-0.12763678
0.05844716388731,0.07781559354564525,0.27090283696934997,0.1831572851089368,-0.07460914
0.06838820210093507,0.2424016480462238,0.12165872546297254,0.4084710653326236,-0.09087157
0.2776946694429695,0.05734822434312904,0.43042466753359265,0.35416926118200076,-0.056789998
0.451222072781834,0.1302397931374153,0.3243774488660701,0.5138836434450732,0.07566202
0.047696634049489636,0.19836863505409308,0.15104722427538916,0.34739010064235354,-0.094779596
0.055669147158543264,0.2301383700317336,0.14457662457956832,0.37743282847620446,-0.094355255
0.0,0.41067747021671375,0.3859643968713573,0.3382190793365032,-0.18978763
0.20496771579021106,0.05208622057968787,0.09349976586079302,0.28021559916691274,0.08315006
0.19307101741141974,0.27666119594389826,0.027348670701689226,0.2594104615472904,0.039583933
0.182210260866533,0.029627742086269226,0.27755176499016077,0.3129133315904634,-0.050619084
0.0913520848542898,0.2618402748988844,0.13526431340433182,0.48605268277961483,-0.05330218
0.06977515355588507,0.05858019954592332,0.2849722415550072,0.18951523025896932,-0.08023138
0.12494265129406854,0.16357467505649836,0.1192540747924169,0.4825416974564376,0.0063598044
0.12823029817309883,0.14670133395954119,0.10810554848946521,0.46939779082193334,0.031804424
0.09995017448405849,0.04735480756799945,0.23377128763884766,0.2338088566914492,-0.04717564
0.4815280423142589,0.16000493646038882,0.3932717042852786,0.6033074085007233,0.045418065
0.07076538673790793,0.09833104762208787,0.27067140604336426,0.2829755125645811,-0.08363336
0.07883087692653086,0.1631998896420274,0.13503306174363744,0.4482920951202493,-0.038918387
0.15750194674726659,0.3272944044368571,0.1474179601197571,0.5435836260242068,-0.046653073
0.01529214094274256,0.3398655952792363,0.2973103522829814,0.38971062570819076,-0.18008237
0.40012382921925116,0.24283433313491043,0.06260220839535308,0.12971893387206834,0.254927
0.02143114771341001,0.15493080634066136,0.29434033218706307,0.21541290025627768,-0.09763764
0.04652709775522504,0.11454404885741623,0.3820108027341108,0.11583474606013994,-0.122182876
0.17299998852503043,0.17897718595178763,0.04480584199574453,0.2760218979878043,0.052628588
0.5148759703215651,0.30968052483421493,0.08219770211516786,0.0926763814206309,0.33169654
0.12604669290578221,0.16026747380749365,0.07336892334389525,0.3473063144715777,0.021516431
0.12445908384536863,0.13478708494953112,0.13349610028457626,0.49869843913226364,0.026784662
0.027261131085427437,0.13785528801345198,0.2992048820765608,0.18694218209777605,-0.102139086
0.08954154078738648,0.18492757539644253,0.1400625094439924,0.47457289745082487,-0.023881337
0.31613277539965534,0.10186435496506818,0.1327209493637896,0.3034175039097123,0.118778795
0.025647757538839633,0.1834288537682693,0.24666828877775307,0.26503921961715415,-0.112531334
0.0804972033746325,0.22107262656264393,0.113370370313308,0.4141859710824517,-0.05750871
0.23726373394779987,0.1129832107274246,0.03458137873900291,0.14853890520995836,0.13938253
0.037057711750015127,0.13646454435814187,0.23077027184224047,0.2730689982782462,-0.06453442
0.08762851621292872,0.12740204977161754,0.1661163877921952,0.42649955142274654,-0.02528153
0.03983720801748311,0.23208264152475291,0.31553097557075305,0.27104442601371476,-0.098128706
0.2018748255604364,0.07895385211158922,0.16404231068196734,0.3871619659926386,0.00062148273
0.032801134016583355,0.14259723257383522,0.2131637503059779,0.27901521508268673,-0.07504592
0.06173782642016555,0.14403083703543168,0.15922514704896717,0.3829332919765384,-0.03665209
0.32329623573217625,0.1603915366186612,0.061646927369346266,0.10202340408338684,0.17986582
0.11037082210892818,0.14682756451179682,0.12444596061145854,0.4853202809363458,0.009881031
0.10167628238653964,0.03427728395946303,0.24595083357988606,0.2294097524644679,-0.06125836
0.08763415028489141,0.17780607653347452,0.14221554228801103,0.4554799228222105,-0.014177106
0.13780654965947411,0.14768669087792874,0.1596751060541135,0.4709679702839815,-0.072161846
0.08332725577202381,0.20256142116535283,0.15152493796802674,0.3760329385063999,-0.0437386
0.20103205776623512,0.06242425369566593,0.16895207311542287,0.4544459384615803,0.001523111
0.08227678687267746,0.41031915741022973,0.2481846599546531,0.5362643922231272,-0.15477683
0.0846463973243469,0.15815122598203882,0.1376023400390365,0.4196635355671707,-0.017244067
0.02354616560202985,0.4611484672735896,0.26381209888801105,0.4959386606080989,-0.23244774
0.09050550023609254,0.14287957752478253,0.13684238081411518,0.4472097765942023,-0.011515368
0.04085850752100867,0.15826015014667222,0.20536946392562788,0.3126768173589317,-0.07838252
0.2106945502628842,0.0,0.20529216078195356,0.3531119087593804,0.006446015
0.4472734212111653,0.13097278208658364,0.4246399351507546,0.600200886534395,0.03191592
0.45775621195726945,0.12664295888667326,0.36906915108285443,0.5601994530338098,0.05667219
0.13769146665435525,0.19375701319494,0.13824873089189815,0.48702646105992076,-0.013624135
0.13054081352361865,0.031632072879513445,0.20977418072202106,0.32458597717409704,-0.018535435
0.49188197991950805,0.25251303365807715,0.12149218441006508,0.18138103435392924,0.26944816
0.05608324570931382,0.21669536155093497,0.28396197698133985,0.24587759506106438,-0.122120336
0.14922388632824077,0.16385561514149877,0.05912848457357062,0.29570941519591015,0.04614525
0.10613202105511663,0.18243035439917135,0.1303369077875079,0.4888689690790219,-0.0056420304
0.06506543272432534,0.2080065545075975,0.14040397692488638,0.33341130481844405,-0.088909626
0.2542863074758337,0.3311504506641807,0.28346453042260356,0.6932019524297584,-0.09009674
0.08220024367704801,0.20180199693061768,0.1700432418235956,0.4231805459249336,-0.04402821
0.35958561346286994,0.37155534876275115,0.009406551083570747,0.1363362520528044,0.17095013
0.10530823319146923,0.06332167876728252,0.19405076352748646,0.3576986229662815,-0.021432752
0.17523285238831413,0.23583025732772658,0.0572767211595856,0.3507948660501516,-0.018678881
0.433148631520959,0.41895903198410966,0.018195730316070968,0.1225345076647481,0.25260735
0.19477729979586064,0.22771290255762625,0.02377802229132983,0.17842946249109312,0.048541423
0.11914109829034082,0.16639292845944,0.13440128158924922,0.5228440072184718,0.019926127
0.007784597723161341,0.2410110416049448,0.2970979821078891,0.2729700590134069,-0.13421397
0.07830779887272026,0.2580465319867342,0.2043892399310814,0.46915587046493445,-0.07351411
0.10929500046963797,0.14940786777058593,0.12399287096883102,0.49913594291473684,0.01429354
0.12356835380960803,0.3325407399339476,0.06462409218904369,0.31639325065885626,-0.12266946
0.3190461746742526,0.11284268455483973,0.5940979891598439,0.3214841589521257,-0.082644075
0.04402141626591523,0.117486885032421,0.24271442340670712,0.24477643499908605,-0.061892625
0.2463910763716797,0.050488856633426726,0.22952071509983238,0.42488513488203106,0.0028776824
0.13410241225352623,0.1430179146237773,0.11447070554666539,0.4850514993287426,0.024730835
0.3664806817107944,0.07636448443879046,0.2735000797086409,0.4779279763724342,0.053599272
0.11069358625411294,0.1434680872035504,0.13391899912964494,0.4961775917108806,0.016783264
0.37669120831554176,0.09656795193864628,0.23240289144298665,0.40999705551617377,0.0994619
0.29614974806816885,0.11010142841956333,0.35365063666720065,0.5023805539781792,-0.031205952
0.03305807949696374,0.2464064009959828,0.21605104725594407,0.32774909039206956,-0.1119369
0.43011207099966975,0.12317299766818948,0.24061958409515588,0.3839552129805249,0.13970815
0.271720996748484,0.18283634998025047,0.02594721055123342,0.12165684035459293,0.14798446
0.06301382376921007,0.19592607330572295,0.28343942444759573,0.33558811848972797,-0.1255658
0.08519362120302096,0.19857429946959043,0.1355206135018554,0.4512361338803388,-0.036181495
0.1297420459721444,0.16787427697416252,0.1040478020741846,0.48293862065336757,0.023586016
0.0593275132293159,0.1920866966894526,0.14043450218992357,0.358152942203449,-0.06618309
0.3494883647906951,0.05779226631163045,0.2956388660042635,0.4195545982260404,0.034329716
0.2428929715430586,0.20048520138291098,0.014357146380815783,0.1185637717168897,0.12460737
0.08622920594647432,0.06856319535812468,0.19866360032105973,0.3319279335416103,-0.023458797
0.4505054423967393,0.1360923592455916,0.35170600827672344,0.5803250018617002,0.034281146
0.04498852152811428,0.12656826674552676,0.2346090580006508,0.27990874646757574,-0.07830258
0.12199106144711641,0.2521954289798293,0.07964688942057058,0.37330191165306126,-0.037265755
0.13787111035202124,0.15745163836275977,0.11665896067511322,0.48115793431340964,0.01853611
0.023975262537914654,0.16379054828553916,0.2868556217322442,0.22976176445222615,-0.10624356
0.21000989463698175,0.004720307405137986,0.17459509597801293,0.34458813338816846,0.030756932
0.059956584486347525,0.18003336649704127,0.16187512993139508,0.3952720208940677,-0.048972186
0.23326508127415851,0.06384530825250133,0.17297051091913404,0.4736819019129801,0.028366793
0.28283208373904384,0.05757569090215196,0.23093711171093817,0.4512439925585663,0.022793982
0.11953670544202351,0.09245789731508158,0.14486349538628646,0.4320708604180802,0.0105031915
0.11237115575560046,0.1719581039757879,0.13882135010211732,0.4989608690248948,-0.00054130703
0.11262246852061844,0.15715091575416135,0.13250507680780138,0.4761123951322927,-0.015090559
0.14099305443126386,0.1043972044891777,0.12643030940960426,0.4579383767623709,0.030839581
0.088342806318783,0.1777303602553868,0.14405076139079157,0.4727107570067265,-0.028287033
0.35560847268836715,0.3390713157387357,0.013823292454767155,0.1132557964306608,0.19612606
0.23481679827065244,0.26985684469379345,0.0901315154154325,0.3989322759541919,0.048279185
0.13926004514965723,0.1492685394418828,0.07058745803878935,0.3797902933417637,0.04589283
0.06611020271203862,0.21116710704089717,0.5533647843778093,0.11105278339037733,-0.15154023
0.09365602916368289,0.19981579523309506,0.13846978607559468,0.4748925769229719,-0.02357201
0.0270697957333792,0.23831349727365908,0.20419948356398873,0.331795863112011,-0.12621592
0.07105342225434734,0.3252186359342156,0.13181848240803118,0.43273889560336554,-0.14163193
0.13371176244422417,0.1765639778702214,0.08830016213900005,0.4212274944410023,0.011895243
0.055896948795094464,0.28498601466664314,0.2755866437809095,0.4149482542193936,-0.11466791
0.1088370264378338,0.04402462879825508,0.2402813681623664,0.24091999688774512,-0.03857398
0.06404929348836505,0.29407019224108066,0.16792812491900302,0.45917064783161476,-0.11791837
0.08336786586681806,0.20542240631061637,0.12713720201985942,0.4700881721524196,-0.057524927
0.3203264583824347,0.14639150778781415,0.09553331684027629,0.23832837865283063,0.14322485
0.19634452011281553,0.09419726403689722,0.5305888737602265,0.17834134859842193,-0.11749248
0.04471072908548879,0.30642120808807827,0.6197050157905118,0.15657937226434648,-0.16660328
0.11132411859071133,0.12400187740215848,0.10579281059262306,0.4024308285620673,0.011131417
0.26184664661766394,0.07188176862872882,0.19434846844051676,0.46930174142759523,0.028100792
0.06364055586637532,0.3068186047985979,0.15369286762892034,0.4780626886583539,-0.12874016
0.060202267040836324,0.40550715071804255,0.26031349213758953,0.529954090876282,-0.16350348
0.20079190671611716,0.08409797031033829,0.06881681744548752,0.22325792422072224,0.08943717
0.41636823640876325,0.1339030928306331,0.2952954643476815,0.5521281719135924,0.060778756
0.03887754515338605,0.1374154691441679,0.21859238779901558,0.28617076157374477,-0.06156685
0.11771537957202768,0.12240842947139019,0.125005945063281,0.47997471871891884,0.025127348
0.08152955667230288,0.16142055281497344,0.13837558067070954,0.45019975788156186,-0.022684565
0.06638308021499789,0.2850286553607617,0.13872849617293312,0.44166617561330773,-0.13584429
0.033430473207512953,0.34836743793337577,0.18986580826049362,0.4007140980068727,-0.18934476
0.04161107889628149,0.14589571154127798,0.30261861273080887,0.23476216968870117,-0.11426143
0.31642551790305734,0.04233122532069225,0.3453819556148239,0.3577871103447977,0.007128004
0.03641815400091661,0.14171716994532763,0.28014835220872486,0.22320596843944304,-0.08511804
0.07882118939433386,0.12654509615204806,0.15949718772483748,0.4082988549780776,-0.010930419
0.06919874129652905,0.11849402957375202,0.43024336190699153,0.1339384719184988,-0.12347269
0.02483221230242813,0.17739134548207453,0.25302313895637396,0.27154572132059634,-0.08489845
0.07437714662186172,0.252078076876578,0.14466300009435673,0.3649124116989952,-0.083109334
0.06432752512465106,0.25403972506098627,0.16164514905214272,0.40898329074900247,-0.08847514
0.027475891916340617,0.30080307321123795,0.5044433193079765,0.22180216625377727,-0.19259395
0.1341633152081503,0.5051483408985082,0.14450929581185237,0.599265480012306,-0.14935392
0.029724490052565833,0.17689963454916094,0.30884199815157665,0.2231885390778131,-0.092882484
0.11313440252390183,0.10114432625677909,0.12843910732806302,0.39052298275039005,-0.002021145
0.1836193078665642,0.046942669840232085,0.26433471897810046,0.2999250194199203,-0.04903356
0.24874200085253756,0.20980004559412882,0.018370479564930958,0.15460541185125182,0.12908211
0.130661278119123,0.030217461067351348,0.236618176573999,0.3015753554180602,-0.04261612
0.08741776027933694,0.09421195800359347,0.18099087337626088,0.3128285753771746,-0.048570868
0.0845090084343116,0.3874677429848008,0.13892085101156046,0.467244138485029,-0.14656854
0.08987636504436738,0.1771920672992774,0.14468395800524397,0.44139843112170485,-0.033558257
0.1479944499145621,0.06622644018687868,0.15040773024634016,0.40535874788506354,0.006774742
0.24244902158128115,0.03256621453017955,0.22601363721186785,0.4207091965558754,0.0046115182
0.20987077708201546,0.051615099430109224,0.1320470048285091,0.3354993952378172,0.059643764
0.4635203441731766,0.13337921952206228,0.3788776356351409,0.5725293616847706,0.05236822
0.20976966173237813,0.11841990887279849,0.0521944616972462,0.24591900330705363,0.112865925
0.47067684795922976,0.29207150104454965,0.0519377176318144,0.05715389122871889,0.3111821
0.06615592494596689,0.3251001513041594,0.15660928244130173,0.4719657803953934,-0.12394303
0.3762576838384316,0.1299820171815934,0.38283103688027037,0.5762979833214472,-0.017567214
0.08437845345729297,0.0664834826191766,0.1851963842584821,0.30115670992469984,-0.04751164
0.3995284437489746,0.10594285212560262,0.29746806536066983,0.5414727590621065,0.06356864
0.17799082071339406,0.1255505259273883,0.18968517107368082,0.4864904401041734,-0.01993705
0.1597056128839955,0.12023576929538767,0.07263484921668609,0.32935041749904537,0.0740297
0.21197892537587026,0.04537045716278884,0.09376457999368808,0.2816334854552829,0.085370496
0.036977057215223166,0.18956799923638254,0.2119508523286448,0.33231457323286445,-0.08605918
0.11845692049722709,0.11370434960385525,0.13451671434509363,0.47541495695786284,0.0034188516
0.21681605323380598,0.1566580294491738,0.09942869338672283,0.3528809406528369,0.065694705
0.17740786350380278,0.06845307597017079,0.1282257303384608,0.43376224462050084,0.038884554
0.33368474343791144,0.08050400896764935,0.45892987275176145,0.4273591089930559,-0.048273608
0.07845966020400959,0.3245679724135302,0.11366811255821745,0.4295860219240073,-0.13556741
0.48044931676811864,0.33159681070076585,0.03595415064633592,0.04858451469921171,0.3211558
0.16457203646741356,0.09040069384963585,0.13475282179959314,0.4479113818156972,0.004584864
0.025101419180488527,0.3317299153245105,0.27051981915746265,0.37927903754423936,-0.15283537
0.40985904578370425,0.30388420636166136,0.04156424097407835,0.08357090626400271,0.253695
0.12538189776320255,0.13508992292645952,0.1123548149081792,0.4789319628942357,0.033069674
0.39913051536618066,0.1295166328494245,0.41101991177246755,0.5696252591492145,-0.012485646
0.05295152907015821,0.16393281147518515,0.17484235706701204,0.3561445778555241,-0.057572275
0.42296561807042415,0.11261591833973139,0.27705180589377665,0.43971557307903486,0.08418417
0.106344126652175,0.2848648757314747,0.11890683913603532,0.4824886017725911,-0.059598163
0.04298616451598897,0.19123235229124397,0.1845312301414332,0.3431360762000807,-0.07089308
0.309588841262439,0.04488416296339398,0.2527211808343679,0.45240224964797415,0.04082598
0.13533725642871536,0.2694794837722305,0.09978725967196897,0.4727824687865701,-0.026765298
0.05650432904945024,0.12655266570061702,0.19111487529750346,0.33791400891806367,-0.043146838
0.13699670383432344,0.24502333941095378,0.2402912494049131,0.5454133711555016,-0.08947924
0.12415788758306057,0.12280656519805024,0.12965296665867743,0.484638241598633,0.006189484
0.07931633661304452,0.15290979522050885,0.13963442258319472,0.4151031196954742,-0.021637779
0.03819501427279315,0.3012065887129741,0.18982880200010088,0.38298133502445847,-0.16128446
0.1017255665916162,0.22068070519614147,0.13355535856463988,0.4810096482952303,-0.04723066
0.43869335459230335,0.2919862389804644,0.036915474459343456,0.06474517795108353,0.29845762
0.031588937001680584,0.16641219160879037,0.3717458342399358,0.16378744932892275,-0.13668251
0.14874066926084206,0.06987625454632505,0.13597411074139903,0.43810385614766933,0.027928632
0.17369201159719455,0.18569633353603104,0.0286782217887806,0.20110307276106446,0.04719657
0.07684866389218116,0.29176131298904256,0.1462972745339993,0.4699967373734995,-0.098207146
0.46209565441233136,0.4235339027050357,0.021324554704816617,0.05658496861634149,0.2941312
0.03000843413354848,0.15649220106144834,0.2785687788426469,0.23734341946977594,-0.089906424
0.22763957571174626,0.14625702386487294,0.044562980544534475,0.2102571909364352,0.11453712
0.11812317512304858,0.36017854574138264,0.1417304681780415,0.549978322442197,-0.087440476
0.0732133957246914,0.20672227773096252,0.14484707759766433,0.3283976202493607,-0.069155596
0.09127953520890136,0.23702712634851625,0.1107296820688847,0.4165023929824838,-0.12421985
0.34476179480285063,0.08084411182477248,0.2776137464129842,0.5095894533455506,0.035297062
0.35521134149041556,0.08240320969188117,0.3994900971940361,0.4518772313035707,-0.010672748
0.092215433240728,0.18816183364340217,0.14193983992444983,0.42794687949409765,-0.028320294
0.05279788680174918,0.1578695678903833,0.2370864860044008,0.3078083578853864,-0.060693145
0.3119825201520849,0.32693474366663966,0.005180983285282104,0.1264628775619329,0.15588324
0.1125555211956295,0.15150234628113232,0.14548804099182866,0.4670504671205394,-0.010800727
0.15868051364935948,0.023827833987384195,0.3679576767258107,0.16579311774943936,-0.074860215
0.20146973724339753,0.03276744679472088,0.16790638855708484,0.39996318354793203,0.024889704
0.5397886551076947,0.37156282671198004,0.08031727686925969,0.12740839323609401,0.3325823
0.36355092105846865,0.19036118352623183,0.05792037552248755,0.13934300895063498,0.21956119
0.026654829318360218,0.14080198481469292,0.283549079364438,0.2153537469185729,-0.099222906
0.2574815088033361,0.11565826985717179,0.05201766115440573,0.1794492019288686,0.14505193
0.06253331580221072,0.19098761245286627,0.20732275645383036,0.3906854903824488,-0.08127439
0.09884915625024557,0.2501197763632286,0.1330616292656298,0.45222114876359376,-0.05698414
0.10937427754311996,0.11612488605880418,0.139429920501265,0.47018628497480375,0.013827313
0.1296894485281515,0.11183189493223805,0.10574452978001556,0.4181098357926884,-0.01213631
0.25768353267580363,0.2954478548302393,0.07522369799486361,0.32257749447213435,0.09083949
0.38697410588837977,0.10142143861263245,0.27420027172845396,0.5301890115273238,0.0637615
0.024575907305152245,0.18338695379796166,0.3629793334875588,0.17553810210253387,-0.13583146
0.19622891157482583,0.025342071018329054,0.10635538062171337,0.30355141039085065,0.061606113
0.03756443946011416,0.3605578981415003,0.18615630244663287,0.45121453440188636,-0.19535407
0.2728507553700197,0.02140504628662865,0.2475303115207192,0.3929073805649471,0.020744842
0.19007388903391872,0.06695919092681794,0.11843446623018775,0.40400955697277385,0.069370046
0.14329285032611544,0.09229135863745809,0.14668438934643047,0.46978356063080656,0.020272408
0.1824350977089634,0.021246272617692075,0.15531557322802683,0.3938362881981068,0.026792217
0.5178397385186584,0.17529085126967417,0.47053524074549113,0.6933133498699204,0.035363723
0.6101427274446029,0.32670716005905653,0.1814434738218645,0.21048091965413293,0.31431228
0.013420674141825684,0.34122347668369896,0.3074766539431761,0.3426602375486772,-0.17902307
0.038781783469130734,0.09838051165141296,0.3018974465939413,0.16715960564292648,-0.10256046
0.32821751817787037,0.15701665702295414,0.06277645139388524,0.1737627936859295,0.18721803
0.019944223445329867,0.21231908224921864,0.21842909868837412,0.29472515176617653,-0.12752248
0.22041760495269966,0.32525955571339965,0.12249117076756892,0.47999692354881107,0.0067038126
0.014959147991798233,0.20896084188131045,0.28458145222272097,0.248164939881632,-0.117254674
0.1029935637642174,0.19670946133370207,0.11240672798130752,0.47045358838458,-0.018975157
0.1409111405672694,0.03496894439972609,0.3415824959208176,0.16943224968951057,-0.06968929
0.2885433505448095,0.4472558294781717,0.00996928049534046,0.17823292137881155,0.06447926
0.27815383120228343,0.021991366598967693,0.25586796186249106,0.38808101749240864,0.015728053
0.04448505459816528,0.11330498451010253,0.20271350589382897,0.27171597921041535,-0.06569883
0.07025936855879793,0.10041245521963171,0.4051243627867718,0.12960781546213182,-0.1034888
0.1201863090625636,0.1435228561334013,0.11900873792751822,0.5000352377217809,0.021861102
0.2425494927454041,0.04003885717720765,0.1456464376190537,0.3657112367231309,0.061450627
0.054431954564433116,0.06872569940510047,0.2535740558848047,0.18084360385051795,-0.068479106
0.06809975468437221,0.16365602609146185,0.14115370301955252,0.33809038003913444,-0.047621608
0.08600047338067329,0.16322248353009594,0.14404545566565424,0.4665913667796105,-0.016394868
0.045921514187406046,0.19558174016234053,0.20669743589336875,0.35357513041006566,-0.06992656
0.15718259490130676,0.08658577496890295,0.12748155480692497,0.432973606905322,0.027607363
0.12914195628627267,0.13800285592253247,0.11621974143981555,0.4938124126040593,0.030266535
0.08437976626241397,0.15277622112893235,0.14646693850934364,0.44499380277600337,-0.018190429
0.07501100870182864,0.21675901259500915,0.11659513760705319,0.40991061237713555,-0.07985434
0.222621053359306,0.050689129639849256,0.14330570877996662,0.3690170480794711,0.04768957
0.12204234616240668,0.19050519484168527,0.12379470389034491,0.4371091047187376,-0.033971258
0.09979862870984169,0.27394376465040116,0.09524926000952492,0.38832600480625923,-0.061021373
0.07428435266229713,0.12021228242585226,0.1677580100562161,0.36189252917590004,-0.038631354
0.17172736938683872,0.11899048478073396,0.1508522573812705,0.46944556400582965,0.011432108
0.10983919946257173,0.18828633172670975,0.10555155794700956,0.432740430967558,-0.007928655
0.10372824998236174,0.22663622186505764,0.16233135052384093,0.525814605125288,-0.033309165
0.10527179381782802,0.1490594175603411,0.14846137569000323,0.4911553850830183,-0.015103735
0.10506935139945509,0.2830944002698502,0.16523843498749025,0.5247040867792898,-0.05876338
0.11010226337007445,0.32529043165968674,0.19920904712511497,0.6040480000806483,-0.073991634
0.09723819291427499,0.1509565398837851,0.10566232803196506,0.4142605137409568,-0.01061805
0.09434342106456507,0.20031121483275316,0.11061660674237613,0.4484692406512899,-0.036853448
0.08335134169584638,0.09218497118546115,0.1673184623170943,0.3507968281582115,-0.019026574
0.11451343926900513,0.18163715236269723,0.1147396845844908,0.4835892827089217,-0.010076661
0.15410501031085871,0.03343405391242271,0.296850302872212,0.20732403333069002,-0.057538986
0.2287911270529167,0.029900100645039063,0.1742407775480359,0.40531598165321686,0.024270158
0.0544137150729717,0.3527094256404629,0.16530092384742137,0.40639456162499127,-0.15655689
0.1131501397559535,0.04390465625529552,0.3740891705920026,0.12738326677596093,-0.084070124
0.23325999954355014,0.008080855090095068,0.23481160644147833,0.33465492514151507,0.0013859347
0.29810062959395545,0.17606031068360697,0.041610702119358245,0.14641010182129943,0.1827575
0.08731626292118247,0.19010590783351825,0.15196147146514324,0.46104471727214413,-0.016911287
0.013191024907375809,0.4289057499336047,0.30873850537334674,0.38803880637425386,-0.22232501
0.27930239455511374,0.029867345496703807,0.29973999619829483,0.3806450500952902,-0.001409635
0.08729461682961481,0.15206130307643323,0.14643631410213315,0.4582067664530115,-0.015355457
0.12369801165340935,0.17415577506208704,0.13023533179864843,0.45537990119109667,-0.012261111
0.16311299371590485,0.21301887711760198,0.03137096313617638,0.2342630416067618,0.02121814
0.18745115213203392,0.06240062170041308,0.09956357565964198,0.35406370563352213,0.037307817
0.07627946089463028,0.30395457033405093,0.14298238113024808,0.46768795740184493,-0.08036075
0.1645824926811345,0.020003847752488868,0.24068549289694424,0.32957982992915835,-0.03587254
0.10881389009189249,0.14100922485565828,0.12950216864106479,0.5015151389234186,0.01595072
0.04295629679867542,0.1415191197938654,0.2642514627348699,0.2620106961651077,-0.083957866
0.06807720205779927,0.2540002652671302,0.17117678573849035,0.4006838131577695,-0.0763457
0.12410195594842492,0.15469288890813715,0.0903714652655182,0.31543960160920453,0.008219302
0.18710331184901907,0.3214330131058107,0.031055750717084885,0.27825829171893307,-0.03039724
0.06921106785051039,0.12310879605155878,0.1746595165067183,0.3609020150023224,-0.06124355
0.19628249046725824,0.0370155492551168,0.17132590111085946,0.3565124176188755,0.014389578
0.35985024723524806,0.057937212998985535,0.35963002015891254,0.42634462754119895,0.011367492
0.0846242599259461,0.09621031574958254,0.17286657772962893,0.3670614438371879,-0.019779108
0.07253652339905052,0.27062632159542893,0.1384623881651253,0.46933415415674185,-0.098284975
0.029746734978952666,0.45380450199035044,0.6908232484261178,0.25334613161147085,-0.2320127
0.15129154630486807,0.1505121853770514,0.08897684628915353,0.4000472541073337,0.04669829
0.24416323551273245,0.006754075050573766,0.29356167238335534,0.3181239405206211,-0.01203974
0.1284621015533273,0.13125037435718317,0.08343598255300341,0.36018078795895486,0.03863397
0.14532490533077905,0.1576191273002319,0.08804968391695132,0.3834281459243069,0.021413136
0.13900319097087782,0.1337552746947699,0.14899651797651436,0.4777607452404605,0.015342806
0.07885646404659512,0.3338791097975938,0.21007473408777552,0.5171561370371658,-0.10615465
0.175279339311509,0.08863279320368739,0.08784542809545304,0.2895211343180679,0.07142463
0.18599434196209247,0.08268603519657457,0.06901453825313555,0.3095187344233773,0.07272649
0.10473459234631399,0.13715630563625378,0.1274629010207975,0.48554665857325996,0.006553676
0.059071331229676005,0.05934761555368416,0.2534304512472815,0.1973797151422231,-0.064612456
0.07456417721635766,0.15680127901382918,0.14479082311211044,0.35375697299473374,-0.040362198
0.1755364680534565,0.16388136502786874,0.1583879437808406,0.4988629148803787,-0.008262027
0.14238469841933402,0.16203377782791195,0.20087495586081355,0.4802626621256941,-0.032333072
0.0791503360856699,0.07187996919857054,0.2783817511323594,0.22748478390228052,-0.09121255
0.3412549831862134,0.10054040662381653,0.5477418478656456,0.37397525636357865,-0.06244505
0.027833701523146348,0.1611226406875458,0.40293298349208473,0.1370545740825106,-0.122588664
0.38723125315001716,0.08448501096244142,0.37902409609485244,0.47521627803875227,0.017089013
0.08639432524746272,0.16147601110638585,0.2634543827312384,0.35678151008906667,-0.101116896
0.07917251962864143,0.264241068619132,0.16987922005047726,0.49442572121606826,-0.07285746
0.09596129116790561,0.18411257071310852,0.11084829486276669,0.47202972469847304,-0.021115001
0.0939584563725396,0.13597173069153656,0.12986995649455174,0.45647026000045965,-0.021274896
0.14387850788337578,0.10103037660626665,0.14822891815031558,0.3878977505515534,-0.0074336417
0.4296564266611608,0.11767696556069732,0.2552118822835386,0.38104843955493906,0.11614983
0.06981374666684335,0.13761230220247656,0.16832821496125283,0.36901031676990065,-0.033222962
0.30530652803138125,0.05106994073886706,0.25340513296128186,0.436603651194186,0.026518393
0.13037355875062356,0.20339301625515077,0.14921280971536016,0.4486958447538929,-0.0056909993
0.04791709499253784,0.29302359260074246,0.16113270141809474,0.4083364311141911,-0.15172547
0.49217028023313025,0.5264095222322052,0.0,0.0641524862572973,0.29663005
0.18352218035309797,0.029042472718892404,0.16870533242261979,0.4003213250391126,0.018644985
0.14216471356171387,0.121355925454952,0.12731588867381743,0.48838356423075724,0.020163815
0.02454856897469207,0.1909827927429667,0.266875931116528,0.288786512939367,-0.09393419
0.25164811531180287,0.03154280112706681,0.15751281556636246,0.2920837903816026,0.07966402
0.49255075159177025,0.1906163005788449,0.20912100799158237,0.3106253842169404,0.19473429
0.19148204184454914,0.05438922593964028,0.09150105401263815,0.3030424038301862,0.078654274
0.09961110335030438,0.13585150854653238,0.1402347031296833,0.4621390559296437,0.007357452
0.10506852867478461,0.04374614516190109,0.30735980007504077,0.19136441910708743,-0.06309477
0.09371066735875298,0.20279996800046515,0.11293842565569727,0.4556433716465623,-0.047801018
0.04450877356955096,0.16421634675480476,0.20522349375448293,0.3353823400218444,-0.054785874
0.4971147605814798,0.16092072913040167,0.30678656542129484,0.4375706755865577,0.12516738
0.13495552480635556,0.15078712452825876,0.12629731797981858,0.43855450614029917,0.0047097206
0.3546788442674237,0.10224585683454725,0.24074290680641575,0.4897581412533227,0.069982156
0.060308239610723194,0.3643074237777123,0.17627177787461137,0.5166089067411115,-0.16683282
0.11267648181355916,0.07810318671932118,0.170011010528332,0.3496037584517624,-0.018471017
0.014937078720247993,0.2379029987594526,0.29486117653033006,0.2756098917264057,-0.12951681
0.16114691494222547,0.10480883055705974,0.09510341160629304,0.39199776050714136,0.06018624
0.026759000717138326,0.14514794853187768,0.2621062052581994,0.24034124355821332,-0.078009546
0.09540544487539901,0.16930616914205074,0.1360646210504123,0.48177517608923986,-0.01710334
0.26594609892125204,0.0168942016996379,0.2829386478760094,0.3652873590172474,0.0023248494
0.3791257196832263,0.08345118201266007,0.3596125909597339,0.5023295434953026,0.029110465
0.003925179836675563,0.3102216856545405,0.3392537567380709,0.27791528703686086,-0.1668215
0.11372865395450923,0.04633925372664191,0.33849872878475573,0.15607811444425113,-0.07347986
0.24290131040059748,0.030212555704631633,0.20634745215075267,0.3483045834564312,0.016876157
0.3053743999424654,0.1632515495518828,0.047732276446265626,0.13618618630534138,0.18214157
0.022428656497681665,0.43455826291197036,0.32308655419531773,0.4807482984020033,-0.22071634
0.1248509219117555,0.11598155441490965,0.1303315123169321,0.39382767697666454,-0.053108767
0.3769283971489815,0.1035265233004961,0.30033692099269477,0.5688762303340081,0.035578948
0.13686294202979687,0.17252704853552325,0.15891599427104108,0.5114287644346888,-0.015271228
0.3725992118275688,0.07725992369952243,0.3414540590234051,0.4721120152749419,0.023912575
0.4890752034083015,0.34147457337792597,0.054636911056843124,0.0685151844195862,0.30417436
0.00905526821217506,0.24937527479670554,0.4087442851947438,0.18973748105897442,-0.1402174
0.12933560440037015,0.1701210978788307,0.5742933780853731,0.16258151584654493,-0.15265493
0.01660005468062145,0.2784716079966895,0.5084499382977954,0.1708914665016159,-0.16143739
0.1592344800313103,0.1151666752360683,0.05830354578736341,0.31387227015149916,0.06586219
0.210071378747137,0.04925018702103344,0.1352488988544542,0.4062090620071281,0.050050046
0.09122692863215111,0.12201843494893327,0.14079825303680765,0.4257420775155571,0.0006378107
0.627869001947346,0.23681444673033275,0.40186698396638953,0.5635787262821337,0.1436686
0.11980680868003611,0.0857827547101908,0.12783338621970275,0.4079886293125233,-0.015899874
0.12770609033487318,0.025547495945763915,0.28552408371549565,0.2160619831491774,-0.05371323
0.12721432258559814,0.09952319398884969,0.12825394482655478,0.4697035918829343,0.031373147
0.0945349517045665,0.1757282701139043,0.14243635128051782,0.4608440897695643,-0.019706821
0.06855207659487783,0.11785146029450083,0.24564238205342193,0.29263009889584324,-0.08739048
0.11559629920917064,0.11993862313859348,0.14396981462520342,0.45475743432108773,0.0015448295
0.12312691991943023,0.12043064375255519,0.09844720506083945,0.36811102626854475,0.02337559
0.1651440000920071,0.0908072105108103,0.20547562436348943,0.45395547122289376,-0.015156258
0.10605041123937357,0.030278849768776567,0.2939423073023574,0.17489149020033765,-0.07273457
0.18521674968876012,0.1608450128433688,0.06482232305776842,0.31831866912014456,0.06787808
0.18800209928080364,0.07393536429472512,0.05213809021327534,0.22154347077362682,0.10001472
0.24477506928199672,0.07874415145160893,0.16979807616616327,0.46528052876560805,0.026504423
0.12997076796203266,0.10987272745207705,0.1320498020956837,0.46948373228747436,0.0263387
0.015371993004504841,0.1856456763503684,0.3819475006469498,0.16053652239830749,-0.12967068
0.0845928197272979,0.1916142656839586,0.11596713870114582,0.41903351911884545,-0.029371489
0.11086825558900337,0.15942629529638014,0.13423288785970316,0.47165866633656256,-0.021898877
0.12923430576613526,0.15408127895744034,0.08993248078601326,0.39356473634671396,0.019885916
0.14563865024092404,0.1354666318845602,0.09275438658898738,0.3788408010920195,0.035299044
0.0054779895301753645,0.4342598869634301,0.3863015151127933,0.3792406927690237,-0.23174568
0.07139003803883025,0.27481210790109367,0.11684430772793751,0.4224976419899279,-0.10505654
0.033656297924430506,0.11733565363544199,0.27435240353894597,0.1922818577509203,-0.094521016
0.12245219091914075,0.3861950892021272,0.09940341296933193,0.4578414806367861,-0.11556111
0.025879578188917812,0.33148301437618494,0.2232403694357879,0.3903390089899399,-0.1702687
0.10868807819722079,0.04771824917739195,0.19993125017407976,0.32682797390919316,-0.02570436
0.12664518205905564,0.20777709795232616,0.14912868271961638,0.5144242744577143,-0.029563917
0.09533174117623439,0.18392307811626643,0.14892875705468178,0.489759957503411,-0.017244332
0.07100781226975297,0.24650880101276035,0.13963115410685709,0.45217051797359725,-0.08374672
0.010151673096558289,0.23163578641407445,0.28949523412691225,0.24593273663232265,-0.13899346
0.06625017613886426,0.19897055049957696,0.1432517985367701,0.43645069926830266,-0.06867376
0.10715430481884694,0.14912114075425884,0.12039621029783305,0.48995827701943623,0.011419315
0.17215442696265015,0.05715001428396252,0.09278940143272252,0.29685704014170633,0.06145039
0.13111602414347254,0.20970017906617183,0.10067031508593635,0.4270246791961293,-5.1356852e-05
0.11433424523998034,0.15613192662460018,0.13107327400876762,0.5079092211943681,0.010574963
0.14520562240712725,0.08768201069198521,0.11126105088106111,0.40012553991207955,0.045716327
0.08082189573149223,0.15423434220136106,0.15959815506363223,0.43907402857118005,-0.01817507
0.17096233420971343,0.038009074235395235,0.1545517639383631,0.4169398878466389,0.025044132
0.10786688134058826,0.1378627394491478,0.12687137232140203,0.49728341319074837,0.014006536
0.12620626656486342,0.1330249555048155,0.0765915650854213,0.3608897883611749,0.024738256
0.08391046199362724,0.14762958967953985,0.14548235400328385,0.39862653128689063,-0.021114308
0.14940582843683015,0.07788811442789483,0.23841073993682377,0.3059787243212103,-0.04334524
0.1256269997568408,0.1457692697706144,0.14848529765667015,0.48947805167472147,-0.0022112466
0.2768964429956881,0.17455213149760826,0.03501068579538402,0.15419336406275538,0.16589437
0.09187881905923165,0.25332072567325004,0.13021581772728186,0.4574393486442532,-0.06016931
0.12660849645798683,0.26583369328845535,0.1446258158262374,0.492231619514397,-0.02977193
0.14484281818983913,0.11968625072557457,0.1327419919142432,0.5109266051024631,0.030486804
0.05631735276302728,0.09119111179576686,0.21219208754788568,0.26213982667797026,-0.054465763
0.2205932530231383,0.06263416229935292,0.126954832371934,0.36365536526684783,0.053291146
0.36090824751976835,0.24722501430656335,0.027750977311761432,0.04930779280636599,0.23040831
0.003836845830942598,0.3123758171862844,0.2964577405883897,0.3019295449134099,-0.1857279
0.37878399609071123,0.10965824304053635,0.1774219810140746,0.2670913306913985,0.13459027
0.6442781167357012,0.38802767274941297,0.12885098919993948,0.12332456748876938,0.38484725
0.13548458777150363,0.14305071098180686,0.1079295008413478,0.4718288580342124,0.035116006
0.07869883716681404,0.06598726358212564,0.30272328282163896,0.1651398781030531,-0.08915641
0.15048063123730235,0.16481394491980247,0.09033042021952221,0.41060575315475545,0.03992485
0.21807966526313152,0.0030624868137084094,0.17731432146974888,0.3555948796063301,0.0353746
0.11006488064864434,0.17999720044827613,0.11435036735568584,0.46938045558626507,-0.024289282
0.2093996005214901,0.050157510227137075,0.10763565665190974,0.3287425232684101,0.07083292
0.21764367709376958,0.10399280307375867,0.059101377885280054,0.24765734915160145,0.113927305
0.010632403026687748,0.30367856796296644,0.41010832556914,0.2574035115554522,-0.19080031
0.05348605670252797,0.2015654806075618,0.511070431405869,0.12747881430901245,-0.14278612
0.11508537037149058,0.12268381560490282,0.12091739057967309,0.4252642732537969,0.015924495
0.3152105517424115,0.0713783031662588,0.16563959550931168,0.3066535969295117,0.08667372
0.9170011260487068,0.4410671664561278,0.650709322356971,1.0,0.17744415
0.19546917971234223,0.011390699642115892,0.19082704864649805,0.37534459756785277,0.009458259
0.17316167497285723,0.03618832374000225,0.17037195609395026,0.38149913068563673,-0.0010340661
0.28942905611755093,0.11469047630163126,0.06499935464542622,0.14541242371575255,0.1740464
0.24662530387321496,0.14443515107791607,0.042112909395101705,0.1935236908489789,0.13606568
0.07817230334057725,0.10558446066593355,0.4282246350766633,0.12664769919538454,-0.12311797
0.005246074071433737,0.3732826945058077,0.3656268826641682,0.34647849229026956,-0.20588177
0.09431035650831865,0.18029271183098378,0.14181963229966932,0.45400138842611043,-0.013291422
0.09279572326447943,0.21581333929548005,0.20472609341646134,0.4859210446880594,-0.05018579
0.04295323658644165,0.27424062617050815,0.2080674056296305,0.4201768518268741,-0.11532107
0.044341999980854266,0.1432275123678037,0.24447096214903385,0.28493410076354986,-0.068458654
0.19893363913667877,0.14667538083258924,0.07445095010490053,0.311479521751582,0.08532578
0.08075847784140204,0.25164093069482885,0.100725424278345,0.40246699569881683,-0.09448068
0.15118278407067426,0.14189905873473596,0.12238995553064543,0.4370873268383624,0.015829798
0.36744640565518116,0.09387039185945409,0.26807148201502273,0.4790854767659871,0.056240063
0.017533900019376825,0.39183663484770564,0.4076447285159448,0.3444815133510486,-0.15300953
0.11618064917110246,0.16671943242628168,0.1468358162416006,0.5112652258048404,-0.0029445142
0.10923474408468192,0.1638511741362924,0.12756045865464233,0.4625523991444501,-0.015111156
0.18933405260580233,0.04103338840249507,0.13929055545414232,0.38278402144794876,0.031809967
0.2872710398959755,0.3276879360720343,1.0,0.2332208018860842,-0.17395379
0.32382710753668875,0.06374941797963744,0.2813251429189993,0.49035149667511446,0.015397292
