PCA_1,PCA_2,PCA_3,actual
0.0975218421099032,0.5986205865907488,0.18141083568511351,0.09838134
0.1352680051775683,0.16511170782372486,0.5578012058828414,-0.039045017
0.08695616005808202,0.349777147234132,0.2081186917118818,-0.030294314
0.1186843173411192,0.6583089663440117,0.12672402950575992,0.14311719
0.3473625175484687,0.6657285974864059,0.07837973585720398,0.40725994
0.41132137745599917,0.5946023781563986,0.21790862043945433,0.45198926
0.071085631098314,0.45512570440355615,0.2496786981886292,-0.0028532688
0.022089085652392787,0.23362610267798162,0.5873949971989518,-0.08765282
0.19222091459123833,0.44234953771279206,0.052874522297923277,0.11860062
0.08464779008768641,0.3818330154041545,0.2625079573758948,-0.028467543
0.06664919978251582,0.7213268059116951,0.2660190409704134,0.1241124
0.07924292259669137,0.3700615755127329,0.2502613372071589,-0.027452748
0.41362860699183124,0.5024245852127949,0.2092254567631177,0.34544253
0.08770259749755123,0.39282077553150363,0.20477212003302098,-0.011568261
0.06671904815354485,0.6494986081527367,0.25887528245908425,0.107853875
0.36990646210448314,0.45936851492181463,0.21692419731812218,0.28021595
0.2312364501090942,0.4896465446979144,0.07783020543569569,0.14541142
0.05233531545638183,0.29779291522672124,0.3661224277301385,-0.058272544
0.06599510711666515,0.3870978967987734,0.30404355912879766,-0.0032095509
0.32601600559664246,0.15733780556908034,0.95917198475742,0.13163875
0.05648795727936691,0.5627071010764139,0.23210334220536308,0.050417036
0.5993033962332771,0.4553068782491273,0.7283740968218189,0.4591077
0.3378072556202897,0.5570925187554355,0.04219303904358976,0.3240956
0.08327723600432979,0.3872048743250309,0.22611133355720814,-0.032071617
0.0683217555129316,0.8501242715447528,0.4198333983181823,0.24084228
0.054524947709778754,0.5185593924819528,0.2297065320532522,0.002483393
0.03541799914633831,0.41428429080312423,0.30767746832582626,-0.015319461
0.09687425003994392,0.6004018774353308,0.1836225324023226,0.08149007
0.09186751269928355,0.8473748149425233,0.3912187339785564,0.2567323
0.06461580634830552,0.6834177617968332,0.2739681365768873,0.13732773
0.04791081051042198,0.8034921811855769,0.4271319535770416,0.20504327
0.07156597297759805,0.6730967391180069,0.25956662796703794,0.1192563
0.15655060202172394,0.522610386032821,0.11280835215075713,0.12014733
0.06305006690012104,0.7146452270026304,0.3050120152402298,0.15334791
0.10314609425468987,0.49945861156088844,0.10292939071299143,0.06518181
0.04952941774216868,0.23136054473598794,0.5046831040853359,-0.053556208
0.029376970583488426,0.3253458152235681,0.45581121502176425,-0.08663146
0.13554980870914235,0.562076903516503,0.12184851445487227,0.12643674
0.030448737893100514,0.6878863505835094,0.3584481844892192,0.12530097
0.12617327656181432,0.5386988468715815,0.15887607780666368,0.08659157
0.14012127483678546,0.4443925835816152,0.16100989805399216,0.06063079
0.1012614294174621,0.6544732786207974,0.24717313674684202,0.13154395
0.10811182955866654,0.7232630453353983,0.16306014070310038,0.15948747
0.4653334593536206,0.5722288029923972,0.2473021195844543,0.44043556
0.23201133959816816,0.5452534101731955,0.10015198913123696,0.22104283
0.08298471794922065,0.4877891091984224,0.2145327696875087,0.015504865
0.07456498362239822,0.8195107152734551,0.38244682986252265,0.2306759
0.15460439201013848,0.5608117988454921,0.10872558361277548,0.13153286
0.10885171270748943,0.6036652616568063,0.1477351019159365,0.11724797
0.30281564836557506,0.4716912576050481,0.2002622060922927,0.25049385
0.2943920853928134,0.666076752545957,0.07094724592337792,0.35927424
0.06166669620316109,0.6419708686841639,0.3202193518305669,0.09508252
0.12047100755216789,0.6402635511279482,0.19772993335952446,0.17774424
0.6766494097735032,0.6832025453541588,0.4151605661484129,0.6776475
0.13807038660095294,0.5073502517167994,0.13917918686832242,0.09465267
0.17203755522909875,0.45334863601430236,0.13757836641626825,0.11771974
0.18191488501826544,0.5109983215445382,0.09609458955231201,0.14370723
0.243704764384758,0.4983880966926315,0.06157087293706012,0.19809869
0.0796085448435808,0.6709446325987337,0.2368858887250143,0.1574901
0.12117303125594621,0.503709876448989,0.12411961935340227,0.06371063
0.4999569697766164,0.6730233102777363,0.2013919366405826,0.5326182
0.4656423121777722,0.58734722420628,0.20212504790647373,0.46345633
0.12281367715407415,0.6097417338310531,0.16195182615234063,0.11955592
0.12131968180161878,0.8221767420562,0.2562558454904946,0.25879708
0.06484303861835204,0.7132882646878943,0.30299822882484556,0.14731108
0.2509730401134983,0.4708681930807312,0.09243220750076878,0.16159487
0.09260008694974614,0.40508520831152917,0.20693544708181716,-0.0024894644
0.31164208211628097,0.4586429988154236,0.3741428150613542,0.2388643
0.09841363841172998,0.4371271573904835,0.21733778005185397,0.006494104
0.10074879665212652,0.21892858507229285,0.4423374852964856,-0.07178523
0.012962219462875735,0.7809288394158884,0.6131023505957547,0.1924856
0.07077208600943542,0.23137562733543215,0.38248562441857664,-0.07670657
0.3053018530359548,0.5567557889412211,0.07342564016957367,0.30654314
0.08819290648757212,0.6126476136173971,0.2290750550018141,0.08282919
0.03606254372301167,0.8314505596991835,0.49458818667938687,0.2240787
0.401620014621167,0.5386026546686635,0.18560899669440473,0.34452108
0.25670927419364203,0.5739837818051019,0.04424424247826314,0.27390137
0.08635275896119467,0.6397364892769885,0.2719391084776072,0.09771137
0.9999999999999999,0.7928433444288453,0.8186632136054741,1.0194367
0.08708583698195337,0.430498133418162,0.1437697913106176,0.00906114
0.41364997508587364,0.5204526618898021,0.1927296529203536,0.34122807
0.06345886527470604,0.47148518402535977,0.27085747572678076,0.0012678439
0.2796974281572455,0.5173075514178068,0.08016113246282036,0.24800242
0.1948452725077156,0.41211169426908323,0.39231612376628716,0.086467594
0.07231015987242029,0.6423918869128725,0.2628664671706436,0.10398552
0.09252599619271619,0.6261420090507688,0.23141171920893405,0.099902764
0.3526247617517596,0.36571486132110625,0.35098403205939355,0.2504831
0.05554095655635362,0.750722375432257,0.34028457070631074,0.18293785
0.27431286917674613,0.47938856867297525,0.07102685202378112,0.21381767
0.034114912836466865,0.4836107928361859,0.3597642411132723,0.005138319
0.08866132512454605,0.6225576448370036,0.18239075222866624,0.08700915
0.07723085890919905,0.402977226545585,0.23684409868553657,-0.008071125
0.08091950737663965,0.7401926238739234,0.25498530852656776,0.16464362
0.15055697720417766,0.2582226493750807,0.44143373352589343,0.014089297
0.17720331696758596,0.32830151463802787,0.3579968018477727,0.06623503
0.05569518330271353,0.6558339195920413,0.3180933505982006,0.09178722
0.21938455940815862,0.654984961387062,0.14527447556204506,0.28824356
0.16986746717469534,0.5476999294607717,0.14889231167580336,0.15091597
0.24532697844868329,0.17132544835313124,0.7276674008022775,0.08336949
0.22277916963734404,0.5361764402023503,0.04290966973441601,0.16380584
0.09260255150488798,0.36632266450151857,0.27109794686597477,-0.025763385
0.5237245867311011,0.6275279954226775,0.24802603761859143,0.5324301
0.06706083900719943,0.5634833848654934,0.1927329047545731,0.05156107
0.08678235604180519,0.75494604550295,0.2765866721832544,0.19705597
0.26158783030924415,0.742266373494994,0.0,0.35492933
0.0784500193441407,0.6319310175176855,0.2764726335391312,0.090718076
0.21675545599201052,0.37841833133556113,0.2727112443085336,0.11695045
0.04449758435895322,0.7319288699466768,0.39003834040699814,0.17426908
0.0856771108960336,0.3995344070608824,0.22362728559598377,0.002892497
0.057343396721788356,0.5800378274650493,0.23263464746026408,0.059715647
0.15726703988455237,0.5105461921777907,0.18224643670451385,0.11397694
0.06495534622635069,0.5312246387763329,0.3051535382514852,0.03304511
0.07739830336968757,0.5808270271522347,0.25147391267302827,0.05757387
0.29655164028931097,0.4001158029784661,0.20759271293712195,0.20937406
0.06643521933801218,0.7478408375552854,0.29820153572013136,0.17455709
0.08737575806207067,0.4757715442380256,0.22195966029611586,0.014099452
0.037079375506338996,0.9074918363817099,0.6218365787637802,0.28968522
0.03391194656097232,0.8173475140827686,0.5288888236782667,0.22909294
0.0766247790675915,1.0,0.6165152241174738,0.3542961
0.12197389427175184,0.6733847447168274,0.1391769355150516,0.18996832
0.12844673547458646,0.40165100294542533,0.20500315343666664,0.03722492
0.050503054608778256,0.8151869070206519,0.440212527246881,0.21730725
0.07023850102941591,0.6313083309831703,0.26716139636972513,0.08389893
0.08704683130986773,0.5975659449875058,0.24750562914241778,0.07757945
0.09671384221333679,0.6202296445771117,0.16628531300015786,0.10447401
0.05683713978481486,0.5642409733374688,0.2597797185662323,0.058353998
0.0661029150081432,0.5372133121239538,0.23350023605242365,0.026061188
0.328960316345806,0.49215769093514006,0.15335527767051416,0.23243602
0.6699809336030752,0.47155884152000394,0.8092421039267792,0.51220983
0.06572012573225865,0.2643336038198878,0.4056389658715316,-0.079923436
0.07511090649103415,0.7960209440234629,0.2945176844586723,0.19401537
0.011667409906642223,0.6923238165435217,0.4328040695159804,0.14629558
0.046866651568451836,0.2134094605910677,0.5261819313539109,-0.080152854
0.11915494123673495,0.2213032363350247,0.4800278392027602,-0.014185917
0.04095909363773666,0.39102286374716266,0.3451967040538924,-0.011726122
0.5139021154355492,0.6162984519080754,0.34553235816098776,0.52800614
0.07348638332241676,0.4086373279111995,0.24944232751991222,-0.019406883
0.08450282171623977,0.5707742082490892,0.258524051151508,0.055770457
0.12484725115536768,0.4911448991552597,0.13635183352061064,0.089255914
0.09449066405666186,0.7580027878096521,0.21429521184888833,0.18821868
0.04700426966912878,0.7932375988356025,0.4881046537115442,0.19295265
0.07993908895317815,0.9103440274542762,0.48525522874513394,0.27933156
0.05413269204741254,0.8249212734471483,0.49372921328389685,0.20810898
0.39387110485891325,0.5093016705077719,0.19460825875532967,0.32753673
0.06553255949467661,0.4180346931493355,0.26120021512519515,-0.006289102
0.08817449091703843,0.7816605772135454,0.3103847078319012,0.22486928
0.07227792538122169,0.3422608169655471,0.2755494153903417,-0.042129356
0.2870020712606231,0.6969898702554187,0.047393162108629566,0.34750825
0.5605211122791578,0.45344943629942325,0.5928014468684708,0.4404482
0.07509215281657924,0.7388358616491064,0.2636711624728632,0.16925691
0.23387451328788478,0.20439563629318214,0.5870750866019959,0.08598259
0.34351285827569755,0.5572116689378417,0.1678687284082017,0.35046282
0.06560710150573147,0.39897704189425054,0.2337090429361104,-0.030316055
0.06855168018568673,0.4216663506893938,0.1769277428900743,-0.025190134
0.3332957226531099,0.4763275995356617,0.22049781659940557,0.28068984
0.40123958773828167,0.5461407478240878,0.19794227905535977,0.34250644
0.06975698730787601,0.2502945605509348,0.41321585782264975,-0.07461265
0.04187992011813742,0.4380426145214097,0.36113208454109486,0.013945703
0.08528759636501278,0.5175422606306664,0.2166018156992759,0.03401434
0.07269814623928265,0.4527129322603441,0.233501992055458,-0.0010031322
0.15013287264863162,0.47327589639935796,0.15706314795004833,0.07060781
0.07541557690000472,0.7835618688215188,0.34340055535977143,0.19713451
0.25597287165544064,0.5696851810890708,0.09938822854579826,0.22229019
0.15560880363110086,0.26851611130339287,0.3637837668763417,0.03459294
0.4757471545662284,0.43202249944375026,0.694085635995513,0.35845906
0.05663811524854759,0.6916903874037071,0.33210546663621765,0.14743933
0.07082134654243867,0.3728981456097852,0.19693935835742132,-0.042050656
0.017632856561583837,0.6352822808901666,0.4159300888677882,0.097933054
0.07425350586633131,0.6539498363119863,0.265847128969762,0.11859134
0.018100810125318723,0.8562315983820437,0.6403862826730198,0.23331885
0.08052192810774597,0.4950754059429219,0.24114427630488292,0.0048659793
0.07978127183640227,0.7122285135635703,0.21957239196671252,0.12467764
0.014227566770942057,0.7782804874210397,0.5403280389336311,0.18521327
0.0456521925222555,0.5597146047119952,0.26413959469315634,0.079830974
0.037391742597812735,0.7356469742192662,0.36445363176507634,0.16242228
0.07634847067331085,0.6281180816328024,0.2865313009083521,0.08352193
0.06782702037797707,0.6132763081458628,0.24024996262826812,0.08838402
0.09038159530781584,0.8343689965060354,0.40134012465205626,0.24523745
0.1156819073872549,0.526482149556331,0.1545649405805301,0.06649639
0.16814274539346563,0.5737701890930649,0.08952364475136862,0.17322701
0.07663196511372188,0.26378315205440145,0.3810508942026269,-0.07984343
0.22162184877045638,0.5358316788350257,0.17313652433222174,0.21298937
0.23446337248768406,0.45390401825454674,0.12982760665388118,0.18322973
0.2999153532234734,0.2858279056552117,0.39164884900201175,0.15350686
0.004079686129413979,0.42935759842428967,0.5231833301460742,0.00950456
0.08717421033416242,0.4911361497208263,0.1821469027293322,0.025771944
0.12271879161205582,0.5839268080640856,0.18702649117859682,0.11615911
0.09685261067584047,0.42952668216444745,0.1453950461523588,0.012659227
0.25035941372314985,0.5022017294809997,0.10053690599468837,0.19708607
0.04832321355644602,0.45463887461705765,0.2915681925414682,-0.0040039057
0.659203015802988,0.47303112330976127,0.7466855471858203,0.5330546
0.15414011889911775,0.28023193487570597,0.3496025775027811,0.017824687
0.24032281610707112,0.5380713942626714,0.08153238691700973,0.20436841
0.06884601913783901,0.25794715378158234,0.3937357107556425,-0.07126419
0.24414116335284447,0.6990228189764303,0.13162415538429215,0.3034039
0.3235273827714768,0.967128092740199,0.3418517204895716,0.5842942
0.32353107986456525,0.5184836168309503,0.10468388564793377,0.27594593
0.31090530008255135,0.842007004872092,0.24063359509804547,0.5052363
0.17707963085786646,0.4882033499619869,0.09926801281494743,0.12260869
0.026311463430147147,0.2610322880357093,0.4645364627425783,-0.098328516
0.7267972832528807,0.5218058213014903,0.7449385776246862,0.6322236
0.06869191897733729,0.7417052186340725,0.3400521481872817,0.17101094
0.047178416527394434,0.8560949971435077,0.5013495153344046,0.25292584
0.2922544010492861,0.5216013699155889,0.12119559049340131,0.2685998
0.08594441054957816,0.5426726494389329,0.2259852257434694,0.046333633
0.07105235231863209,0.576016554702706,0.23182770295907806,0.07909994
0.28105923996550114,0.42945083540900036,0.3591017295489012,0.174399
0.08308668289356987,0.628114571509879,0.22785374638388872,0.10644321
0.0348558039384651,0.3000367901651453,0.3989014758405136,-0.049688097
0.24911371205502758,0.5591105556215373,0.06380908001466962,0.27137804
0.05778885771919494,0.7780589150289896,0.366557563631348,0.20463121
0.22521455449246164,0.4590350943687696,0.09481558072185922,0.13467605
0.0,0.5170782946928875,0.6345589331188981,0.057822
0.07455777538195346,0.367519922670552,0.24075111844953836,-0.03879357
0.07080372055946453,0.6071729592753174,0.2764870339653189,0.072822936
0.12698910785902257,0.8156634276050762,0.3253372388941883,0.2659591
0.16146405589759993,0.8936066649319858,0.22291306022716584,0.33461416
0.131289499325733,0.7351985334953403,0.13009184022520728,0.20325463
0.20317204592343896,0.5096805561838397,0.04586329325725816,0.16957502
0.1129344170494885,0.6239778767306593,0.1468864226291954,0.12020947
0.051400039532242175,0.8953827892924378,0.5813871883254297,0.27899432
0.10989292248948919,0.39859718668646116,0.1900148810153981,0.007720367
0.3297558652202508,0.5123924993496988,0.10071591600761809,0.26673847
0.09797353214238197,0.5046237429167796,0.20714801463920882,0.037318796
0.17553529321160347,0.545808126740596,0.10865976159982718,0.17820431
0.027212759642284923,0.624800095797078,0.3483318069443866,0.08713651
0.040708828362109734,0.6892796779854511,0.3239781367097017,0.13687189
0.09151745377233715,0.5661568670822005,0.2214146522439404,0.06267823
0.10993233270337693,0.541906991577851,0.21609346782881092,0.07536031
0.13799453901720582,0.7882044698268087,0.11481375212635853,0.2553092
0.25604736131010153,0.4442162263616734,0.15519828892810772,0.1533166
0.1339883420049698,0.2939042976958627,0.365927547081934,-0.0003005499
0.055027800384868666,0.7640975174253205,0.3583787803037306,0.18147731
0.04283590730654893,0.6513252017167335,0.2975693496025196,0.09288429
0.09256947159727956,0.5381880577733771,0.18725654720562288,0.054819256
0.07647233134794303,0.7063440602016431,0.2679045524119022,0.13359822
0.06794651889349174,0.9670437835331507,0.5695747688148936,0.3379857
0.33166519333527233,0.499450424235287,0.13661526227043705,0.28119028
0.21393678863627544,0.39627173961434264,0.2936173103590476,0.10132708
0.06829199141949377,0.3217624876965545,0.32816432415737135,-0.044507377
0.3434579414469895,0.55252080699761,0.11193927399944756,0.33596796
0.0438889268266706,0.5623847938282521,0.28738236364360253,0.059087656
0.05083918108564828,0.27651727245718266,0.42009562076704277,-0.067882195
0.03826702962714412,0.10897731267950855,0.7508390610691696,-0.12864845
0.08859458706160366,0.5528597011054053,0.23056599699299363,0.0501177
0.09687482381232276,0.6618398602312595,0.1905590865404838,0.14345361
0.07247607266948547,0.6642924222375739,0.26827516322500555,0.11492124
0.05962463612288972,0.31157989289101407,0.3592439276567861,-0.052854653
0.1680383320209335,0.8303765215461423,0.20477550691640456,0.31771377
0.07175184721529028,0.6349974724878868,0.23127767904536903,0.09033607
0.08325780467271557,0.39490421488441174,0.26481784353741,-0.026866738
0.1642237611449614,0.45965093185728745,0.049840730172275305,0.10968438
0.22808403199412847,0.2557025797631019,0.46574841603584105,0.086633846
0.08329186292464508,0.9907270819342445,0.580054105268833,0.35612375
0.7343910001687062,0.6158025226655433,0.5779634939351614,0.6853078
0.07648642966964442,0.7285532051606755,0.2690640491750232,0.16642877
0.04376510532988882,0.7400960494777875,0.3938817466261916,0.16430812
0.037262107756942775,0.8162406332551757,0.5414476337472898,0.22430822
0.0770909271104224,0.4606450761130594,0.1792375921199673,0.0033983383
0.14202503324995241,0.47032537554248827,0.2241136699497541,0.08366184
0.07328802898249188,0.6619895404422625,0.25832291075397235,0.10651077
0.2051486876593068,0.5366636283632924,0.023420044751981672,0.17402695
0.06727510718793613,0.6617701635241517,0.21026617186655394,0.09652987
0.7447227190251318,0.8256887364516106,0.442206405605865,0.8380633
0.05780921577205324,0.7073331835039702,0.35695038546251384,0.13516816
0.05116739030563654,0.7513152858439842,0.3754681118552849,0.17832111
0.06634721751610664,0.5263442251469994,0.21249912495671827,0.060150046
0.1657765815095956,0.5136893441190056,0.09478225624653064,0.10428476
0.19537615608056705,0.5148035674275256,0.06509076608447331,0.18349877
0.13968729741946692,0.8205935984674092,0.2467379898386262,0.30698416
0.05838484575551717,0.897832167285759,0.5152570550836597,0.26269987
0.24516501710480465,0.5997909925576562,0.035888128929846747,0.2974794
0.32333442443237115,0.45119068835348464,0.17975743986591566,0.21427818
0.05556177657758474,0.7384756616089444,0.34798311393473635,0.16865483
0.12562044771484365,0.5360742965351939,0.15865344220221,0.08725695
0.2206647087518256,0.3535035433946922,0.32434530827345004,0.105406106
0.8211891518700984,0.5536498392476383,0.8157379016991348,0.7136699
0.1113678565349957,0.6761627458199442,0.1505892932603326,0.14719754
0.24502498381141194,0.5497532992069989,0.009381928273436257,0.23802403
0.07524593322862609,0.661837611126848,0.3126480814001752,0.14033033
0.07426287443290515,0.6580115761565302,0.2611510492010643,0.11023311
0.13650237338000432,0.5797677186117937,0.18013360140372353,0.1204232
0.07133862525784511,0.25431641731302496,0.41113322394449514,-0.07434167
0.4379687647459539,0.6155397565578415,0.1619598320972898,0.45475712
0.06367890054849093,0.7706099027968344,0.3455339599298186,0.18850952
0.03572079589148755,0.4055979798135115,0.2759464991303083,-0.019367274
0.30963260604476844,0.5165150024616262,0.13201223244677637,0.29213086
0.5517707812786783,0.9406757434204694,0.30223770278674594,0.77113837
0.08677330273513968,0.5927404612490488,0.23751061307715252,0.06937572
0.03441088272630416,0.4012551724622935,0.34722500329664074,-0.0049661547
0.29770942424584884,0.5074892853570675,0.1875591623991463,0.29468885
0.11096872530452791,0.5559470418363253,0.11079292057934637,0.10069533
0.18067901994383925,0.5692157587367093,0.16401668847846282,0.1803306
0.06360637003341779,0.6972955054544028,0.36627288157054116,0.13301434
0.14543283705094223,0.6543008432572749,0.12000708525570247,0.23231313
0.07674448663112869,0.6156057002895574,0.26540956284228895,0.09821254
0.0691653661173766,0.7097476593207445,0.31700376786574047,0.14295658
0.061517296153083295,0.7336796289179012,0.32210925884255326,0.1604498
0.05828908013771543,0.7539842894842956,0.36576895110458224,0.17434853
0.26683478212971823,0.47543256869930606,0.07554024178700833,0.17441927
0.048530099955477135,0.32702975669410306,0.3054223835850556,-0.052876037
0.09024138872759128,0.3213103275421867,0.2761096690704013,-0.037516646
0.2592169816168887,0.6177971841003954,0.016759457988832493,0.32672343
0.3577691032304885,0.49150705947393036,0.3107080319997045,0.23559295
0.053028855585391416,0.5729327576443203,0.26048154304407994,0.03483598
0.02669289525358179,0.37877302982104366,0.38611887968641606,-0.017472332
0.04641280543709743,0.670799682404734,0.321164479106157,0.114277154
0.14452161001651262,0.46922830895788037,0.14685589511873226,0.08727394
0.08580992109742978,0.7388817568619453,0.23058756203584166,0.17669688
0.03151138847264659,0.597180124281325,0.3619835687924705,0.08935037
0.06628103097144294,0.5393594206413476,0.25778672505873024,0.03244232
0.07917562687881857,0.6693462702080282,0.23758906638074073,0.116406545
0.22254073596434035,0.7387590049750454,0.15072362631218789,0.31538817
0.05061240063682858,0.8846396056027472,0.5448630649495432,0.27135256
0.2630124198275678,0.5473934981503533,0.07976679173643436,0.22915444
0.08258884630560069,0.6584498427831623,0.2135541358563935,0.11144626
0.17032668995778788,0.4627091240409664,0.15420102097542338,0.085689515
0.07883415852204229,0.47126847148945206,0.20997646374868273,0.01641498
0.03617848745725921,0.35457180739109895,0.3102279484757942,-0.049146935
0.07533939167119853,0.7395843376605202,0.31422954145232446,0.1656262
0.05273367678963843,0.6665426103944225,0.314479633999478,0.11657758
0.04087508183449791,0.5539093223489613,0.26923415778268656,0.037123233
0.04602041132797795,0.37581981098123707,0.3327640564064791,-0.039925516
0.04381812860452426,0.7764249043215061,0.42906452002032813,0.18844125
0.06687243670412181,0.25169533570844393,0.4211463086889631,-0.08598243
0.0451532469993184,0.5501560452616943,0.23785257844946506,0.048026152
0.627195514929168,0.5137195219718004,0.5566996414821607,0.5136783
0.017316589207177407,0.7900102837742299,0.5105521778600263,0.20810193
0.07288266276931239,0.8100121070528551,0.42245745804714085,0.22075208
0.17898175461575272,0.40105233673012886,0.21861876099134497,0.08355515
0.14128065425179148,0.31480094741290665,0.2279914643793347,0.0072036893
0.11825302507170192,0.5532378763191049,0.16374173645540974,0.08878335
0.2991023305547683,0.43653972986732553,0.3003643964908113,0.184481
0.06919939433242296,0.3435734199232734,0.25898223247409347,-0.06644645
0.018691427858525567,0.6270016221030549,0.49210137082819994,0.11328398
0.08028148737550178,0.599205092638031,0.25582950286315737,0.07859388
0.08609081962960717,0.5787640276215751,0.2537187217935205,0.059626512
0.6864089680237365,0.8648887762895026,0.3322388744267162,0.8096299
0.402430511960184,0.5414828642784659,0.1644429455762214,0.36354455
0.08940788668289144,0.582497299613086,0.2445359805135415,0.0685657
0.17078896811935354,0.5713436738347991,0.08252636472245081,0.15926833
0.7493931782534383,0.70525514703995,0.4963993462374293,0.76512086
0.22376808891066255,0.5959340386982919,0.023153340334566258,0.20803684
0.0753347455456492,0.40884212492265193,0.20811721907995284,-0.0055323504
0.6862624990989822,0.7486542769595995,0.38858456863870744,0.7564363
0.057369572088711865,0.41877690235170784,0.23993416250577504,-0.013071928
0.18799373709827655,0.8853910706555934,0.2721276499001849,0.38547465
0.42688588547573747,0.49657553651823677,0.2541403456018759,0.34548885
0.08358222482334203,0.2738766203248952,0.2926252521428576,-0.06596883
0.10515670062124488,0.44961432007478197,0.15084601385415164,0.025828619
0.1036583331437378,0.5833299813438172,0.19538887670511568,0.0805468
0.0788425646758131,0.6284118028931148,0.2542125904762794,0.0910857
0.13758478695322715,0.5344703506356243,0.16210387729218384,0.097689465
0.2145779248000618,0.46343662512299333,0.1398789414736523,0.14873478
0.33391492917588095,0.4545024506032461,0.278392402313669,0.24102853
0.02776120320430084,0.42429443372991615,0.36455130211440606,-0.011118559
0.051731080210061245,0.7123279472711104,0.28587138704512954,0.16111349
0.36248970992992463,0.8708414340863584,0.14490693472661326,0.5374539
0.13819812066313522,0.5403154997524919,0.13630273964506948,0.09632489
0.2974612156451501,0.5219321158029697,0.043763049247100866,0.24038187
0.07142366778982664,0.7511913847120344,0.30930247708866265,0.17538531
0.11844824558114314,0.6526459508642783,0.2599714901869776,0.1624417
0.11755425896346451,0.5373037515960069,0.17224898980246667,0.08251271
0.06397331972298871,0.6716487708219845,0.18667115965960507,0.11086863
0.06993839852922068,0.4913949793958549,0.23828024261703615,0.011668696
0.05514431233439383,0.5185424768777572,0.18044839709547492,0.023302231
0.2768334774473946,0.4828004076725324,0.16295788852632742,0.24575625
0.44092338689437494,0.5763064341653884,0.15132971144747492,0.41035366
0.2720095167010768,0.4858672028444923,0.0971458165584064,0.21411881
0.3704580957096676,0.5462370116999835,0.12269543163040392,0.31917796
0.01665311606856343,0.8819144029589552,0.6645015826890835,0.27965167
0.19458061026380497,0.6287962392106007,0.1043484761471965,0.22898701
0.061993707572683396,0.723263289946027,0.3867834363354298,0.16356726
0.38755399671215485,0.5075737009074731,0.23003878925436266,0.33806512
0.12764777987153184,0.47036458621101257,0.16216014715173754,0.050559435
0.18984753270788773,0.5645268551385116,0.09969256675496949,0.20453109
0.102498314915044,0.2334224586530862,0.40247121069258723,-0.040185273
0.07338581407326424,0.7038602170092146,0.27406893280559985,0.13732825
0.14366794874164185,0.5534279894726203,0.17399874068603688,0.13275868
0.1670648326178549,0.6039785404101039,0.041952659212930205,0.18363185
0.16882410686909083,0.5567759059996978,0.05667505384814103,0.14691971
0.06933934088536552,0.6352706507526508,0.2801169662038177,0.09554285
0.05940174486371502,0.7280441385584416,0.4076089427639151,0.14610001
0.13085005937791455,0.5611433143631767,0.1526399763119485,0.08762081
0.38626763407738185,0.5376164915917682,0.12250990190347852,0.3512039
0.6497417749258794,0.6146118257361417,0.4771080796042908,0.62439907
0.08131237906620545,0.41460778987455216,0.19882511355966104,-0.014444301
0.3325976153477035,0.5411284447783892,0.036872919577194574,0.30704504
0.05317123891259409,0.2959074811394097,0.361934400615831,-0.08419247
0.3327021359168555,0.43065204290758763,0.21970075137166445,0.25823456
0.13121095286725476,0.3518633895843257,0.16495622142965222,0.019612378
0.37486391620164633,0.4904833125134076,0.19413395329683708,0.3120874
0.3174034978135418,0.24961620694184083,0.7095326056219832,0.16158953
0.00965510342086276,0.5747473551730152,0.4323770379931018,0.052528244
0.39158325576354747,0.5903152594809363,0.14369695903434382,0.41088432
0.10659381966152731,0.40863769319004184,0.20801299803098477,0.004243107
0.06159938772927259,0.7172428029398129,0.2973683043189435,0.15217845
0.12637795494163254,0.34064337222514474,0.2838626333335717,-0.0123593565
0.05396975429651095,0.7054181911443023,0.3411546527752506,0.15203424
0.06961189362679464,0.8211150435161024,0.3691553446888344,0.23145324
0.09533610037630762,0.7323363451746607,0.3370057141877272,0.19245413
0.18955979063991668,0.43217976519523693,0.15332334395384078,0.11831626
0.27835386787394223,0.5509345315259029,0.06642918185789423,0.26162097
0.033703174728936025,0.4094662973129508,0.2811075623953315,-0.018825509
0.09367251918187011,0.5176609383376902,0.1983080974195236,0.04150557
0.04558592957091864,0.4555069095157223,0.2915225673702174,0.011199594
0.07719782100472113,0.6378564100273022,0.2689525076219166,0.09017435
0.07349467759304415,0.3614915770181508,0.2764589649034207,-0.032483604
0.35602724853644363,0.43705806034882166,0.24780683057792768,0.23298246
0.08520350824077345,0.7885316912639462,0.27623247215573254,0.21563447
0.11890786383814145,0.5602331387911278,0.10020871041839355,0.09310894
0.3784047998491583,0.620945674702539,0.1479165993607537,0.3790577
0.05255938018493442,0.15949095246203543,0.5886134084398998,-0.11085276
0.1275207457876505,0.7831053363160922,0.25887434575156476,0.25529596
0.07971171766119836,0.5670788960826627,0.26207584850697396,0.050278015
0.04760116164997576,0.8270698207996013,0.474310664711011,0.21647425
0.02823222184981955,0.7366998778846588,0.42850036865333596,0.16254066
0.07676435963467414,0.6323086723002564,0.2477848677629245,0.11124542
0.06889412620251022,0.4007156237005641,0.26411111571034523,-0.02710449
0.049340755282386226,0.3438252207108967,0.36009335312182833,-0.050901525
0.05868782784921242,0.4036383418555424,0.2747830828269393,-0.016051045
0.08950467899549218,0.6551682779534472,0.22071721936063288,0.14230321
0.1843883624360067,0.523890070730937,0.06340539551914573,0.15670958
0.058557697642449724,0.4952058282351446,0.2631284244484912,0.021809977
0.07045553711256876,0.6145858395306966,0.20650815124484384,0.07427277
0.3394086950978258,0.5588614956292678,0.0805627272150923,0.32964498
0.04027613904016587,0.6672654202806795,0.3561633882071076,0.13057528
0.022031904191581714,0.518621392984607,0.369029681090112,0.052685294
0.019068266092945957,0.8709541568545199,0.6452183010555907,0.26488537
0.10293251661992484,0.6172132012923345,0.17597203784802176,0.114708394
0.6286673624068309,0.6238741671079087,0.38255716115536287,0.607497
0.05493888060549866,0.436380724420856,0.27514875663222105,-0.006951349
0.052199730036048636,0.7538987280598883,0.478286523484457,0.16056113
0.5121341287339817,0.5140143742533384,0.3765531901936199,0.42230374
0.11057079818018756,0.8794966514914888,0.34006712929022115,0.30425724
0.3478992718386409,0.6338063382447597,0.09560672997004735,0.4031963
0.4370417871418665,0.5131820998150116,0.26182374447697127,0.38652122
0.08091325174579114,0.4005399479338806,0.23424869889549305,-0.023030054
0.12857751014875915,0.5702795999769834,0.14421475787517302,0.12739405
0.07209158848939151,0.5200854517756266,0.2774056661125269,0.011901331
0.0268497780577365,0.49649518575517537,0.4111200606212615,0.029156383
0.13239095465661893,0.604838869547374,0.0972494804819973,0.146839
0.18769199690757085,0.5389215191463392,0.06276296246933491,0.13810137
0.13114157967832477,0.8532496207337428,0.2677559482313041,0.3138417
0.05478031269001707,0.32729967584274156,0.3695547260756244,-0.04536628
0.22691395207073362,0.7491521506304003,0.15297045978570067,0.35164213
0.07484201541117409,0.6568419419974,0.311632062646775,0.09899472
0.08234765952048707,0.5509105403737806,0.241436763910573,0.043971922
0.051793729938170385,0.8755592258556673,0.4967950658368,0.2605852
0.06261039304220146,0.6088559999003903,0.19604914646746485,0.0820404
0.24288854690200395,0.5687715321897356,0.2480972362637844,0.23041959
0.16033078933970435,0.6123184682493498,0.10467193525136853,0.19015819
0.044609138718431085,0.8168930934110904,0.4489317089922976,0.21354131
0.10070217016660535,0.45499158482036206,0.13871489994134828,0.043128707
0.1323158775825879,0.7491835819926658,0.10580998068672126,0.20663935
0.3415209426209709,0.5076369974410122,0.10403634130374023,0.26489472
0.10232103209980609,0.47838036993196753,0.16710232579873854,0.034797214
0.09678687499493405,0.423379780636492,0.19282279892848758,0.012706734
0.03075482602897528,0.5061970449038807,0.389907064373774,0.050505508
0.5962758649544568,0.5231358346444235,0.49401856314017245,0.48145682
0.45286627556558356,0.7216242906438868,0.10239035828800522,0.52421355
0.321693624489391,0.4327833130414445,0.23499077842428218,0.20437114
0.03438557865055733,0.4600659955821943,0.3130984779026033,0.0066787573
0.409573046479698,0.6579679510114008,0.18909869429517823,0.48980266
0.08318055878742184,0.7244183901273978,0.273377400126096,0.15984313
0.37064812453246887,0.5205357198707483,0.17223322322816442,0.29301533
0.05797892704733827,0.6638825069774136,0.3057398754135849,0.13224863
0.1428626444822125,0.5266023847032254,0.11256378487649066,0.12707467
0.08734654473156592,0.23051056467715048,0.377593239657596,-0.06731051
0.2959531057848249,0.5034144296584537,0.0891750638120701,0.21023741
0.4049794565795844,0.42618274962099745,0.4482398892764534,0.27932698
0.10572320158402548,0.6023745706706186,0.16391064321478843,0.11690642
0.07583472144242695,0.2683263258803151,0.3929273365723708,-0.081556246
0.24079241474507382,0.5233151281383113,0.014307478311625432,0.20180012
0.16221775418512277,0.5451422348805935,0.07902493038265043,0.1488362
0.37037317127997826,0.5603510685358065,0.0819281822515473,0.36432752
0.05309171085155005,0.42725637950069,0.2820514037020921,-0.01673684
0.07316609208789858,0.60160266629335,0.2386865050353407,0.082887635
0.11483240323486787,0.454271352307654,0.20009503519304372,0.04887395
0.0686573302116572,0.6016596849692756,0.25485710369396203,0.09500305
0.09711696368370716,0.45420968840162174,0.18430662606206735,0.023722596
0.04950219939348899,0.9321253985731054,0.6337208530304217,0.30764627
0.04544008637840387,0.6779536541434052,0.33111447493544305,0.13023044
0.12258772759328089,0.6102228830226849,0.17717037110967992,0.1442605
0.05462343109760391,0.370265971780646,0.285342553989735,-0.04081372
0.07990215739333152,0.3442715008015757,0.2668547398766031,-0.037450068
0.13781835185155894,0.6017693252224835,0.20938795226182774,0.13353924
0.0688730327044971,0.0,1.0,-0.17501065
0.11847990452875036,0.7843730186511891,0.18172245030672018,0.20456204
0.23210417374949663,0.6616160170621611,0.08530666168511974,0.2574124
0.2031860820670115,0.4930947116692399,0.03894614558572376,0.1492004
0.5117208670469287,0.7138541194268686,0.17332357091836095,0.5796638
0.04575566416881591,0.3677031868287789,0.37278288997634496,-0.021399047
0.13936341630034324,0.4268471695716135,0.193497816987028,0.058879476
0.3841518183158176,0.5722348117065215,0.06612326686143014,0.3540375
0.05798184558106495,0.333181893101438,0.29309084480817954,-0.04703939
0.047734740999497524,0.28132620979292555,0.36161510643461886,-0.069175035
0.17752324818877724,0.31955002499942764,0.4086650702125665,0.07978141
0.08394755481913842,0.5920246100389175,0.12650324950082195,0.08520068
0.12877465207195035,0.4672845494221405,0.19398534295828707,0.04574752
