PCA_1,PCA_2,PCA_3,PCA_4,PCA_5,PCA_6,Effort
0.7767231593566581,0.6189301263560656,0.48065722294967167,0.8106149594586195,0.3133292546400903,0.8800039187817048,0.17395438
0.5960675831408893,0.39987019815464625,0.7608128112628887,0.9281772504810168,0.37590229278721626,0.6365685524224042,0.23110843
0.9532137001507315,0.40639100282002755,0.5898758050050519,0.7623276517875283,0.3416546255188728,0.730882545429918,0.06593841
0.8484301311386406,0.49198729950600156,0.34199827514534953,0.6810133085973611,0.26242693385202076,0.7777088524279149,0.073529005
0.9253758917196284,0.6892699106261948,0.6359112509970435,0.6914873862395547,0.41531509931816163,0.8987054657026567,0.1904863
0.9518514930420197,0.29183005117408367,0.6169552734612554,0.5676076570548699,0.49933097108654656,0.804100577517419,0.06698592
0.3496122022444411,0.7322857741000786,0.4882531608304928,0.48506128238127755,0.1028984939169934,0.7980732000793016,0.5682361
0.4392229033120224,0.6658396922278899,0.7352709947098963,0.7871974264649326,0.48732976955330887,0.6316659021635237,0.5945338
0.9339109158662715,0.7131624064216079,0.6508447782679017,0.6260012439032261,0.4301820134461453,0.8368903341933382,0.18714204
0.7231904561079024,0.4292215903785609,0.11110361588507794,0.8193648190555478,0.4638531160633098,0.723459124926919,0.046439257
0.9144512152060085,0.47667922348693903,0.44447351096642446,0.7762501335566646,0.19687381506534993,0.6412034361429095,0.09962635
0.7332308798096036,0.5335698684569045,0.3920866763106444,0.7331373154865518,0.5761258261085427,0.5558048989596325,0.10188934
0.728309880597627,0.48533284770501645,0.33913785267077634,0.5502786306055497,0.45080352539033836,0.8348928985481125,0.07719539
0.6361863837634855,0.4777273256084358,0.23625502333001303,0.8694684810108305,0.4734818962053625,0.6814046046641941,0.08517401
0.8618251447053153,0.6512662440952247,0.5560080595691216,0.8628550396497389,0.48824129650203524,0.8513978159449614,0.18816392
0.7198697112901242,0.7117993682169838,0.45275477776833084,0.7210786149957152,0.6498618849497155,0.8882960962177835,0.27255058
0.6770218533117177,0.608756685357393,0.4615437211722883,0.8703365661467439,0.49889770023493496,0.7999221785000025,0.25344825
0.40382227347491484,0.3038579760632947,0.7335432250296982,0.7043819104053632,0.5191253307825138,0.7008842848272159,0.16207613
0.8099394706385736,0.6425631536460756,0.4449474499575247,0.6454821182172437,0.5071251647797121,0.8652336629429735,0.15570317
0.4330594469319994,0.21438656585274063,0.9052058404737746,0.9584546670457135,0.5460381951832424,0.5665534378654651,0.19938819
0.9668870980883337,0.6757781924574005,0.585277069020681,0.6864892682713889,0.3160629914848968,0.649562210481167,0.13572887
0.8144785056675287,0.6835251735496487,0.6122287640446679,0.6934635779621328,0.4647186784394599,0.8941892450127655,0.23927337
0.765723152220596,0.4260464849143242,0.20735734332567463,0.4206320171156067,0.3336693984864206,0.7640933279814671,0.033217665
0.6442128173394596,0.28709670801440956,0.18897539854267664,0.19105222643776254,0.26684821576770745,0.857595163552594,-0.04704717
0.8746751288691679,0.5197454034415827,0.4259448247064124,0.44397539968172506,0.2865280678592166,0.850996405811737,0.08597925
0.5383878634932406,0.22827567487248923,0.19904984772438522,0.8496695335986472,0.12017805375445673,0.7712060776163421,-0.025239311
0.8510658385449557,0.5692001635903746,0.4248691116841374,0.5525119662498039,0.3840982393377657,0.29489861623059066,0.014259897
0.9264588468334106,0.8008186227492402,0.6102656996005629,0.42877983379775253,0.37384940608754197,0.35220963533007044,0.17432687
0.7464917285199791,0.47950526896056656,0.17191160822793072,0.8355597077939494,0.5581825735988313,0.7518791660740439,0.07889965
0.6621700816832669,0.3834404993582318,0.2780568193635238,0.3216384720143462,0.4241890416027888,0.8269105862729487,0.025147106
0.9068879561454,0.641887306611493,0.3876764706360864,0.605071244556556,0.4184507878767205,0.5945864846841284,0.114703745
0.9002450537710653,0.6657127411611076,0.4311061437613751,0.32826781622427986,0.520592206946902,0.6545886179022296,0.12508835
0.9482297585153565,0.2136574960102965,0.48732214388117207,0.4348403537401786,0.49354711709160703,0.6772553404377578,0.061408695
0.7602406455161818,0.6459096974903019,0.4513316357702714,0.45578824999644263,0.5759496670736423,0.8740316802140133,0.21369028
0.7822779363167398,0.19732851827390713,0.7904330767643382,0.7254332312573694,0.5160046421413113,0.7425583604705968,0.07844071
0.4117898628055597,0.7165737612866636,0.4699583406806993,0.7455918741415691,0.3174743774545482,0.7328013499020029,0.593074
0.701929126049889,0.604334682543707,0.586928409010687,0.7331289123109349,0.5427219434614071,0.8640601935841239,0.26690757
0.8938128952532837,0.5119911429862563,0.57639607399626,0.7837040046657974,0.3197339509631691,0.7875049119396497,0.08823407
0.9182852538365579,0.12265560683712584,0.5480309674076964,0.5017666292715475,0.43396953353009204,0.6818499256298849,0.0042183027
0.9101301183985276,0.07671418429475602,0.5721206532098256,0.45251068431147023,0.5014565954973774,0.6920731630484945,0.015181348
0.7469539135972301,0.5067542394647925,0.33373615361001197,0.9316751023249048,0.3999261161381937,0.787898889618251,0.07047157
0.912612452038285,0.7099664229770695,0.5620065145680058,0.34856594858348666,0.25838629221318576,0.11496846820261897,0.09203945
0.7344509108583952,0.6902686661648573,0.509793996050369,0.6394780678859496,0.6247071151302701,0.898385808124215,0.27668136
0.5996511704185316,0.3979169744027884,0.3196577072285809,0.34524237133812097,0.35170632282199643,0.9123637384935972,0.036552344
0.4319280993115871,0.6861924592726935,0.6144302410843261,0.871268588301348,0.5345221016672788,0.6414882781374699,0.58064723
0.6618144560171073,0.2918096437560196,0.6729973218641454,0.9650840729653336,0.33933791829300675,0.752750083672464,0.08722964
0.22428107036386336,0.4321775152769017,0.6325325183391435,0.33302866765979366,0.5817349718624908,0.5694913835746473,0.261148
0.7028343482322253,0.6158412809386072,0.4507982913547562,0.43712965604184173,0.5246440121757054,0.8998171668974602,0.2070325
0.8195312880851642,0.6375991635623542,0.5595993816265051,0.7801899546872004,0.5848519389467686,0.7562888809008286,0.24170884
0.4540893591567735,0.6363626538230966,0.4810932281419966,0.536959508917665,0.30318631512929634,0.8916179446723942,0.3711335
0.8375186880932386,0.6410494451025683,0.5074150347453814,0.7274511741788297,0.500600423014142,0.911341587457097,0.18193065
0.7510413932279946,0.5420991008537932,0.654843626127994,0.8180967679569832,0.4128966878389,0.8071083004606762,0.25660586
0.7305858103442217,0.714126201144267,0.6284275754060324,0.724675512730655,0.49188803850706736,0.8150856816152441,0.35442957
0.6945449546116086,0.5863454198038357,0.7324609001478207,0.8574827011630266,0.3946497290996065,0.8142473855451132,0.35206464
0.9516891136777743,0.4994721112006182,0.5413705934599837,0.5332388656249887,0.3042185594086652,0.5485265564157877,0.074494526
0.4228697483345484,0.616192674407843,0.5730265459170506,0.45500350324130323,0.5115731566735925,0.7086965307077049,0.41069284
0.8989396083914762,0.6555353514574057,0.6125074980883887,0.8388753992700482,0.3896897014731791,0.8502017250383997,0.19519526
0.906348355262054,0.6177875543287261,0.6171084674904779,0.7020011694419177,0.4407188425582076,0.7930317029115918,0.16793928
0.3634126280664102,0.6847387066415762,0.4656104069395034,0.38021628889254294,0.08925261184082478,0.8285023941270555,0.4674519
0.9516898374710245,0.4107393425623434,0.6679511777995986,0.637934071214144,0.4442267363469735,0.7452122775645749,0.07890023
0.6105974879817899,0.6368944624934825,0.3575492395278173,0.8703930085052931,0.502658139430996,0.8346117749545442,0.31374127
0.8560706042908088,0.6119408179047134,0.5182043733085246,0.8180925315458961,0.36520349147517817,0.8417118728212918,0.13857557
0.4870110934828448,0.5133512470840155,0.42181549941399116,0.6101646760674263,0.3686894251790367,0.7811638278051636,0.24773848
0.72906865271187,0.3841637143597747,0.5308863672862305,0.7909150492873896,0.3388521271965015,0.30644259549284203,0.0062331557
0.7893725193764226,0.6611773772291999,0.3460148436711276,0.5530268036420044,0.5225540142848561,0.08469548056915066,0.021537397
0.5008013928232956,0.6219490839407164,0.48871467548156494,0.6765397760179123,0.4194389124044107,0.8005932082998816,0.38137123
0.9588162199116017,0.6764003657822144,0.5857318068001724,0.6023814791147997,0.34336889192861914,0.5863786688096864,0.13664016
0.5251564892019013,0.6965220410227104,0.5966391740881071,0.807121764256854,0.4951238167553471,0.7405992765098154,0.49999854
0.5495471565701575,0.3036986049785757,0.11641040346078002,0.7657337750054495,0.1788128457992527,0.8042177041003425,-0.004869759
0.905603560869423,0.5887788486732346,0.48175713852408325,0.6975243394280781,0.4212406623721983,0.6431242506012761,0.09681626
0.5942907907705475,0.6366838670663166,0.47244316478389803,0.8169399334799569,0.6120860191560875,0.7858709923368699,0.35756153
0.3660705358722389,0.628147568404898,0.5682057212966938,0.7726519936839104,0.31625288757735226,0.5648659892719755,0.5688296
0.9044892704472206,0.5444180716164875,0.4769286507687659,0.8100888135538682,0.30594479408154523,0.7493847269114583,0.08687335
0.5209932219319668,0.3624452952931384,0.43069010259980195,0.45218175068169153,0.6215448677128717,0.7463834061982338,0.08390461
0.711773814432803,0.3569429738508785,0.3927937959336983,0.8940333865024879,0.2833905215106536,0.7587585255862104,0.01569482
0.5876792457022693,0.6364281018917672,0.4832827347792251,0.7533101011245876,0.6147748356729075,0.7723235659518888,0.36201867
0.8363906583750164,0.5480755633656662,0.23931492316173048,0.7138809553643599,0.5523958720744789,0.6950387316555481,0.07677825
0.8636300135830854,0.6606843017828804,0.43982156159792846,0.5190163638087252,0.6357911345037279,0.8262520196862982,0.16362192
0.5607800702375169,0.3338359649408421,0.9686515176494249,0.9527512157181227,0.3047841514516079,0.6144323204604638,0.30475023
0.9698655113911668,0.531017907047073,0.5548080291623035,0.688423152381775,0.32129905171956574,0.7698963489856125,0.10628706
0.4987411722092683,0.6067430108604897,0.39032632662459865,0.7628793351612029,0.3470146796729475,0.8114879052666306,0.3897068
0.4307110820066229,0.45099885456079686,0.6084006727529738,0.8249968941366106,0.3936016180022051,0.7314599683012781,0.31565365
0.8231841696234825,0.6711923532983036,0.4488972821231328,0.7957438320985282,0.5980016437501523,0.8753229676119476,0.16683887
0.554462076507567,0.5090848000809792,0.6727522049795033,0.6238782751034396,0.5698057660134542,0.7052446481941093,0.34482586
0.960198332075324,0.5853179524371321,0.5805597547961941,0.5636909072156685,0.3232240352671572,0.5918786693299997,0.10988496
0.9856598582905941,0.7579590273290628,0.6101676951058536,0.7411269241523117,0.39539841966962924,0.7095566099872903,0.19305544
0.9244392286453827,0.4283926959168063,0.5526715769794805,0.26825556042437526,0.31255114112095017,0.319549689020217,0.008175287
0.7664127810259573,0.5287236090310979,0.2177171400010635,0.9155994250603886,0.5027716915784203,0.5381314882232946,0.029905196
0.6864605124524942,0.4186551022249842,0.13392470130931483,0.8566420784192198,0.3678391308072946,0.827779513965562,0.039304372
0.5780165425005294,0.30958629786898517,0.3203875074508001,0.9424728026842748,0.28498839219256733,0.7875287319972936,0.032392237
0.6950279123866278,0.34486126447552856,0.7610625651564349,0.8930458567626781,0.2926186469620689,0.7764193555823372,0.16575074
0.7269031290133464,0.49108482586404767,0.07377798060853635,0.9417354623420106,0.3884428512950527,0.650600566270352,0.06789118
0.9459051596947122,0.6461844853328582,0.580600292417971,0.5519489293955973,0.357042666556049,0.5754193930895186,0.12554419
0.5687354872109999,0.36904866476901776,0.16109496557982544,0.9443056929072641,0.4162752740189135,0.4800449456845022,0.024505999
0.8876395189002276,0.6566368441804833,0.5209129033890908,0.6885174848331992,0.4547903794500638,0.7492095363990556,0.16091852
0.9419288265406862,0.2290545094605182,0.523756225804656,0.5343893671973058,0.4831757508841841,0.7674263524783627,0.062692195
0.9543151053725065,0.675702221288849,0.6153819827440814,0.5213348199737845,0.41141341407301807,0.7386406314289158,0.16421463
0.9120310270322222,0.6691268672293035,0.39703413652751235,0.5503508129256077,0.46606448019339136,0.5461376368997645,0.10734008
0.43787826303752253,0.6522420364069275,0.46505669786604376,0.6753107926404787,0.3088157886381852,0.7344115327734009,0.52265173
0.8516134069901308,0.4445386579299098,0.6843858687928265,0.8382593228011831,0.3805215901787577,0.7826333545036508,0.12210773
0.42711036179398015,0.621379758132293,0.5729459491037222,0.17736615332920186,0.2995573586685154,0.8417571338170159,0.40261698
0.9709599259933156,0.49882458658262574,0.5834282780567328,0.736199496298873,0.37921695995498333,0.7476106809506545,0.09900239
0.8275794071076882,0.639851128660325,0.4972626594471863,0.23601149677691385,0.41799832501674616,0.9037503541172022,0.12131871
0.9043893381994907,0.6500239722504265,0.5486664860487374,0.5550758212045852,0.3561756115659926,0.8257399206921219,0.16800228
0.6583819256457922,0.51417572071513,0.5012889243730202,0.9808699831689165,0.45869682699346737,0.699330020580543,0.15278886
0.8912688317629653,0.5970402417924543,0.4697796016172233,0.7569305836680887,0.4613010779020064,0.6536623249567044,0.09479825
0.28992376572166917,0.7634855253365548,0.5873686065827173,0.6639070903418502,0.15830276048702735,0.6186447781889496,0.71191275
0.9486587631485397,0.3230447853785381,0.5535957599082806,0.5858124565904388,0.3634143319694514,0.7174307734320152,0.049891625
0.6965179229813576,0.4324282244934021,0.06982450701661519,0.9516997940188032,0.45457122487621887,0.7199958221634035,0.032678563
0.5866525000768228,0.5189226857059892,0.3859103830170085,0.29404072162391914,0.2755352807966897,0.9368544478321975,0.1859031
0.9172530541900545,0.5922375050106302,0.6174194752659717,0.7321826367807615,0.3551490752157105,0.8119793309539383,0.118668124
0.4930740892649927,0.45137720589471914,0.37449916495691266,0.599970463805827,0.28567580320919944,0.8095498772276342,0.19291689
0.6277405180438574,0.3405310625918424,0.16566002564527232,0.7860378248331558,0.36613774146451583,0.7128538486952039,0.009127904
0.8394728775142947,0.6273922546136669,0.4235086662101068,0.5664581262083821,0.4595505140386552,0.8169665517317949,0.13492523
0.5330161776928581,0.46604311091374195,0.5210554585980611,0.866536632876376,0.49267570884845147,0.7522765523217085,0.21716732
0.9770357997989856,0.47729300943352787,0.5246362369208146,0.7661483153409787,0.35626603825625136,0.7681921312773858,0.111210644
0.8988132316234398,0.6442391350693066,0.3405810145745884,0.6127353746914905,0.4173628360044249,0.3987087492299248,0.09776208
0.9645830367305739,0.4616005146044699,0.6692680162994876,0.6428196103078094,0.4404015317340423,0.7926616495564324,0.09953377
0.5973935306819856,0.5714007851764243,0.3298341704925112,0.7720013341815651,0.42738311794532585,0.896881295879466,0.23250356
0.7101557682280847,0.4686629157640729,0.28537140382959014,0.9609089613925814,0.33087827394691893,0.8328260949119313,0.05271939
0.8104434602236289,0.5744493145795824,0.32801045639015636,0.5322817620398583,0.42363669851347396,0.12989786274029935,0.014970135
0.989055489877027,0.6817236045172048,0.5741090013147164,0.7189128008128396,0.33095064269467295,0.6300291160269249,0.16476426
0.6266802948709121,0.7026844712727112,0.5219270542089581,0.6509934032632964,0.5330362745441899,0.8879598346885127,0.3578851
0.4770052296712292,0.5552869201395553,0.40832337750801706,0.5087393254418587,0.26212774902805047,0.7978593558192827,0.29842752
0.8705700387639336,0.6315181434804318,0.37546976699225704,0.5374815852542801,0.604626449598487,0.8025704234091414,0.14227088
0.47166746741223387,0.5256130313810831,0.5916178955804234,0.803509019199039,0.5055930905747932,0.6659783911998874,0.38323945
0.9575085572373893,0.5902314510818301,0.48764178446429446,0.6109745655062209,0.24046014451394548,0.40935527211193545,0.10004775
0.9336816175130965,0.2955107577292892,0.5835642720066435,0.6619501955521305,0.41552855463509275,0.777107182538116,0.058761414
0.45573204583326626,0.48790774470290044,0.41589103333461275,0.3221536619875074,0.2757128963725246,0.8355230117776905,0.16655383
0.3999812128300018,0.8057735008074796,0.5705609331191864,0.7270901990351648,0.28416895841982637,0.7802633445916323,0.62327397
0.9755965523844119,0.551166807510594,0.7154903417902742,0.6939701137423963,0.4040510316888656,0.847983339529623,0.12983492
0.8393949217617709,0.6253595986435048,0.2852807046826469,0.7469961733640427,0.5663119115306097,0.5178415218194432,0.06821056
0.7050261870057546,0.7196686796319278,0.5401247849920756,0.8096223562956697,0.506721685223421,0.8771876235137321,0.30896682
0.3544528920818311,0.49540882209121145,0.8263834940079517,0.9395100203002194,0.26918715543278127,0.6404281344548606,0.4423746
0.5571003743088875,0.49823941053566384,0.31046600708072253,0.8139887678318342,0.35169543102101664,0.7945984598689877,0.19291517
0.4330139744322856,0.5574671595745427,0.7457422748175295,0.8486058660265638,0.4230835366416648,0.5939080061743692,0.4798701
0.7651368044783332,0.6030751339504885,0.394337767802885,0.5168697546530906,0.570818426526016,0.8842056009556838,0.17150702
0.6460398045749589,0.4914489612295137,0.490514416421822,0.8376344042854418,0.5869467036516632,0.6006771377887994,0.17245726
0.8818870241380053,0.2660034775259048,0.7112991620672141,0.5943631053092943,0.39115699745790194,0.729172027787736,0.033094328
0.5380261016074044,0.441059375621702,0.260149033966091,0.7916312093480145,0.33633292571231244,0.7053736815258105,0.16645709
0.9041475834389291,0.578339241242043,0.5782511713281872,0.8152766575162937,0.4326948208083041,0.7630325339728264,0.12905766
0.9424539137319644,0.687788450720693,0.6023460533506948,0.5501338758689399,0.4254643640114291,0.7645831479531813,0.17000575
0.8021997682430164,0.3687073003216718,0.7577816556331225,0.7788091184015901,0.3605482895796181,0.8415421033157136,0.09999581
0.5161511880052482,0.6593862611126375,0.45669509582046036,0.7454496500418788,0.44745068277606714,0.7642258759451607,0.42554936
0.6307600941156684,0.3847656033785257,0.21250235511126164,0.6452591237441164,0.3473291424854802,0.8747749589125461,0.03416357
0.9840327007569443,0.5933271244317291,0.6504710800033138,0.6373044578331922,0.40791216044086875,0.7238739342476448,0.12883747
0.8653392558576596,0.4733866138237089,0.45313264434739237,0.633846431101629,0.27234499757713804,0.8621279842429352,0.06202295
0.6134589440624149,0.39488367371651867,0.4033502029810107,0.9274185010964262,0.40519236317117974,0.6704996681096862,0.0766699
0.9855348515217301,0.49657300883178557,0.5555201965358129,0.7652147189126868,0.3596790603319246,0.7758341604951425,0.1130739
0.9532362213968367,0.6326070390986549,0.5012805481937237,0.8103907419378857,0.28780834193615323,0.6694000528572231,0.12238121
0.9694686589453498,0.5116502422862808,0.5606960548940862,0.6804861776525348,0.40417181773194055,0.6967756055572265,0.12425114
0.8868616139171437,0.6087822343682668,0.3723841726203504,0.6481338889901818,0.33831571209366196,0.6726082801573344,0.11720459
0.7098029736155433,0.5620526081594945,0.32282678536162357,0.8073532433351425,0.5868951580702111,0.8404257362193207,0.20613562
0.7691535881942376,0.5967056209869277,0.45400385733959425,0.7214921322644695,0.45537020640799425,0.5354996560141417,0.13253878
0.7736438817395733,0.6258293807829685,0.45815444028774815,0.2264908727460952,0.4235378048620431,0.9040231372601528,0.15452754
0.8482933997706976,0.5611706878529015,0.21755976130965687,0.8476891278056936,0.30819799514116153,0.6621582104281701,0.09984948
0.9146599176788741,0.5665871602740166,0.3972112834497892,0.5510859107667125,0.4263797805024671,0.6440335247290478,0.08866078
0.883869060587797,0.5659445600270927,0.4289564285721162,0.7170586457527411,0.35765138611726155,0.46090723803266526,0.07243645
0.0,0.39572298562028246,0.9023431671640856,0.4297342527003849,0.8356613587259414,0.22780145805291607,0.48825398
0.9098178022048086,0.24532894733034089,0.6569995190613751,0.540930796197691,0.35062314107664083,0.6568456675984311,0.026391242
0.6427355287418053,0.4896577557961922,0.6369303388361104,0.9073658334693289,0.43300199796718725,0.6192343873732802,0.21999115
0.9488497073106998,0.4495145415952086,0.4830262503913902,0.49927600879379863,0.3522819682011516,0.5020872092506254,0.0709922
0.7946431231776938,0.5169999427678357,0.32896056750135005,0.414667115259728,0.5474114432340152,0.8209809875189188,0.0981351
0.8452531901299015,0.6352038029117564,0.388781861498666,0.4747610092550938,0.4824269070199898,0.8667717551990893,0.11336106
0.9592808531724284,0.45335002631701543,0.6088018141269965,0.516257736052692,0.33477191301241754,0.6279838373922398,0.054341484
0.4067479242811537,0.4332216089859944,0.7775899813820701,0.7217277066923958,0.7055088439638559,0.5736613321379569,0.38481766
0.5272327178075632,0.1258697995503969,0.6826668029215357,0.6875649216044775,0.5775995840392989,0.699637349809355,0.014298204
0.8531652911452612,0.34451355070658074,0.7528419363652938,0.7047854320187681,0.4818820332521223,0.7939471408357098,0.08347702
0.97226515704978,0.5015887151418397,0.6166567954860801,0.562489070798469,0.42962357037875687,0.7426348189693844,0.119818464
0.9762750057232612,0.7290772455681933,0.6640881538184322,0.5727020082475289,0.43574615897550817,0.7267527584092442,0.16396789
0.9591775239602067,0.43239766415683173,0.5303249959545191,0.6064230675380368,0.3010549535213396,0.6104164458519972,0.073839754
0.9512702267835506,0.5730665090010102,0.5807972341828321,0.7428792336981029,0.29603581902286086,0.7058783329628003,0.10789707
0.5760825909290438,0.4980407970323726,0.5008958170388697,0.3684907042261586,0.5521714715303446,0.8480759640510518,0.17083934
0.8132935780267432,0.6042040784920547,0.3022761523172837,0.6910865697783178,0.650975837894776,0.7923826228841417,0.11753219
0.9464237931017927,0.3728247300447133,0.5484692330667527,0.6750910668121402,0.3576131289956148,0.7477811434773689,0.075404495
0.5182722925183032,0.6371161943543654,0.5376492937671979,0.8338781581250335,0.41865003664280254,0.7858709885602345,0.3492415
0.7809772127396776,0.6322301369422673,0.4086276359279995,0.5239984051763893,0.5519125520989945,0.9004681617174377,0.15334357
0.928698163941249,0.7063841406674791,0.5489758149837576,0.43121433999820347,0.3334307487120145,0.36030124090687077,0.12222424
0.8711342275374676,0.6299666107127487,0.3926461126389603,0.4827086655859916,0.5451953470626549,0.7141643722917842,0.12281272
0.354340554046081,0.8133029856593877,0.6433432952518445,0.6978340641699322,0.42703023107700094,0.6186902514929032,0.75131756
0.465872091848548,0.5522037097451538,0.39571365147883514,0.48278380138152543,0.24457788585757936,0.7712719329907629,0.2976282
0.9617699615383561,0.7394715243727497,0.5368760772960985,0.7060913983008782,0.2214271518569542,0.38293345464600254,0.18879063
0.7622178739579565,0.6619476629199436,0.6153954786719129,0.8901749280326903,0.4013274575218358,0.8818854725583584,0.26616433
0.9480429959327265,0.3070240417151039,0.5749443437339941,0.530064797554764,0.34055689809410955,0.6854624656938244,0.04707801
0.7720957189384805,0.48476350043278094,0.2277414288909641,0.8800170437808011,0.36710304443967023,0.6166661232170914,0.046238866
0.6728999679517624,0.5689791021201844,0.4367043642752195,0.39536797146034447,0.5208202817045019,0.8576875071602037,0.17857762
0.6482323037431622,0.5529312976961586,0.406512213214656,0.8666077001569541,0.5750025911944561,0.8040143479999206,0.19608197
0.759367773783787,0.4653030465390003,0.3057149605979165,0.493518202833626,0.5262849752290236,0.8187954430033713,0.089675725
0.7386423158658304,0.6123057058529583,0.4451687755917061,0.9117624155811055,0.46654772628466945,0.8150548382879261,0.18719335
0.9702635686929104,0.542635753334417,0.5781360361278851,0.6773186984236947,0.3438721906425199,0.690250114542644,0.10518463
0.9541426509726527,0.4507402121430413,0.63801203627161,0.6581996415106021,0.3546131156638937,0.8048129684703711,0.0874645
0.9765505827814307,0.5123039914601387,0.5234902287450537,0.5821587409472847,0.28750410137733307,0.5685096145146862,0.08344388
0.6240419114860357,0.1981187127083045,0.44661691058955644,0.6289758152745816,0.3910235596297346,0.7712328795086795,-0.02465745
0.8962441932381913,0.6918469642213934,0.4114168971908207,0.7233907235364609,0.5040816101960701,0.7602903174027678,0.1350276
0.9523449608519018,0.6518225560060839,0.6247872194922164,0.6269596460504179,0.41336630316612777,0.7748537807712231,0.14094204
0.9830285149009992,0.5251643277065535,0.6821799554499752,0.5369768360923253,0.3590063991007832,0.7443189779744817,0.10158667
0.9623115549146889,0.6281403374849098,0.6003048118388129,0.6752137861866109,0.4034094744302234,0.7836382652781138,0.14019509
0.9887979448084907,0.5984289223965366,0.6088344985865958,0.6853933006791354,0.34677732453834575,0.7308519263251336,0.13365334
0.905780768294343,0.7114961460092779,0.5310072416432677,0.39111129076158874,0.4681278247741292,0.625010778243662,0.11931859
0.6011323067304812,0.46433242822215043,0.34165264272360774,0.9171335669751557,0.4629906378617195,0.7136287389694678,0.14662902
0.6843997514318683,0.5660706332360037,0.48291599388959167,0.9537439825757309,0.5076107990945646,0.7739753044804909,0.21142
0.8157132304022908,0.5813339079579102,0.3520235259021662,0.6213970528415285,0.6710073598222456,0.8541355948335003,0.16107233
0.8574483091782416,0.5843856922394104,0.4527336912861418,0.6584667420866642,0.4063399416239411,0.5815126500409096,0.076827675
0.8075881603813113,0.6324780113336044,0.4337543688601524,0.8221362056468559,0.5293550300144236,0.849918891108011,0.1709039
0.9235178337802118,0.1506381201619577,0.6072559665796671,0.46979550148360055,0.5024683628442141,0.6857893009103707,0.023450825
0.6293537994016994,0.3601398483714413,0.17261166140509393,0.7729335958143745,0.32483858139224786,0.8474911154408369,0.008959625
0.767257883368324,0.41909644124066636,0.1407543415828067,0.6396696601280641,0.3983280253812549,0.6802735762756228,0.04224662
0.7401009185481899,0.4107933648636297,0.5249402135156989,0.7604378186010896,0.3513057480056343,0.45525714820480623,0.009321779
0.7295944853277908,0.5854301648803041,0.6313444221539607,0.3676324244728996,0.6063755561290772,0.8227235283901088,0.2529918
0.8864546309383964,0.6631372937042216,0.4286785519953589,0.621315162889134,0.4936430356642556,0.5363633894010438,0.08827384
0.562652088814457,0.5474647401806907,0.3329391380743067,0.7254942797878616,0.3385715966627174,0.9170517566172682,0.21879944
0.406980019979168,0.7530374594530609,0.7039699684561455,0.7019116786153329,0.4329132019902998,0.7244077899021845,0.6357086
0.8559075840982633,0.18517150266863358,0.7073883418549702,0.6740384382952063,0.4742975451362728,0.7478188708098013,0.025195498
0.14812953457045597,0.7049202097409765,0.6788615906619324,0.626773800047375,0.2641466427612218,0.42006847470846087,0.77825093
0.5700139531509517,0.28178821654793096,0.21344340523225497,0.4985251565818791,0.4013655231575879,0.7570705908885488,-0.016547678
0.8810384178871102,0.625086622074408,0.3790192071577134,0.5559436790369933,0.6552166821536041,0.7693995005589853,0.14290343
0.8492423097685543,0.5741774080889508,0.2971635559131237,0.5737412607641013,0.5790138072459221,0.7957011921859867,0.101390556
0.7674679193406921,0.26684081517958597,0.7325111814174323,0.7810579663343082,0.4409168726956292,0.8187413724221893,0.06578232
0.9708567597974784,0.603864402164582,0.5459772422670089,0.7039662284746964,0.3062568404248094,0.7301780886554103,0.123404786
0.8641662333847638,0.49406198194323275,0.5659170290478783,0.8288201039018769,0.4388860046645502,0.6939092374963498,0.097164035
0.7483547980510573,0.3187974015400664,0.7389113505160916,0.7519453097191899,0.5177091052255924,0.7588332002912388,0.11184874
0.9644752563580197,0.6263931937378182,0.5506772982818147,0.7651027371132674,0.3262464744426292,0.6519340088995945,0.12330742
0.3939880173882921,0.49071967447890363,0.3930241368031914,0.3742353466527375,0.18805345632767803,0.8006306205377749,0.23165229
0.7258073554422348,0.48425733669581883,0.3579734504958457,0.40274349642299334,0.5048116980596736,0.8492037388889129,0.12336682
0.9044966661483735,0.779011694673359,0.5825539330524149,0.5893940793793035,0.4293627047003631,0.7754749879597077,0.20587003
0.7653492431997583,0.7626521376337152,0.6779256372255986,0.5721568324866685,0.47881466923676574,0.8809713475769753,0.35531133
0.9262246828423183,0.2361227269393999,0.6447077443553224,0.5377793708161015,0.5047855921160181,0.7652865617710702,0.04982734
0.6359254199672576,0.24638706005636152,0.0,0.6544095670351422,0.19116653289362223,0.7028326416432554,-0.04521004
0.8670918315450687,0.29937605665775935,0.8080243109363281,0.6721699311034605,0.5643306371680193,0.8047089237220522,0.10225238
0.4957463700221625,0.44569528289165017,0.45664694544758894,0.6911378929139983,0.35739551413493575,0.8291387330678345,0.19868758
0.9074250863420408,0.25530539522558293,0.6666322135532076,0.6254634282727405,0.502487241062587,0.7375117059999908,0.04563443
0.82919677978598,0.179045697501229,0.6061684491793065,0.7527414296773034,0.2385764600420924,0.707797738426078,0.030207459
0.9071547416814709,0.5740452899929506,0.3464024051859788,0.7330282526445108,0.20207986966905292,0.4512044216913067,0.12165505
0.5134259587216803,0.6970268872505765,0.590993902151566,0.8291383673344858,0.4888668188606095,0.7385020917774802,0.48115298
0.799854817812273,0.6665328319445346,0.7098633985501248,0.7373032473313997,0.40045751471046936,0.8186098806102928,0.327867
0.9557344426711245,0.7049406276985358,0.6585687993194809,0.6166729342376364,0.4933114820980452,0.8639650982523623,0.18563248
0.8243311467338732,0.5333544183316327,0.12772294651075372,0.739658119017977,0.3690821254543615,0.3171003014121255,0.09230001
0.440307037137512,0.21945302741986172,0.36174680318434205,0.38532690952023313,0.5433264894717422,0.6749949091720381,-0.011145793
0.4392197411975054,0.4972344092809808,0.45666688273931144,0.0,0.24920578642022204,0.9365417971888299,0.17448676
0.7574408442777899,0.5231530092323745,0.6043431481258256,0.6538669627779841,0.465706645498218,0.8777396758779739,0.15301487
0.8624311480488907,0.6058882760598051,0.26338539140182005,0.6117514655725045,0.433565552786011,0.32180093687170575,0.059231292
0.8088290041911643,0.587104987019389,0.4286397330413529,0.38279990723546753,0.5467764069505405,0.8419264638233679,0.13825655
0.3604555863352567,0.6202065728416789,0.5390747254724397,0.5911279266810452,0.2731695222106397,0.6749654909931903,0.4735013
0.6930023589033618,0.49486043041914163,0.19907356360109046,0.8256557172836556,0.5229266820212026,0.517682195477628,0.04893453
0.7770905603955797,0.4736204660449512,0.1277854311523367,0.8033563336141436,0.577958749110552,0.6858982242322157,0.05452342
0.9258498713589107,0.46597968899431935,0.5972292693589268,0.6414371049296732,0.44529501724013487,0.8334798891202749,0.09115507
0.9605312935812018,0.648116764952488,0.6035846265364164,0.5964237643350857,0.37895339354433877,0.6153202204360326,0.12645486
0.9106074985725061,0.6146844437753517,0.5911287456685111,0.7890012353953793,0.4311950729026416,0.7940867625150461,0.15396772
0.8389269413289181,0.7081707781811725,0.4495502390737178,0.5978466514677128,0.6556118317460224,0.8739020060264708,0.2352691
0.9579729957278353,0.6892116698129602,0.5276005259127292,0.6926641042175737,0.27533776424840906,0.528281983920635,0.13253005
0.9153393580630391,0.6129177101870426,0.33392514228778686,0.6785021766306576,0.38850829210099463,0.4793298338129327,0.10728538
0.8064411640188002,0.5484595758869245,0.3847938777479344,0.3780357724140943,0.5126925983495964,0.8594727702593792,0.108692825
0.24380888158840436,0.2795584824932443,1.0,0.7684662948630142,0.6661433431606314,0.44542211042879165,0.3513384
0.5841324424256668,0.5658157908316533,0.3707927778661906,0.8615640214866506,0.5675486179399873,0.7600691988601357,0.25907806
0.6152815153565083,0.7176914426397971,0.6389785696141093,0.8091824733809128,0.3959606160802391,0.8527307736300522,0.4206341
0.9702487385842717,0.5539142684638293,0.5805785971244127,0.6685829653472549,0.35759890021883106,0.7503296795521945,0.12079957
0.9635488413926334,0.4287769906434984,0.5233102393386134,0.7248277497473755,0.3723029979932371,0.755231382590659,0.094357386
0.7882884413348055,0.5346646606928351,0.4956030155439106,0.5200669498483634,0.46309260101453964,0.8727212693014123,0.13128117
0.9541079509092967,0.6384187431760022,0.5261598345275273,0.6160872729200277,0.3623383714252639,0.6256121313791262,0.11700487
0.6556417595859129,0.3665279789839263,0.36820881074693557,0.8747312216145636,0.2734959886511705,0.904171896228756,0.044272874
0.8457583069003491,0.504202013234844,0.5012932390738112,0.7334612166483215,0.4686332199308649,0.8005068558595311,0.10621874
0.6703913485110431,0.57804965852146,0.3691270341289255,0.7935491079523638,0.5970429925210512,0.738654175400093,0.2797313
0.896965880230361,0.4353605412149897,0.5696926015699827,0.6900290982595926,0.3608429380744411,0.6801851646126661,0.07425563
0.35687883790642067,0.653976901617902,0.5722109478991894,0.8005511363569721,0.43614364575053055,0.39174321564733966,0.58288723
0.6643949865255745,0.3303816896606427,0.572164755518514,0.7871004067857068,0.5048450287413642,0.7631143052419671,0.09122397
0.8242157911548255,0.47188810092464284,0.37362211564690057,0.6300943739397846,0.3325548879410076,0.6599593245848316,0.08111568
0.5417371878615924,0.405203101208123,0.784666507148402,0.9300663111191255,0.3682279771725026,0.7583862098545378,0.26634243
0.32916511417274974,0.5344546065728082,0.4896781050617868,0.3172188415776934,0.2642500099330575,0.7425877438817859,0.33637375
0.9589326605215541,0.5796038396740621,0.5433668360899119,0.7729255506513407,0.2990017798960967,0.7178533297045792,0.10955775
0.8805748917401797,0.5136242005327074,0.443012638591517,0.9003848942549586,0.24161176858885952,0.7770321158666662,0.090929255
0.9669196920321584,0.3044987346832478,0.5304024323091546,0.5509370340295353,0.5227247094750332,0.77951916415975,0.0907789
0.5865405968873917,0.5652948486588821,0.3673285909397528,0.8614455744243215,0.49615745885470497,0.8261794848803429,0.24039128
0.8321364583671468,0.47100399985124297,0.49939365594269963,0.22742798353961685,0.4818963956237988,0.8590175952823408,0.06641881
0.4238054416533801,0.5678339358812454,0.7433766418301229,0.8274143348537812,0.4084279082069124,0.559705394313891,0.51005214
0.5931653050657703,0.44162937378404943,0.3129774966036948,0.8568466796205417,0.44243743843089717,0.6704393851581546,0.09615137
0.2642118403157559,0.49061999707165077,0.5484213823453836,0.29132110331409106,0.40526551865434873,0.6452481869473322,0.29494613
0.7984555467946104,0.5550793364334816,0.6451936516473431,0.8884533043441717,0.30686352012372364,0.8544351139735519,0.20291218
0.7964373805347515,0.522931067802832,0.2172986849211047,0.7008941561016191,0.5296800578940634,0.8002742071255097,0.0702986
0.8126169652906712,0.46511277936476686,0.204715164524377,0.5836821389086322,0.4642912360422007,0.6461382956162218,0.06137168
0.8627798438686572,0.4854772407700497,0.3435498011001419,0.7563431048263575,0.2692924498137967,0.6849196830216514,0.08477068
0.3346561498364549,0.6275360495007098,0.5901272612967694,0.6942754270968868,0.28192874732180706,0.6023660997609135,0.55067354
0.8840785229889556,0.6354657402515369,0.45910242760194964,0.48556809844184273,0.3793450492197738,0.365067049052339,0.06216586
0.959693978862509,0.32994763488374135,0.5380697795986323,0.5910828738412913,0.3925617383724917,0.7210534578924764,0.05731957
0.9458375083146433,0.4021351279544601,0.5214652529799092,0.4182368073931166,0.3138757667586179,0.4674563521939443,0.02361716
0.6935721201299768,0.6263794410149723,0.35789053690506445,0.8515692565296091,0.5456091912047634,0.852629888902371,0.2177867
0.9445575415578268,0.6462196049466131,0.559058741599401,0.46227510794603194,0.4089392521731214,0.742469237164312,0.13293351
0.7408710262663354,0.693205151111392,0.5879408643685766,0.768028271905698,0.5123795153583364,0.8775494396917998,0.26808667
0.4834876795548759,0.5453820867366013,0.5291484140275712,0.7850645188505965,0.5298024816090122,0.6825525000128299,0.36938602
0.9686983731111458,0.433224198986753,0.5969990580990026,0.6036589392799677,0.3777231025866199,0.725067951377675,0.08200665
0.8940423361169034,0.6111550710223493,0.7061873342324139,0.7105661289257867,0.4012109843410023,0.873125776503257,0.19501948
0.7094999637549975,0.1991355122663937,0.7523893791212097,1.0,0.20071070345639833,0.7592310330623413,0.04778121
0.7094071055294685,0.527544994540164,0.24365902220072339,0.7997007158596993,0.6045977787821377,0.29816004863315276,-0.0089014135
0.8851986375074693,0.38899111265763875,0.6559552191614997,0.5384718395053281,0.27918378601152494,0.5227997254786346,-0.0015568212
0.8088268519971809,0.6159336683324947,0.3613665318475693,0.6985831292493274,0.7039594884024583,0.7777822951414829,0.18973826
0.6215865067453483,0.44992340535429876,0.26197802566759965,0.8415385053501344,0.48592611982742434,0.8245853573835283,0.079630226
0.901544170210813,0.569976432739328,0.5111335705426159,0.779778031042515,0.2679012837218877,0.8180504394952535,0.11379419
0.9578203646420786,0.4899118848800683,0.616796142933378,0.6324462890536842,0.3967182251246843,0.8390485342555446,0.1007884
0.6542120322053495,0.4238077193215397,0.23144615994924805,0.733165931727579,0.4507728555072526,0.8496034881032053,0.062420722
0.3416810012178294,0.1604178943331947,0.6727432207477949,0.7905284754877906,0.4654698825040285,0.6744005818513777,0.019999154
0.05434959493545144,1.0,0.7044293410502535,0.5062144241199004,0.0,0.514165309053639,1.1113051
0.5316716921285197,0.6979019449116278,0.49962882790718927,0.7492674508394237,0.4576757860522988,0.9008129270102141,0.39452738
0.8788004818931996,0.6420258943381514,0.41701531132481207,0.43121602215290566,0.5769890838457739,0.7998658868987849,0.1497628
0.9458365642911456,0.6925548058987561,0.62203202182279,0.7212972860292637,0.3913563398619569,0.8388554040398987,0.16387461
0.6497910082968197,0.49207031024461695,0.3556064261439791,0.5106700837612279,0.35289751039572614,0.8360014052135678,0.17118151
0.7028597849799331,0.33350153824589995,0.22929373124893093,0.6887046980884366,0.31682500582194617,0.750436743539926,0.012855813
0.9699916685799342,0.6347096747293178,0.6463770823685892,0.6077012474654571,0.39652928484384337,0.7634270013821768,0.1484677
0.5920562833512794,0.4666813479952517,0.34181199133006873,0.7709282081287742,0.3503342108398868,0.8415030188570245,0.12220621
0.9696245217259958,0.782508170907062,0.7196625349426762,0.6976820074949592,0.4706229745919417,0.8220996815335166,0.21781194
0.4963758338727296,0.6877949888493815,0.5748225760996396,0.7424634823553622,0.5667668756205873,0.7463691326605103,0.48912492
0.9361559689622023,0.6529654981050828,0.49542567143402994,0.5385681294432966,0.45372006195827647,0.6718049995456566,0.1402918
0.9596161947496893,0.3197180750315056,0.5136368447031898,0.6794044346685948,0.4155058288677836,0.8208963812028779,0.08232282
0.8281486303723046,0.5289051287726908,0.23296507692742935,0.7031919301422961,0.46089551925890837,0.5932156358204952,0.085525274
0.6366865489989022,0.6192282529847809,0.4072763165065176,0.8173181245888571,0.5661073806463457,0.8617229283846123,0.26799443
0.632401354270453,0.11377547928441506,0.6628395434585547,0.7493101821052975,0.4865914936200051,0.7228299235975264,-0.005344156
0.9548910396769631,0.5988965264779028,0.600235898882025,0.4758744130443971,0.3337578199685239,0.6123161344537886,0.11844513
0.491744406369643,0.6333851175907173,0.41167370323479074,0.6836433440397768,0.2958025872431824,0.8270961282803355,0.39214882
0.8451315903322417,0.5023103118399412,0.19997718356441968,0.6346295351631471,0.5389920620083809,0.5044883344374986,0.061470967
0.9139207914716111,0.281892157170768,0.6989548461083329,0.5566135867061084,0.46126211461362204,0.7767260892078107,0.044808034
0.5349106427740808,0.19713506401852554,0.6871203776253272,0.7091595643549357,0.5259729968473856,0.7741241620543997,0.03781985
0.47721102361762746,0.5189222481422825,0.40763595184627505,0.7116019908298826,0.4549515208874645,0.6809373861315158,0.32772157
0.8316033116712298,0.3725364688869298,0.7796935407514434,0.8257444011135555,0.49515720581524125,0.83256034377918,0.109394506
0.7575222815435938,0.5651148636285572,0.11772723291173598,0.8973644717305592,0.6126705013172252,0.35243231948194287,0.009367779
0.891146239237449,0.62438887358343,0.4429271308578043,0.4132786368184373,0.5750678522841147,0.7190490669164795,0.14202018
0.9793462663624738,0.6755240983394457,0.5347191480909188,0.7858799402790347,0.29839020296958396,0.7268436098156161,0.13938582
0.5781289452468285,0.5952571555243495,0.43278337119091487,0.7413476941182091,0.5182476210934404,0.8409998442225893,0.2949735
0.6765913026015029,0.43887638696954934,0.06339978039391891,0.9749627399389695,0.4015248366789715,0.692427913098074,0.029450085
0.4331930690705186,0.5062573620561343,0.5199025436063415,0.4712964924585813,0.47084493457728793,0.6566575012686913,0.30663818
0.9582612127115293,0.4752092961328254,0.5683134146599106,0.6216562961357182,0.35290545513133315,0.6288170720461356,0.08074103
0.6380494486725913,0.34411302771565805,0.1264462460102086,0.8531540598629956,0.31029900750653455,0.7746589201164731,0.005426023
0.6346786872189506,0.5413522545843911,0.5832143719992737,0.8409551817914984,0.5196535964245632,0.792988509717563,0.28381386
0.8641244100979187,0.5707339588065132,0.3012908862053949,0.6460683662373781,0.6270227630561264,0.7280989325052885,0.09318286
0.678677901994037,0.45135071324599824,0.12673213566660319,0.8439961481585854,0.5183795879954877,0.3273092414351151,-0.022082033
0.7327671072908671,0.4749023029628432,0.5644876153304814,0.3490269154365299,0.5398079132082004,0.851262088267979,0.13303556
0.9537893979685176,0.42516048879752005,0.5068048421824698,0.5196553704466531,0.3072453543456352,0.500871519250344,0.065378726
0.8767007813856137,0.6744313305658669,0.696179882290253,0.7943637443070745,0.44175411000524856,0.8786550119125206,0.24438733
0.7282148144210223,0.41800889999286894,0.21716816553355112,0.6084891256996411,0.4484597040274163,0.8028871868751639,0.0291139
0.8187424342798195,0.5146740876964278,0.3043796786718024,0.22065018115081053,0.39474080963612024,0.7763350243508009,0.061777357
0.7843114518880556,0.452945974629937,0.1427278384298013,0.7371433807771454,0.37216265916688,0.6369276166914513,0.07339962
0.7450880594138507,0.6921654973266085,0.368915635948899,0.8868630278412465,0.7071327270558962,0.8538097951801205,0.27301008
0.8478001723568707,0.5425704969042706,0.19313219354393202,0.6584518425185181,0.49675958531751446,0.5514317175811376,0.09425193
0.2860454896426033,0.5129652260015338,0.6469119981293766,0.16955305450728453,0.687102347209205,0.618952318207573,0.28821427
0.46960904489581795,0.46792768615490526,0.5206157511534468,0.5756497628160495,0.49955220874438083,0.7806618694091149,0.22476628
0.8306632923547062,0.48764193648288545,0.561546777772197,0.8436497449409581,0.4597941280866606,0.781434613837098,0.11921987
0.9131415411589278,0.7130885596109543,0.4269167487325146,0.4300559968161004,0.5805380952542586,0.5242622853478995,0.13548872
0.5804597878893067,0.4199607183134748,0.2497116564534561,0.841206217995888,0.45680854632517404,0.5946618287047968,0.1063862
0.9360735268957061,0.47344797646305176,0.49862031469042845,0.8824110176757916,0.24226535892827977,0.797432452731392,0.09501618
0.3533702583982282,0.5444725592806188,0.6293562257372793,0.6089107247598187,0.3303152548241681,0.6416205050004908,0.41586936
0.7371346698804343,0.6679096178042621,0.5091112019737377,0.5440007279055123,0.5662981297413242,0.8574572163930875,0.24806812
0.5479273808435714,0.6133164269363853,0.431090171183418,0.8167362848567137,0.49088067579385264,0.820407517567535,0.38243333
0.7788191431346201,0.6145622271665518,0.38696095393116714,0.5887077028681983,0.5350135605936627,0.8532722807269609,0.14740472
0.957337260537079,0.7534921079903001,0.7200040616548664,0.6326589059782854,0.4679547233278415,0.8081241418324214,0.23793393
0.8244563938566875,0.42128528325034176,0.42962634323400495,0.8186142702198643,0.20986171014495317,0.7813248781944463,0.07597658
0.953794210748484,0.4969916609878967,0.5101910135421719,0.8037633305689363,0.25963491404908257,0.7539182358031208,0.09840742
0.750621905275317,0.46609829696639415,0.27881406174054835,0.28868722597535224,0.2945134746324982,0.8593125341226695,0.031568717
0.7810584592050612,0.46918188378410647,0.5077724032723527,0.46009264414945406,0.3596698614492673,0.05159305727453223,-0.04828249
0.7609600557154319,0.7201397343392282,0.5347322874819157,0.5472114671033353,0.5351895760815529,0.9013875114202696,0.242297
0.5326303556971634,0.37150098422420863,0.8076835930137176,0.9534264990196535,0.3288288832108635,0.7816146384539269,0.22563878
0.7465720404908295,0.20067840337271942,0.8293234577097017,0.9254825618049636,0.24895851977276523,0.7002247367534652,0.05185703
0.8855140232908348,0.6182396966422731,0.48405305181009445,0.6783977991417465,0.4196931744082649,0.7817073899989144,0.11495924
0.5240052563901958,0.6166113393613832,0.44381089002987445,0.7116990748183423,0.38286510796519446,0.8917674763135233,0.3428821
0.8370695509713072,0.5733883811802949,0.3733534824705885,0.6533896110270556,0.5415903300275128,0.7948931424904593,0.113186836
0.9481446215415182,0.6981553551084938,0.4993641695701887,0.7864153326546932,0.38398189120118803,0.7479454934371378,0.14547889
0.6486895340443705,0.3927026578608012,0.17316823195990694,0.8339973985612241,0.41123626435648375,0.8359787391543554,0.030375462
0.5951590878420907,0.29617595095181093,0.8719578679600267,0.9906794775089232,0.3402390419638947,0.7567899075086775,0.17697646
0.31376156945833417,0.6577088178277953,0.511585949817408,0.6038802628727499,0.18493288711298,0.5336331575210816,0.62924296
0.813060754802365,0.6166170804499,0.5895987858005795,0.7459003589317676,0.45247619298438835,0.7782181737922453,0.2140899
0.8193398658985244,0.6155957978029442,0.26450184533096466,0.6229747867813706,0.609431478775241,0.28333801440259127,0.05827355
0.5314590253928778,0.7465993345451236,0.5146611274166737,0.8016447392998981,0.5583748702890357,0.7628366164071123,0.51717705
0.464551832008554,0.42881335358340045,0.3620412921191985,0.09372100254894922,0.22441069871952002,0.9324761255359637,0.05970631
0.8078141454951345,0.4228514279447888,0.5512804723251138,0.6703765959542815,0.3167122095631915,0.46681371077755873,0.0057729334
0.40786629393500984,0.56312733481166,0.9009150491034286,0.9740133874876826,0.2869902837621595,0.5815691804303177,0.50438064
0.9478758772028291,0.30841579264643676,0.5888089576325231,0.5871786496260343,0.35521265023645215,0.6482154428792731,0.044753905
0.6822096449078705,0.3790765238382994,0.4077572332638481,0.9185864825824822,0.3640359714401491,0.8494569492417504,0.05582003
0.937763423991401,0.6907402072818251,0.6635774827855984,0.7886808812299055,0.4141717281633965,0.8668265382430124,0.1871091
0.79879829588578,0.5722167868088943,0.31966431834923736,0.6972746836351825,0.627454211716573,0.8286186862831139,0.1424339
0.7707607621262138,0.0,0.7958681713980597,0.6544779446981229,0.4843109601171299,0.6592577869547185,0.016983896
0.47706383366778976,0.5088521110395496,0.414383738113748,0.653326232445308,0.3107511346934615,0.7698419081422999,0.28547016
0.7217685998903012,0.49825470567440616,0.17584006116159445,0.931354209754286,0.5886526268506165,0.8018122678599564,0.06917627
0.7985040324491844,0.5628075900425882,0.21742784686015137,0.8679474681880934,0.6066273451329239,0.5840836614065608,0.046799164
0.8836322216220684,0.6238574272674997,0.2993010881581133,0.5903933609834418,0.49879604231310837,0.6620111933336694,0.11732513
0.6546852755237007,0.44035288869014333,0.28033043091447973,0.6601846479907011,0.4453077637913515,0.8131367159674061,0.07423848
0.7712961720163654,0.27982633830406245,0.6752898231444626,0.8091140645247192,0.2595617183698724,0.6658756099079467,0.027415652
0.5744916227088541,0.25915064607386235,0.1580320703468156,0.15554025192716214,0.2330318642093567,0.8788645249310542,-0.0732347
0.2629319152775786,0.6367519347635051,0.5293378283665392,0.17224317546860024,0.17170907195044371,0.7171545510195105,0.4159925
0.7068124844967462,0.5414562272763244,0.20781726536234635,0.7083689271924448,0.5910353665375173,0.0,-0.03208498
0.9503773790416643,0.6916772722007193,0.48623207629590254,0.6346408076071,0.42938722375670757,0.6387545472040682,0.14504087
0.26109898993188874,0.7759383028726681,0.6171442471984905,0.8038923672355515,0.40280977200210627,0.4365860404479131,0.8043689
0.8791281885015402,0.6309074724268167,0.3553797118819206,0.5067159207051488,0.5657250310886763,0.6586521393977572,0.11628555
0.3495285512363339,0.7228857259321385,0.5203642003287393,0.5988299910707273,0.19998015683541578,0.6737041876314315,0.6357433
0.9584177886538537,0.7294316029959957,0.6532335434442265,0.6737930824936491,0.5228275896039162,0.8733883307051679,0.19748995
0.7428092998928583,0.544787992854441,0.21099290665587628,0.8495953391944316,0.5501754504913405,0.7660752514222479,0.08657156
0.5042232164311299,0.7042902524047275,0.5115919131007868,0.6647121520823593,0.42185053551858487,0.8703745955706046,0.42105758
0.7034522603947375,0.6910085660316894,0.6324847886193109,0.6879657209634159,0.3668624017607309,0.9218930712734466,0.3172665
0.5197345837119692,0.5956654764306452,0.6244786126437311,0.8253265182758409,0.423916704226029,0.8100909843208509,0.36111277
0.634870902351021,0.45204157911174336,0.25072205361112465,0.7755828929732697,0.4302836599442162,0.8252149822333753,0.088779554
0.5270093179696026,0.5319000306863515,0.6285277719101519,0.85724623782968,0.33197605488603754,0.6910865260569506,0.34942302
0.6576857825284091,0.5001530526727506,0.23294691563795783,0.8966587830853497,0.4280839803517795,0.8809545584697399,0.10765123
0.38333652055739575,0.3967008072609146,0.5487435857416461,0.503852094311834,0.5781440233810335,0.6123777802140636,0.23835951
0.4910317635798239,0.4926762366821321,0.48156133923001515,0.6108977918870974,0.4952557991390677,0.7033669634567435,0.2750455
0.601397934715338,0.7261360671280661,0.5312678496892582,0.7103565438853047,0.5963904956728425,0.8075588005310053,0.4254495
0.9406369063726636,0.35052250352708614,0.6905532329143915,0.40071349005042184,0.34975077524464254,0.5989159098725679,0.024941709
0.15160298352153856,0.1374027493429294,0.6836553078195555,0.4522611338663095,0.8406958339388202,0.47585707497463337,0.053000595
0.9337363601127305,0.6434616298674244,0.4947159935139122,0.6992272548579704,0.38837388623103913,0.669804778093187,0.11194165
0.971602088236251,0.6671080649920144,0.654083533386879,0.7316304073349197,0.4166038483229377,0.7884188831821027,0.16341802
0.047720246771255526,0.9313648935548975,0.7686315337092376,0.6422014118251511,0.1858343163788103,0.40651888450966284,1.1021928
0.8066194432375458,0.4221209787336707,0.6346101138859076,0.8358111768377755,0.34232772617798846,0.7209524735181135,0.1050621
0.874567312181608,0.6510253429585295,0.40210614565779684,0.6077223075218883,0.547866294386907,0.5781148043590043,0.08106543
0.5643466028320446,0.2715228743196152,0.06103073970058959,0.9758922703581345,0.20655452643816086,0.6940695006992552,-0.022154627
0.8870296908647184,0.4359123699183153,0.6221657794812352,0.8215425625346076,0.2744676068238424,0.8197761359137625,0.08312045
0.42390884322060796,0.7563537710450999,0.5510694153613344,0.6515650796527784,0.34406221634331824,0.803290007946148,0.57424515
0.45563582935902885,0.5435691171306157,0.35309305780894074,0.4231058808754735,0.12374191424291714,0.8242718893880903,0.31043643
0.9056200467688389,0.1823313164598887,0.5372398285877237,0.723187375576239,0.35048257472897565,0.769320842387037,0.06395446
0.5351991867312567,0.5022299755618109,0.5804527972981698,0.951977643442047,0.3689161115610789,0.7593499517788223,0.26871407
0.5087487281725779,0.3273656967332924,0.24233909896281094,0.3248946912250718,0.21382679164070703,0.8838759769453775,0.010178994
0.8688336475179548,0.5464388700117117,0.7004669096971514,0.7942187178868937,0.41826806773711883,0.8814321958992569,0.17242846
0.24800102841806632,0.8939061398435786,0.6908268461555749,0.6738943061472941,0.31063406040867486,0.6185677878170196,0.8889783
0.970215396802985,0.41864754750322636,0.5474867327827825,0.6489191011891103,0.39342198286049074,0.7771106897102785,0.095856324
0.8949455126247392,0.34890894857222626,0.68436544702938,0.6672238310769553,0.3870815430196079,0.7226740691273468,0.074624375
0.6410340993289309,0.4948824267082122,0.23493799750548972,0.8579221866093479,0.44277782025485357,0.8802376104492735,0.13012739
0.7100277729007963,0.5889057413042433,0.5907804587664712,0.7761196602204236,0.5093628940104404,0.8564601568916445,0.2280969
0.850043457151447,0.5252231441440954,0.20768793589345885,0.7107445724940381,0.3882262393322591,0.5998105648545112,0.08292648
0.6020090695959968,0.629529546660994,0.4442004110401779,0.731241070674172,0.5270190961040414,0.8859320917927109,0.30395398
0.5223286880280007,0.5956599093187586,0.6392375989120006,0.8337910577778831,0.5400254302074121,0.6039520803431425,0.40557146
0.7740733002203665,0.5227895651687707,0.21899164735473275,0.8778303571246264,0.49775641003598836,0.5283079333552666,0.036656264
0.5686665292431454,0.517926149718242,0.405410125052371,0.8207057495123392,0.5765096685802847,0.4523538763073428,0.24935785
0.7926694083114422,0.4595026426337494,0.5760345733241091,0.7771370790303918,0.3927698400603694,0.5843607064115469,0.06791031
0.9328350395604343,0.2565389414257852,0.6613749735023302,0.536717244411314,0.45095836217171975,0.7446990784387281,0.037850913
0.7764891625886361,0.6992808821730431,0.7212013255996345,0.7797787130178129,0.37127120901333327,0.8214504324194399,0.3484274
0.47299089104187,0.5857281150951118,0.6386285628390558,0.8550824399954321,0.5325474373462347,0.562003783501501,0.46761146
0.8996293277585068,0.6067970303042975,0.4698540185723425,0.7232025209474107,0.41797104587024325,0.5723103794312756,0.08550963
0.800702079660582,0.34856255669862224,0.46096721372535154,0.6463720822452832,0.2252316266098402,0.254757669813263,-0.04182208
0.6341207348831454,0.3165673532464671,0.0844741382327524,0.8241376187077782,0.30793210514886593,0.7406054793859678,-0.0058432743
0.7590793609490336,0.6067551450807793,0.3422704289094384,0.7926100489989023,0.6065013277131148,0.8167546779402054,0.16459613
0.8586456353207703,0.5886416068406926,0.48916927593759063,0.8929042597291386,0.43798787526784916,0.7867925057602937,0.13026294
0.9729213020178826,0.5844290557413934,0.4978878966693961,0.6407152912319133,0.25781270487207375,0.5363283452536051,0.099700466
0.9652690435259755,0.615009919949849,0.5582564367038939,0.718857958386724,0.3354042810008992,0.692083598334557,0.11881465
0.5110177558279909,0.44186454642322714,0.4588401540718754,0.47495255924176855,0.5097418718694372,0.7556772814674465,0.17259444
0.8651780512576547,0.6664596600753836,0.41838255971407196,0.8505156625658167,0.5089042005406152,0.8050557401655681,0.10660596
0.7470756580276628,0.45647568435224495,0.5387756307015302,0.8439321277003252,0.5074830761511266,0.4699409476251424,0.08515407
0.6660837298735638,0.5638934880326772,0.3476853724105978,0.6355222861647588,0.38416413832878366,0.8949169628907834,0.18866599
0.989074588687614,0.7143493420756313,0.608791221033293,0.9457192153555501,0.316158868973775,0.6887935069833471,0.15743569
0.7179498174287449,0.4508752185254926,0.16750517514028457,0.8341582415680874,0.5321995273227548,0.6271570455265469,0.04702541
0.4015452516813311,0.5872221512780891,0.5596635624655788,0.7732817054623179,0.27112262517918295,0.6444692168779436,0.478425
0.6933387257690969,0.46270780820470664,0.16467950194773967,0.9470896477697905,0.5043482358246625,0.7891659618798714,0.04618786
0.6522262630701915,0.6912272438195965,0.45179813512601746,0.7320980175874141,0.5918183248933465,0.7878702004676,0.37130126
0.9634930012566771,0.6434662420751536,0.471884367129188,0.6738413788859023,0.2548880332133747,0.6233491627151334,0.1248779
0.6435891209481293,0.5319866164485882,0.29811848985555073,0.8522671067435468,0.518588454018846,0.8421447783922021,0.19597206
0.7169889958063178,0.45389195006937577,0.1528947003770475,0.8499941060036194,0.5274119288456159,0.7050733740977921,0.04790723
0.6138598626426822,0.4435989770143575,0.5128920706833208,0.8952030693695268,0.3474601394820241,0.8961460543027627,0.1294979
0.6521298484841679,0.6403045077032011,0.4623672403237384,0.82968277292648,0.5987582981276746,0.7750926210693188,0.34023625
0.9365347870577454,0.5157478529335184,0.4899753148047599,0.5762589551501678,0.23844601968767798,0.48201020093356706,0.087890476
0.7651550987140561,0.5152921417944035,0.3866289809712766,0.2745231543581033,0.4457453682088998,0.8656444559089836,0.0824167
0.6886383076699487,0.36361144291134107,0.13055655304258174,0.7440936170608397,0.30097080096689605,0.7567285390858727,0.02035879
0.9333638784972953,0.6339201206485394,0.585977352382605,0.756764535439862,0.297143257645955,0.8767337138087934,0.15256383
0.7512732849403027,0.2325605124798329,0.6317172948007905,0.7399990647360588,0.36477260090586067,0.608232429037688,0.033441048
0.9393020825285572,0.6404363839439264,0.5014486490998055,0.5142806472725592,0.35020811708210886,0.7486275718644976,0.12163387
0.9507417305442001,0.3584505606742135,0.554849393933148,0.674482477984307,0.40972890338894496,0.7718151558081937,0.07613759
0.6690939335677253,0.4000086989229879,0.33800262638516343,0.2682336397049385,0.39646841318585335,0.8765362638055324,0.023894157
0.568705553401045,0.3815960492091306,0.38933993574912984,0.3006647912800773,0.43704006833675296,0.8300278680437594,0.05937056
0.7785908384893494,0.562835607636839,0.26553412257494535,0.6809387572630102,0.5178672059629484,0.20622132905852641,-0.011268847
0.9624488317124528,0.35682456510557137,0.6057249925510041,0.5880854484289596,0.4681490930689173,0.7299151027438161,0.08114146
0.9493153463804056,0.3443896283554325,0.6128655816936113,0.6467498013847679,0.5608535954067371,0.8045360424485366,0.079594955
0.7475986637969727,0.42523215662841946,0.43151007223894233,0.9180651846302997,0.2729625036373611,0.7186297974860655,0.0507635
1.0,0.6112038512137444,0.5637751748880012,0.6241472843297318,0.34294236028382985,0.7404313061037593,0.12677269
0.9348603616243915,0.3205492100970628,0.47740207097842474,0.7407751092929657,0.2917059413411028,0.7323610362433445,0.07955198
0.887191474278875,0.5912342512286092,0.27131676857565795,0.867127701513414,0.3086569856615453,0.5502853867288435,0.11728434
0.4397885752309331,0.30336880404426403,0.3182413458895309,0.448995919165314,0.35474499463058823,0.7750049318019653,0.027284052
0.6214753611973356,0.6376722869811435,0.4669096243092339,0.6890910275864349,0.5069694863209099,0.8719512018757754,0.2759278
0.9585348759164,0.679537072507827,0.502084058964403,0.6490872602468275,0.25253814396651636,0.44515233540705373,0.14544593
0.5721603762650882,0.6016439422500756,0.43204390884304944,0.8968604911783384,0.5647232005978644,0.7202036549992203,0.33279327
0.37709872472627237,0.6635102166378494,0.4298720883508492,0.4986070949259501,0.08170588863505229,0.8157408423937738,0.4865277
0.7650245922824347,0.4520237476058201,0.2603490386153612,0.5991406372366871,0.37967432244925614,0.8331123657348724,0.03674117
0.5058786649471614,0.6057332208939754,0.5029268111908948,0.6196573749801287,0.4928489315889387,0.7748270450659671,0.35977426
0.5312922080360706,0.4368127484766402,0.32388988447430483,0.7114000053255845,0.33925351023062866,0.8921651313684668,0.13755792
0.6074608883086234,0.5871214490340633,0.34087022553555324,0.8804712681586337,0.45568466386606366,0.8057271068256106,0.24367934
0.8221816514693953,0.16795806477850123,0.7595950405102838,0.7465158713971302,0.4217826484416779,0.6940921451628337,0.031803254
0.6272898746012862,0.5329320367275302,0.490154947902149,0.8627606210505311,0.5816549695043988,0.7782937716375748,0.22267869
0.4171120564611545,0.2875794698144881,0.6906611800174031,0.05837082457737219,1.0,0.5865719390849652,0.09934582
0.7883499898928981,0.18035376123439606,0.9131816390573814,0.5365242196495666,0.8163256783888929,0.6744171970794276,0.08823769
0.4015965822477802,0.3317328289009459,0.4455393465671079,0.5692073373073281,0.4043012027147598,0.7550477887412909,0.11125547
0.8733815099068297,0.6787688238352795,0.3567267033587175,0.47236267981197344,0.5324341873314253,0.3770447917839313,0.097019866
0.7415508446067853,0.5065116223546274,0.2275625453688832,0.8711959008016085,0.6407682990819018,0.430666669208059,0.037968535
0.6040731612457899,0.5840080119222911,0.30582344526763466,0.8628176601464834,0.418913341264884,0.8695845184947767,0.23906428
0.5175303042461281,0.35612184434027455,0.2586340032734876,0.7049561357177927,0.2862209670355524,0.7355827537014789,0.117796525
0.9450789662393698,0.6531422271983502,0.5663155900931898,0.8600990421627833,0.4071984844728367,0.7947583573711745,0.14114909
0.5224979221533435,0.19401847168565806,0.8494979870519985,0.5415953706400274,0.9200973998901718,0.5094782083186429,0.17662077
0.9407953623799263,0.4512607597787442,0.6192292364838433,0.8148369865520896,0.30693999927430615,0.7552986663980589,0.0769701
0.33974858976338557,0.7147573402781243,0.5950527053835827,0.7802055062587987,0.3461593068160338,0.5796742666606323,0.6539864
0.7692314446630517,0.3866401757600595,0.681346651456003,0.8255031280360017,0.36711288778380646,0.6517521970690162,0.09765187
0.6359075351487945,0.5269089878752162,0.35389181379902857,0.8548415270694312,0.5999702882771907,0.6148084064395378,0.20620725
0.7203165627593109,0.48936649772586654,0.6167084546299526,0.9089580717624663,0.31617624318759185,0.7882425782329445,0.18807435
0.8087860159271686,0.6500615297073234,0.38347912519206473,0.5922461285728859,0.5659871205347655,0.8761541393241149,0.14707023
0.6538872674138593,0.47525464045559895,0.5461162095865971,0.9273162296054694,0.29327794898376397,0.9082347027194028,0.1439208
0.5330564436109897,0.48925203777454096,0.43262643394525285,0.047448937180577966,0.2198720225090852,1.0,0.1483538
0.6374598257888789,0.5119694471202603,0.2921092104362947,0.7095137518237609,0.43146785098039675,0.8607266420151238,0.13705242
0.9029098484688596,0.6871620816608764,0.45636050216070956,0.5546755492464155,0.48463929547689377,0.5792850227173785,0.11813347
0.8777125074986936,0.495832848093446,0.6185653186545286,0.8847181285823904,0.38244074816844986,0.7618218090891926,0.1168399
0.7246780855948429,0.50956824516379,0.3472645735636386,0.466898957118122,0.44157256580323967,0.8974330317400402,0.10829607
0.39244384965918133,0.7220590280249216,0.5908121670342839,0.6523947208658899,0.34014511809228226,0.6674049058155608,0.6173635
0.496104477799725,0.6461063814676665,0.5048901149333761,0.7796578424868408,0.38063962452230254,0.8040803814953618,0.41527882
