YearEnd,Transactions,Entities,PointsAdjust,Envergure,TeamExp_0,TeamExp_1,TeamExp_2,TeamExp_3,TeamExp_4,TeamExp_?,ManagerExp_0,ManagerExp_1,ManagerExp_2,ManagerExp_3,ManagerExp_4,ManagerExp_5,ManagerExp_7,ManagerExp_?,Language_1,Language_2,Language_3,Generated_Var_1,Generated_Var_2,Generated_Var_3,Generated_Var_4,Generated_Var_5,Generated_Var_6,Generated_Var_7,Generated_Var_8,Generated_Var_9,Generated_Var_10,Generated_Var_11,Effort
0.4,0.2782212086659065,0.1184210526315789,0.2201138519924098,0.6170212765957447,0.0,1.0,0.0,0.0,0.0,0.0,0.0,0.0,0.0,0.0,1.0,0.0,0.0,0.0,1.0,0.0,0.0,0.26665223,-0.097791165,-0.29617658,0.017409973,-0.41296208,0.37637797,-0.032381024,-0.16258767,-0.24784893,0.16956078,-0.3380723,0.1968880909634949
0.6,0.2143671607753705,0.3078947368421053,0.2352941176470588,0.5957446808510638,1.0,0.0,0.0,0.0,0.0,0.0,1.0,0.0,0.0,0.0,0.0,0.0,0.0,0.0,1.0,0.0,0.0,0.22369102,-0.112501,-0.22475544,-0.027323145,-0.36112642,0.33697718,-0.04281615,-0.16613118,-0.25002757,0.14245981,-0.28602695,0.2175344105326152
0.4,0.0353477765108323,0.1394736842105263,0.0256166982922201,0.2765957446808511,0.0,0.0,0.0,0.0,1.0,0.0,0.0,0.0,0.0,0.0,1.0,0.0,0.0,0.0,1.0,0.0,0.0,0.25576288,-0.12324969,-0.2687663,-0.011343237,-0.39862487,0.36291385,-0.03410712,-0.16968817,-0.26047212,0.15567811,-0.31630778,0.0110712148414123
0.6,0.217787913340935,0.2947368421052631,0.2333965844402277,0.5319148936170213,1.0,0.0,0.0,0.0,0.0,0.0,1.0,0.0,0.0,0.0,0.0,0.0,0.0,0.0,1.0,0.0,0.0,0.2262899,-0.114065036,-0.22829828,-0.02742986,-0.36436862,0.34000766,-0.042847414,-0.16710815,-0.251531,0.14392312,-0.28882942,0.1403351286654697
0.6,0.1493728620296465,0.2289473684210526,0.1527514231499051,0.4042553191489361,1.0,0.0,0.0,0.0,0.0,0.0,1.0,0.0,0.0,0.0,0.0,0.0,0.0,0.0,1.0,0.0,0.0,0.22674158,-0.11458637,-0.2300686,-0.028110258,-0.36493757,0.3405327,-0.04290373,-0.16774976,-0.25191194,0.14437042,-0.28855014,0.06852184320766
0.6,0.1003420752565564,0.2157894736842105,0.1072106261859582,0.7021276595744681,1.0,0.0,0.0,0.0,0.0,0.0,1.0,0.0,0.0,0.0,0.0,0.0,0.0,0.0,1.0,0.0,0.0,0.23011228,-0.1155916,-0.23270556,-0.025869027,-0.36898643,0.3438363,-0.042511526,-0.16731624,-0.25272983,0.1457921,-0.29346576,0.0972471573907839
0.4,0.1254275940706955,0.0921052631578947,0.0834914611005692,0.425531914893617,0.0,0.0,1.0,0.0,0.0,0.0,0.0,1.0,0.0,0.0,0.0,0.0,0.0,0.0,0.0,1.0,0.0,0.12651631,-0.07435657,-0.13371044,-0.035207704,-0.25148073,0.2441922,-0.044591743,-0.1352842,-0.21359514,0.08823697,-0.18907432,0.0864751645721125
0.0,0.201824401368301,0.1184210526315789,0.1565464895635673,0.425531914893617,0.0,1.0,0.0,0.0,0.0,0.0,0.0,0.0,1.0,0.0,0.0,0.0,0.0,0.0,1.0,0.0,0.0,0.2613694,-0.105048984,-0.28563473,0.009788096,-0.40674913,0.3704438,-0.03500385,-0.16242549,-0.248396,0.16498016,-0.33456364,0.1439257929383602
0.4,0.185860889395667,0.2131578947368421,0.1774193548387097,0.5319148936170213,0.0,0.0,0.0,1.0,0.0,0.0,0.0,1.0,0.0,0.0,0.0,0.0,0.0,0.0,1.0,0.0,0.0,0.16915533,-0.089557916,-0.17598757,-0.021389637,-0.29843417,0.28188497,-0.039887883,-0.14112641,-0.22482632,0.115823284,-0.23260157,0.3123877917414722
0.0,0.0786773090079817,0.081578947368421,0.040796963946869,0.4042553191489361,0.0,0.0,0.0,1.0,0.0,0.0,0.0,0.0,0.0,0.0,1.0,0.0,0.0,0.0,1.0,0.0,0.0,0.23245355,-0.11220509,-0.24918821,-0.0065042637,-0.37476355,0.3376876,-0.038212832,-0.15627511,-0.23879878,0.14800563,-0.30030543,0.0801915020945541
0.2,0.1801596351197263,0.2421052631578947,0.183111954459203,0.4042553191489361,0.0,0.0,0.0,0.0,1.0,0.0,0.0,1.0,0.0,0.0,0.0,0.0,0.0,0.0,1.0,0.0,0.0,0.16275331,-0.08408964,-0.15989181,-0.02653746,-0.2856955,0.27341852,-0.04234411,-0.14188102,-0.22068612,0.107906036,-0.22158377,0.1505086774386594
0.2,0.1562143671607753,0.2763157894736842,0.1755218216318785,0.7446808510638298,0.0,0.0,1.0,0.0,0.0,0.0,0.0,1.0,0.0,0.0,0.0,0.0,0.0,0.0,1.0,0.0,0.0,0.14416212,-0.07580667,-0.14855942,-0.024317201,-0.26583174,0.25695026,-0.04194184,-0.13289651,-0.21223609,0.096951306,-0.2075418,0.3635547576301616
0.2,0.0273660205245153,0.1710526315789473,0.0303605313092979,0.2978723404255319,0.0,1.0,0.0,0.0,0.0,0.0,0.0,1.0,0.0,0.0,0.0,0.0,0.0,0.0,1.0,0.0,0.0,0.19700864,-0.08950258,-0.21031293,-0.0043831132,-0.33057126,0.304952,-0.03749364,-0.14443621,-0.22719629,0.12515126,-0.26153946,0.0742070616397366
0.4,0.1744583808437856,0.1421052631578947,0.1423149905123339,0.574468085106383,0.0,0.0,0.0,1.0,0.0,0.0,0.0,0.0,0.0,0.0,1.0,0.0,0.0,0.0,1.0,0.0,0.0,0.2501838,-0.12039634,-0.26423678,-0.008444566,-0.3943485,0.35888463,-0.040181782,-0.16376138,-0.251562,0.15565915,-0.32157516,0.1549970077797726
0.4,0.2440136830102622,0.3,0.2571157495256167,0.4893617021276595,0.0,0.0,0.0,0.0,1.0,0.0,0.0,0.0,0.0,0.0,1.0,0.0,0.0,0.0,1.0,0.0,0.0,0.24401158,-0.11981094,-0.2521565,-0.014801778,-0.38586992,0.35455552,-0.041435454,-0.16525218,-0.2533577,0.1516413,-0.31221503,0.189407540394973
0.4,0.1254275940706955,0.1078947368421052,0.0891840607210626,0.4468085106382978,0.0,0.0,0.0,1.0,0.0,0.0,0.0,0.0,1.0,0.0,0.0,0.0,0.0,0.0,0.0,1.0,0.0,0.22654802,-0.11053498,-0.22641373,-0.02244185,-0.36155334,0.33723742,-0.03974478,-0.16330512,-0.24756145,0.1433707,-0.28657335,0.0457809694793536
0.4,0.0547320410490307,0.0947368421052631,0.0256166982922201,0.8085106382978723,0.0,0.0,0.0,0.0,1.0,0.0,0.0,0.0,0.0,1.0,0.0,0.0,0.0,0.0,1.0,0.0,0.0,0.20421559,-0.10163608,-0.20097029,-0.03035004,-0.33696577,0.31547374,-0.042349834,-0.16096304,-0.24022785,0.13229503,-0.2629343,0.1131059245960502
0.6,0.0672748004561003,0.8131578947368421,0.295066413662239,0.3191489361702128,0.0,0.0,0.0,0.0,1.0,0.0,0.0,0.0,0.0,0.0,1.0,0.0,0.0,0.0,0.0,1.0,0.0,0.21560198,-0.10477288,-0.21214333,-0.02521006,-0.34637967,0.3260712,-0.039662335,-0.16078606,-0.24264248,0.13840193,-0.2730428,0.1235786953919808
0.8,0.0,0.9973684210526316,0.3055028462998102,0.3404255319148936,0.0,0.0,0.0,1.0,0.0,0.0,0.0,0.0,0.0,0.0,1.0,0.0,0.0,0.0,0.0,1.0,0.0,0.23748693,-0.11109546,-0.23936588,-0.015517026,-0.37180105,0.3472113,-0.036962476,-0.16283414,-0.24807633,0.1495843,-0.2980584,0.1687612208258528
0.6,0.0558722919042189,0.0710526315789473,0.0180265654648956,0.5106382978723404,0.0,0.0,0.0,0.0,1.0,0.0,0.0,0.0,1.0,0.0,0.0,0.0,0.0,0.0,1.0,0.0,0.0,0.2732998,-0.13632709,-0.28709367,-0.016013421,-0.42265648,0.39143875,-0.04090695,-0.17782257,-0.27313733,0.16862935,-0.34690073,0.0125673249551166
0.6,0.3523375142531357,0.6894736842105263,0.4876660341555977,0.6170212765957447,0.0,0.0,0.0,0.0,1.0,0.0,0.0,0.0,0.0,0.0,1.0,0.0,0.0,0.0,0.0,1.0,0.0,0.20434582,-0.099492945,-0.19885334,-0.027132168,-0.3308902,0.31502944,-0.038573805,-0.15667304,-0.23798884,0.13257313,-0.2589754,0.6166965888689407
0.4,0.0900798175598631,0.4289473684210526,0.1755218216318785,0.6170212765957447,0.0,0.0,1.0,0.0,0.0,0.0,0.0,0.0,0.0,0.0,1.0,0.0,0.0,0.0,1.0,0.0,0.0,0.23052824,-0.11402074,-0.24316734,-0.011189215,-0.3711177,0.33645418,-0.039341692,-0.15723902,-0.24044082,0.14625739,-0.29834074,0.1980849790544584
0.6,0.338654503990878,0.3289473684210526,0.3462998102466793,0.6808510638297872,0.0,0.0,1.0,0.0,0.0,0.0,0.0,0.0,0.0,0.0,1.0,0.0,0.0,0.0,1.0,0.0,0.0,0.23994496,-0.116610914,-0.24882337,-0.011885814,-0.38061294,0.34824535,-0.040449258,-0.16195834,-0.2483308,0.14979932,-0.30830932,0.2235188509874326
0.8,0.3363740022805017,0.1868421052631579,0.2931688804554079,0.723404255319149,0.0,0.0,0.0,0.0,1.0,0.0,0.0,1.0,0.0,0.0,0.0,0.0,0.0,0.0,1.0,0.0,0.0,0.1756027,-0.088960156,-0.17090848,-0.026546918,-0.30117142,0.28531092,-0.04184754,-0.14736953,-0.22583044,0.1151923,-0.23354633,0.4287851585876721
0.6,0.0912200684150513,0.5078947368421053,0.2049335863377609,0.5957446808510638,0.0,1.0,0.0,0.0,0.0,0.0,0.0,0.0,0.0,0.0,1.0,0.0,0.0,0.0,1.0,0.0,0.0,0.28716758,-0.09964977,-0.31992105,0.024430767,-0.43685502,0.3989647,-0.028909743,-0.1695199,-0.25516745,0.18313392,-0.36068732,0.146918013165769
0.4,0.0877993158494868,0.5868421052631579,0.230550284629981,0.5957446808510638,0.0,0.0,0.0,0.0,1.0,0.0,0.0,1.0,0.0,0.0,0.0,0.0,0.0,0.0,1.0,0.0,0.0,0.18391496,-0.09281315,-0.18263596,-0.022645138,-0.3115158,0.29314324,-0.041083314,-0.1478549,-0.22779788,0.11975736,-0.24406295,0.1119090365050867
0.6,0.0706955530216647,0.6,0.2210626185958254,0.6808510638297872,0.0,0.0,1.0,0.0,0.0,0.0,1.0,0.0,0.0,0.0,0.0,0.0,0.0,0.0,1.0,0.0,0.0,0.22463828,-0.110177785,-0.22670096,-0.01894717,-0.36142853,0.33379266,-0.041262712,-0.16102973,-0.2449306,0.14152582,-0.28866443,0.1280670257330939
0.4,0.1584948688711516,0.8342105263157895,0.3785578747628083,0.723404255319149,0.0,0.0,0.0,1.0,0.0,0.0,0.0,1.0,0.0,0.0,0.0,0.0,0.0,0.0,1.0,0.0,0.0,0.19790298,-0.09695582,-0.20432144,-0.014556639,-0.33036995,0.30637744,-0.03948341,-0.14813222,-0.23023713,0.12674461,-0.26304516,0.1594853381208857
0.4,0.1220068415051311,0.4289473684210526,0.2020872865275142,0.4680851063829787,0.0,0.0,0.0,0.0,1.0,0.0,0.0,0.0,0.0,0.0,1.0,0.0,0.0,0.0,1.0,0.0,0.0,0.24024165,-0.117680095,-0.24763846,-0.014680091,-0.3809328,0.35006082,-0.041184742,-0.16376735,-0.25101346,0.14971161,-0.3078657,0.286654697785757
0.4,0.1892816419612314,0.7105263157894737,0.3595825426944971,0.6808510638297872,0.0,0.0,0.0,0.0,1.0,0.0,0.0,1.0,0.0,0.0,0.0,0.0,0.0,0.0,1.0,0.0,0.0,0.18889272,-0.09485525,-0.1882936,-0.021685045,-0.3175577,0.29780254,-0.04097992,-0.14905909,-0.22947726,0.12243776,-0.24970959,0.1454219030520646
0.6,0.0798175598631698,0.3184210526315789,0.127134724857685,0.4680851063829787,0.0,0.0,0.0,0.0,1.0,0.0,0.0,0.0,0.0,1.0,0.0,0.0,0.0,0.0,1.0,0.0,0.0,0.20307848,-0.10148231,-0.20043093,-0.03323181,-0.33609122,0.3156472,-0.042114224,-0.16176164,-0.241043,0.13190888,-0.26147592,0.144524236983842
0.6,0.1550741163055872,0.081578947368421,0.1043643263757115,0.4680851063829787,0.0,1.0,0.0,0.0,0.0,0.0,0.0,1.0,0.0,0.0,0.0,0.0,0.0,0.0,0.0,0.0,1.0,0.17421064,-0.08558321,-0.18448114,-0.014578197,-0.30206048,0.2853803,-0.037746564,-0.13980705,-0.22135904,0.11418176,-0.23837496,0.0070103445327861
0.8,0.1881413911060433,0.1868421052631579,0.1698292220113852,0.7659574468085106,0.0,0.0,0.0,0.0,1.0,0.0,0.0,0.0,0.0,0.0,1.0,0.0,0.0,0.0,0.0,0.0,1.0,0.19663766,-0.09650545,-0.19869775,-0.018577423,-0.32597157,0.30540738,-0.03947612,-0.1496136,-0.23092328,0.12699816,-0.25869003,0.080490724117295
0.4,0.2109464082098061,0.2210526315789473,0.2011385199240986,0.6382978723404256,0.0,1.0,0.0,0.0,0.0,0.0,0.0,1.0,0.0,0.0,0.0,0.0,0.0,0.0,1.0,0.0,0.0,0.20164597,-0.090989396,-0.21618581,-0.0030751377,-0.3351891,0.308906,-0.036622696,-0.14471383,-0.22680815,0.13008408,-0.26678097,0.2504488330341113
1.0,0.1334093500570125,0.1105263157894736,0.0967741935483871,0.7021276595744681,0.0,0.0,1.0,0.0,0.0,0.0,0.0,0.0,1.0,0.0,0.0,0.0,0.0,0.0,0.0,0.0,1.0,0.20594734,-0.10172349,-0.20660394,-0.019326426,-0.3382189,0.31373605,-0.040722102,-0.1539159,-0.23554555,0.13164647,-0.2684925,0.0044883303411131
0.6,0.1459521094640821,0.2947368421052631,0.1736242884250474,0.6170212765957447,0.0,1.0,0.0,0.0,0.0,0.0,0.0,0.0,0.0,1.0,0.0,0.0,0.0,0.0,0.0,1.0,0.0,0.17908677,-0.08511115,-0.17833847,-0.02465913,-0.3018777,0.29121,-0.037719164,-0.14483729,-0.22456765,0.11761261,-0.23738517,0.367145421903052
0.8,0.3192702394526795,0.2131578947368421,0.2884250474383302,0.4893617021276595,0.0,0.0,1.0,0.0,0.0,0.0,0.0,0.0,0.0,0.0,1.0,0.0,0.0,0.0,0.0,0.0,1.0,0.17213461,-0.086744174,-0.17604765,-0.019147277,-0.2990197,0.2824586,-0.039979644,-0.14129497,-0.22159053,0.112823986,-0.23431678,0.0380011968880909
0.8,0.2862029646522235,0.3605263157894737,0.3140417457305502,0.4042553191489361,0.0,0.0,0.0,0.0,0.0,1.0,0.0,0.0,0.0,0.0,0.0,0.0,0.0,1.0,1.0,0.0,0.0,0.21806115,-0.1095923,-0.23134336,-0.014317226,-0.35200897,0.32489172,-0.03802322,-0.15398553,-0.23801167,0.1389107,-0.28092477,0.229802513464991
1.0,0.169897377423033,0.1368421052631579,0.1366223908918406,0.2765957446808511,0.0,1.0,0.0,0.0,0.0,0.0,0.0,0.0,0.0,0.0,1.0,0.0,0.0,0.0,0.0,0.0,1.0,0.21893927,-0.09278105,-0.23686871,0.0017118454,-0.35534927,0.32640305,-0.0351629,-0.14898458,-0.2312138,0.14082764,-0.28461522,0.0128665469778575
1.0,0.3340935005701254,0.3631578947368421,0.3548387096774194,1.0,0.0,0.0,0.0,1.0,0.0,0.0,0.0,0.0,0.0,1.0,0.0,0.0,0.0,0.0,0.0,1.0,0.0,0.20646232,-0.10104589,-0.2018705,-0.032718204,-0.33549324,0.31913722,-0.03935067,-0.16143458,-0.24139512,0.13477503,-0.26128262,0.3207660083782166
0.8,0.5039908779931584,0.1078947368421052,0.4041745730550284,0.4893617021276595,0.0,1.0,0.0,0.0,0.0,0.0,0.0,1.0,0.0,0.0,0.0,0.0,0.0,0.0,1.0,0.0,0.0,0.19448215,-0.0897373,-0.20740601,-0.0057992786,-0.32665107,0.30226707,-0.037110023,-0.14325751,-0.22506528,0.12581195,-0.25912768,0.1741472172351885
0.8,0.7434435575826682,0.3289473684210526,0.683111954459203,0.3829787234042553,0.0,0.0,1.0,0.0,0.0,0.0,0.0,0.0,0.0,0.0,1.0,0.0,0.0,0.0,0.0,0.0,1.0,0.17507246,-0.08824368,-0.17767122,-0.0198724,-0.30205435,0.2850847,-0.040231835,-0.14283946,-0.22309068,0.11456156,-0.23662005,0.0771992818671454
1.0,0.0627137970353477,0.1236842105263157,0.0426944971537001,0.425531914893617,0.0,1.0,0.0,0.0,0.0,0.0,0.0,1.0,0.0,0.0,0.0,0.0,0.0,0.0,1.0,0.0,0.0,0.19562364,-0.08996671,-0.20878711,-0.0053298995,-0.32802397,0.30328274,-0.037024103,-0.14348413,-0.22531249,0.12648684,-0.26031995,0.0695904932888775
0.6,0.3135689851767388,0.5868421052631579,0.4184060721062618,0.9574468085106383,0.0,0.0,0.0,0.0,0.0,1.0,0.0,0.0,0.0,0.0,1.0,0.0,0.0,0.0,1.0,0.0,0.0,0.2366504,-0.094380185,-0.26210353,0.009750761,-0.37829384,0.34435827,-0.033478007,-0.15212424,-0.23688489,0.15246962,-0.30484974,0.827049670855775
0.6,0.1972633979475484,0.3131578947368421,0.2229601518026565,0.6382978723404256,0.0,0.0,1.0,0.0,0.0,0.0,0.0,1.0,0.0,0.0,0.0,0.0,0.0,0.0,1.0,0.0,0.0,0.16008773,-0.08280615,-0.16051006,-0.024464708,-0.28342944,0.2712507,-0.04173855,-0.13945319,-0.21884139,0.10625927,-0.22071977,0.263016157989228
0.8,0.1870011402508551,0.8552631578947368,0.4098671726755218,0.2978723404255319,0.0,0.0,1.0,0.0,0.0,0.0,0.0,0.0,0.0,1.0,0.0,0.0,0.0,0.0,1.0,0.0,0.0,0.17851743,-0.0891624,-0.17216882,-0.032494206,-0.30516344,0.28890142,-0.0426825,-0.15240467,-0.2287712,0.117922865,-0.23456581,0.6172950329144224
1.0,0.2770809578107183,0.0,0.1764705882352941,0.4893617021276595,0.0,0.0,1.0,0.0,0.0,0.0,0.0,0.0,1.0,0.0,0.0,0.0,0.0,0.0,1.0,0.0,0.0,0.2617581,-0.13064942,-0.2723259,-0.016844485,-0.40804097,0.37683955,-0.04159283,-0.17313185,-0.26556003,0.1613548,-0.33231995,0.1478156792339916
0.4,0.1391106043329532,0.4552631578947368,0.2258064516129032,0.9787234042553192,0.0,0.0,0.0,0.0,1.0,0.0,0.0,0.0,0.0,1.0,0.0,0.0,0.0,0.0,1.0,0.0,0.0,0.19792402,-0.097668335,-0.19257039,-0.028814219,-0.32861435,0.30721256,-0.04221725,-0.15814596,-0.23572175,0.12878703,-0.25560445,0.5248354278874925
0.4,0.1106043329532497,0.0842105263157894,0.0683111954459203,0.0212765957446808,0.0,0.0,1.0,0.0,0.0,0.0,0.0,0.0,0.0,1.0,0.0,0.0,0.0,0.0,1.0,0.0,0.0,0.17711166,-0.08796275,-0.17060459,-0.03226329,-0.3021912,0.2869824,-0.040967397,-0.15155464,-0.22911592,0.116630524,-0.23045327,0.0763016157989228
0.4,0.0992018244013683,0.2657894736842105,0.1242884250474383,0.5106382978723404,0.0,0.0,0.0,1.0,0.0,0.0,0.0,0.0,0.0,1.0,0.0,0.0,0.0,0.0,1.0,0.0,0.0,0.20254144,-0.0997276,-0.19844425,-0.024448957,-0.333936,0.31074992,-0.04139931,-0.15666032,-0.23599716,0.1302274,-0.2620534,0.2253141831238779
0.4,0.1220068415051311,0.1710526315789473,0.1091081593927893,0.2765957446808511,0.0,0.0,1.0,0.0,0.0,0.0,0.0,0.0,0.0,1.0,0.0,0.0,0.0,0.0,1.0,0.0,0.0,0.17643023,-0.088402316,-0.1700815,-0.0323546,-0.3025331,0.28689903,-0.04280433,-0.15149754,-0.22795081,0.116707765,-0.23247047,0.1044284859365649
0.4,0.0877993158494868,0.1105263157894736,0.0588235294117647,0.574468085106383,0.0,0.0,0.0,1.0,0.0,0.0,0.0,0.0,0.0,1.0,0.0,0.0,0.0,0.0,1.0,0.0,0.0,0.2067354,-0.10164227,-0.20361122,-0.023822743,-0.33925846,0.315344,-0.041346125,-0.15788935,-0.23807676,0.13274768,-0.26681328,0.1107121484141232
0.4,0.2417331812998859,0.3,0.2552182163187855,0.6382978723404256,0.0,0.0,1.0,0.0,0.0,0.0,0.0,0.0,0.0,1.0,0.0,0.0,0.0,0.0,1.0,0.0,0.0,0.16565913,-0.08423575,-0.15919024,-0.032363504,-0.2890624,0.2766441,-0.043405026,-0.14718044,-0.22385396,0.110461354,-0.22145556,0.5936564931178935
0.8,0.0592930444697833,0.2342105263157894,0.079696394686907,0.2765957446808511,0.0,1.0,0.0,0.0,0.0,0.0,0.0,1.0,0.0,0.0,0.0,0.0,0.0,0.0,1.0,0.0,0.0,0.19430068,-0.089700826,-0.20718652,-0.0058738887,-0.32643288,0.30210564,-0.03712368,-0.1432215,-0.22502594,0.12570466,-0.2589381,0.0870736086175942
0.6,0.1402508551881414,0.2157894736842105,0.1404174573055028,0.0,0.0,1.0,0.0,0.0,0.0,0.0,0.0,0.0,0.0,1.0,0.0,0.0,0.0,0.0,0.0,1.0,0.0,0.16116512,-0.08215929,-0.15812433,-0.032450274,-0.28230858,0.27473918,-0.042192467,-0.14270289,-0.22162001,0.107871965,-0.21995164,0.132555356074207
0.6,0.041049030786773,1.0,0.340607210626186,0.2340425531914893,0.0,0.0,0.0,1.0,0.0,0.0,0.0,0.0,0.0,0.0,0.0,0.0,1.0,0.0,0.0,1.0,0.0,0.22634175,-0.11598714,-0.2480953,-0.0148779005,-0.3595007,0.33310652,-0.035642393,-0.156472,-0.2414217,0.14458014,-0.28450304,0.3285457809694793
0.6,0.0524515393386545,0.2763157894736842,0.0891840607210626,0.1489361702127659,0.0,1.0,0.0,0.0,0.0,0.0,0.0,1.0,0.0,0.0,0.0,0.0,0.0,0.0,0.0,1.0,0.0,0.14333197,-0.07794113,-0.14938194,-0.026639476,-0.26356196,0.25610402,-0.04212385,-0.13305123,-0.2126957,0.09686016,-0.20545214,0.1166965888689407
0.8,0.1311288483466362,0.1184210526315789,0.0977229601518026,0.1914893617021276,0.0,1.0,0.0,0.0,0.0,0.0,0.0,0.0,0.0,0.0,1.0,0.0,0.0,0.0,0.0,1.0,0.0,0.24644417,-0.09448423,-0.25854686,0.0070214197,-0.38430527,0.3538001,-0.028574646,-0.15874723,-0.24110068,0.15574294,-0.30526826,0.0930580490724117
0.8,0.1265678449258837,0.3131578947368421,0.1641366223908918,0.2127659574468085,0.0,0.0,0.0,1.0,0.0,0.0,0.0,0.0,0.0,1.0,0.0,0.0,0.0,0.0,0.0,1.0,0.0,0.19073561,-0.094004236,-0.18491969,-0.034283437,-0.32023382,0.30139673,-0.04171043,-0.15779042,-0.2342043,0.12523127,-0.24664296,0.1250748055056852
0.8,0.0433295324971493,0.0657894736842105,0.0056925996204933,0.1914893617021276,0.0,1.0,0.0,0.0,0.0,0.0,0.0,0.0,1.0,0.0,0.0,0.0,0.0,0.0,0.0,1.0,0.0,0.26427042,-0.11009851,-0.2771673,-6.8478286e-05,-0.40257597,0.374337,-0.029933888,-0.16723147,-0.25455427,0.16414091,-0.324846,0.0439856373429084
0.6,0.1334093500570125,0.2631578947368421,0.1518026565464895,0.3829787234042553,0.0,1.0,0.0,0.0,0.0,0.0,0.0,1.0,0.0,0.0,0.0,0.0,0.0,0.0,0.0,1.0,0.0,0.14304474,-0.07540378,-0.14725405,-0.024707466,-0.2644263,0.25591826,-0.04208801,-0.13265583,-0.2119401,0.09632263,-0.20636505,0.101735487731897
0.6,0.104903078677309,0.1,0.0692599620493358,0.2127659574468085,0.0,0.0,0.0,1.0,0.0,0.0,0.0,0.0,1.0,0.0,0.0,0.0,0.0,0.0,0.0,1.0,0.0,0.24107385,-0.11360803,-0.2428298,-0.020264681,-0.37441272,0.3506285,-0.033662785,-0.16589488,-0.25180998,0.15231387,-0.29366055,0.056852184320766
0.6,0.0786773090079817,0.2421052631578947,0.0986717267552182,0.1914893617021276,0.0,1.0,0.0,0.0,0.0,0.0,0.0,1.0,0.0,0.0,0.0,0.0,0.0,0.0,1.0,0.0,0.0,0.19305971,-0.08945142,-0.20568508,-0.0063841864,-0.3249403,0.30100152,-0.03721713,-0.14297512,-0.22475716,0.12497094,-0.25764185,0.0843806104129264
0.6,0.0684150513112884,0.1763157894736842,0.0664136622390891,0.1914893617021276,0.0,0.0,0.0,0.0,1.0,0.0,0.0,0.0,0.0,0.0,0.0,0.0,1.0,0.0,1.0,0.0,0.0,0.2523771,-0.12565058,-0.27130365,-0.011685137,-0.3927754,0.36135566,-0.037788026,-0.1650242,-0.25402415,0.15741712,-0.31852585,0.0451825254338719
0.6,0.2109464082098061,0.2368421052631578,0.206831119544592,0.6382978723404256,0.0,1.0,0.0,0.0,0.0,0.0,0.0,0.0,0.0,1.0,0.0,0.0,0.0,0.0,0.0,1.0,0.0,0.18670347,-0.08945385,-0.18492833,-0.02396983,-0.31146318,0.29779345,-0.038044687,-0.14793867,-0.22804917,0.12184281,-0.24407889,0.1316576900059844
0.8,0.2451539338654504,0.2710526315789474,0.2476280834914611,0.4893617021276595,0.0,0.0,1.0,0.0,0.0,0.0,0.0,0.0,0.0,0.0,0.0,0.0,0.0,1.0,0.0,1.0,0.0,0.18021575,-0.091912,-0.17730716,-0.033434305,-0.30631334,0.29079416,-0.042333413,-0.15308054,-0.22996375,0.11950589,-0.23490377,0.2666068222621185
0.8,0.3580387685290764,0.4657894736842105,0.4117647058823529,0.6382978723404256,0.0,0.0,1.0,0.0,0.0,0.0,0.0,0.0,0.0,0.0,1.0,0.0,0.0,0.0,0.0,1.0,0.0,0.18259177,-0.09175299,-0.17749909,-0.027915772,-0.3095101,0.29237705,-0.04191111,-0.15099002,-0.22918499,0.11965108,-0.23998354,0.4622980251346499
0.6,0.0376282782212086,0.0631578947368421,0.0,0.4680851063829787,0.0,1.0,0.0,0.0,0.0,0.0,0.0,0.0,0.0,1.0,0.0,0.0,0.0,0.0,0.0,1.0,0.0,0.18558267,-0.08817046,-0.18341696,-0.024544422,-0.30915624,0.2970173,-0.03784077,-0.1477943,-0.22745597,0.120895654,-0.2420633,0.0308198683423099
0.8,0.0741163055872291,0.0947368421052631,0.0417457305502846,0.425531914893617,0.0,1.0,0.0,0.0,0.0,0.0,0.0,0.0,1.0,0.0,0.0,0.0,0.0,0.0,0.0,1.0,0.0,0.26900673,-0.108873606,-0.2818106,0.0050360262,-0.41001046,0.3780045,-0.02971292,-0.16674134,-0.25402296,0.16724378,-0.33190635,0.0855774985038898
0.8,0.104903078677309,0.131578947368421,0.0806451612903225,0.0851063829787234,0.0,0.0,0.0,1.0,0.0,0.0,0.0,0.0,0.0,0.0,1.0,0.0,0.0,0.0,0.0,1.0,0.0,0.22108588,-0.10497418,-0.21758541,-0.021752689,-0.34980252,0.33120632,-0.03660093,-0.15955399,-0.24281146,0.14129183,-0.27700374,0.026032315978456
0.6,0.1003420752565564,0.0921052631578947,0.0626185958254269,0.0212765957446808,1.0,0.0,0.0,0.0,0.0,0.0,0.0,0.0,0.0,0.0,1.0,0.0,0.0,0.0,0.0,0.0,1.0,0.1691263,-0.08729081,-0.16814399,-0.026963864,-0.29410076,0.27872682,-0.040658765,-0.14507739,-0.22572853,0.109719776,-0.2254095,0.0
0.2,0.1425313568985176,0.1842105263157894,0.1309297912713472,0.1702127659574468,0.0,0.0,1.0,0.0,0.0,0.0,0.0,0.0,0.0,1.0,0.0,0.0,0.0,0.0,0.0,1.0,0.0,0.17311236,-0.09351994,-0.17853782,-0.032439634,-0.30092546,0.28725922,-0.039833497,-0.15390517,-0.2298914,0.11569493,-0.22805254,0.0739078396169958
0.6,0.5393386545039909,0.5789473684210527,0.603415559772296,0.4468085106382978,0.0,0.0,0.0,0.0,1.0,0.0,0.0,0.0,0.0,0.0,0.0,1.0,0.0,0.0,0.0,1.0,0.0,0.21576342,-0.110342234,-0.22364631,-0.033493448,-0.35372934,0.32837093,-0.041846365,-0.16577852,-0.24700335,0.14012371,-0.2713663,0.3656493117893477
0.2,0.2326111744583808,0.1736842105263158,0.2020872865275142,0.0212765957446808,1.0,0.0,0.0,0.0,0.0,0.0,0.0,0.0,1.0,0.0,0.0,0.0,0.0,0.0,0.0,0.0,1.0,0.17855448,-0.09479757,-0.18008819,-0.030338854,-0.31022108,0.29306263,-0.044933736,-0.153248,-0.2353029,0.10909771,-0.24206035,0.0020945541591861
0.2,0.1482326111744583,0.3578947368421052,0.198292220113852,0.3617021276595745,1.0,0.0,0.0,0.0,0.0,0.0,0.0,0.0,0.0,0.0,0.0,0.0,0.0,1.0,0.0,1.0,0.0,0.20928821,-0.10790991,-0.21945837,-0.03038026,-0.33860406,0.31906402,-0.03837769,-0.16096964,-0.24041343,0.13690653,-0.26098582,0.1451226810293237
0.6,0.5290763968072976,0.4605263157894737,0.5521821631878557,0.7446808510638298,0.0,0.0,1.0,0.0,0.0,0.0,0.0,0.0,0.0,1.0,0.0,0.0,0.0,0.0,0.0,1.0,0.0,0.1717191,-0.0860378,-0.16505197,-0.033977948,-0.29687,0.2825872,-0.04300485,-0.1504173,-0.22646226,0.11402921,-0.22720452,0.5691202872531418
0.4,0.2508551881413911,0.4263157894736842,0.3083491461100569,0.723404255319149,0.0,0.0,0.0,0.0,1.0,0.0,0.0,0.0,0.0,0.0,1.0,0.0,0.0,0.0,0.0,0.0,1.0,0.1885553,-0.09347689,-0.19310549,-0.017003309,-0.31867802,0.29764512,-0.039863486,-0.14612538,-0.22741975,0.1217887,-0.25207198,0.0365050867743865
0.0,0.2485746864310148,0.1736842105263158,0.215370018975332,0.6170212765957447,0.0,0.0,0.0,0.0,1.0,0.0,0.0,0.0,0.0,1.0,0.0,0.0,0.0,0.0,1.0,0.0,0.0,0.19269246,-0.09544103,-0.18688911,-0.029977802,-0.32243595,0.3021044,-0.04215366,-0.1567452,-0.23373657,0.12596679,-0.24983372,0.0963494913225613
0.6,0.4401368301026225,0.4894736842105263,0.4886148007590132,0.7446808510638298,0.0,0.0,0.0,0.0,1.0,0.0,0.0,0.0,0.0,0.0,1.0,0.0,0.0,0.0,1.0,0.0,0.0,0.2532231,-0.12470649,-0.26372415,-0.013972752,-0.39771363,0.36498657,-0.041784644,-0.16807559,-0.25823104,0.15640327,-0.3231254,0.3836026331538001
0.6,0.5245153933865451,0.4447368421052631,0.5426944971537002,0.8085106382978723,0.0,0.0,0.0,0.0,1.0,0.0,0.0,0.0,0.0,1.0,0.0,0.0,0.0,0.0,0.0,0.0,1.0,0.15531474,-0.08024335,-0.14913544,-0.034138806,-0.27691832,0.26715386,-0.04410895,-0.14393644,-0.22022338,0.10468799,-0.21167661,0.2280071813285457
0.4,1.0,0.6157894736842106,1.0,0.6170212765957447,0.0,0.0,0.0,0.0,1.0,0.0,0.0,0.0,0.0,0.0,1.0,0.0,0.0,0.0,1.0,0.0,0.0,0.22173849,-0.10803351,-0.22408444,-0.017023265,-0.3572743,0.32943958,-0.040641844,-0.15858017,-0.24173869,0.14011788,-0.28577942,1.0
