PCA_1,PCA_2,PCA_3,effort_D
0.17534759529398358,0.7812172545090047,0.5450289532165385,0.22292423
0.23060930014703165,0.7852981842553884,0.4786412114299037,0.22306515
0.15108045167258827,0.7635689094108381,0.6999990071793425,0.2849867
0.0740427429777549,0.588757478202302,0.4963096344567023,0.26853704
0.28088592692553094,0.6398588324752076,0.15183438044132092,0.14664228
0.3073315684269929,0.669720778027682,0.6880983530287511,0.38624334
0.2427521502525137,0.832289895554871,0.3540485764288402,0.11167256
0.15543661044631882,0.7932244669663785,0.5168366651068779,0.20258735
0.4125881486119921,0.890195676320182,0.1648560754556317,0.037275642
0.46797583694488726,0.8091606806297055,0.7545445170266796,0.35802585
0.08724040152750215,0.7781826620992338,0.5610466709253707,0.22828439
0.13189256950369893,0.8282077467179898,0.3429174924321169,0.11787416
0.22524830272188848,0.8216342986885226,0.5745422413541363,0.25611633
0.20206217730295373,0.7941928601025833,0.6035623516154511,0.25576833
0.06654387391220268,0.7799090456749,0.4750805144076336,0.19324374
0.18143390704014906,0.830536345646072,0.3513799318807382,0.13350648
0.12573021430475573,0.7707252151308001,0.68941341319022,0.2729308
0.38005449030631905,0.679770939422045,0.8747789515567611,0.47326344
0.2403104805241321,0.7547331991416537,0.38717461230973715,0.20672768
0.13559619176608817,0.7483780552219382,0.45678374504780317,0.21804817
0.5708001023615334,0.8698115182929663,0.8671306340304656,0.35149428
0.12620013295779342,0.7777200398183128,0.5235200520854945,0.22278522
0.3173873512911354,0.7968231441937216,0.38353094077433236,0.1857561
0.13301825767970804,0.7602608058153643,0.4846494721895045,0.23204127
0.03038049186764924,0.7615220608803736,0.544939356299651,0.22327304
0.2757089068009942,0.597899544504247,0.7316989580334987,0.4349521
0.33064598406165824,0.8249581736709726,0.13636936482916134,0.05099982
0.12687422977066432,0.7815457644283544,0.5859593384267198,0.24911365
0.5857146598256894,0.6020722676322541,0.7167048167537249,0.5174892
0.15196577797019112,0.7820747898448015,0.5549742070281479,0.2543086
0.1399464565378059,0.780956791360501,0.5002310014550725,0.21919587
0.18377270961545433,0.697083405816159,0.48442085786657596,0.24731195
0.34205918678710867,0.853938025360917,0.663971182306187,0.28590238
0.3224043075568661,0.5826018619751758,0.7153744078569718,0.4527126
0.09138768727674834,0.72368665385291,0.5168146492342324,0.24527514
0.4676392961252276,0.879204850634693,0.6719165478238389,0.28808516
0.18636405244383894,0.6173915728406708,0.4895598502956096,0.314344
0.27993122109738133,0.815178482710553,0.4760389204254172,0.21011026
0.19883127278908394,0.7566996813735627,0.5056462139127067,0.23836967
0.2179880578927758,0.8090792265711698,0.4903791229139799,0.20451374
1.0,0.1682151362397324,0.5502683944730538,0.7996993
0.15456691715535148,0.7718527029384069,0.46645364816867313,0.20670584
0.2490407858613075,0.7065690975377236,0.31187280716593413,0.21497464
0.5115617904192116,0.8534001364781525,0.4834464497391703,0.2325905
0.36453435316633087,0.8820813729601947,0.4082776393778966,0.14628357
0.24490090069879053,0.8064061765415377,0.4453935172711601,0.16950656
0.16664673145212217,0.7867233771352198,0.5692830277913495,0.23126435
0.2645041509402614,0.8310047176708605,0.47634723093285636,0.14813766
0.07588058778342896,0.7066120496765846,0.5901453031918041,0.26942143
0.07768092564450826,0.8065775338919626,0.4038086731033287,0.13043553
0.6643137416900757,0.968417283395089,0.5322498267351193,0.21720697
0.13187706681698214,0.8161912537591023,0.441841213832855,0.13896774
0.4758651393655288,0.37026330157696896,0.42936300907644875,0.49222404
0.6346774636243637,0.9396069960580805,0.3351525852773859,0.14668752
0.09867487175290401,0.6402529771489568,0.5328762156179934,0.27500015
0.07385838803924194,0.7364232404604297,0.6279653666094023,0.27826238
0.26997970615291317,0.8586898463166153,0.7063976156396501,0.28604096
0.08459977602919125,0.7406530443290558,0.49285283200554725,0.21053664
0.14885204906534713,0.7026952213365414,0.612759692212843,0.30983865
0.2843864070788796,0.8298169811796895,0.6178604977576571,0.26486823
0.19480611160832625,0.7241954332032757,0.30565036553045466,0.17697553
0.07768862214909905,0.7903601637757576,0.48254528757345116,0.18889897
0.39804607171080475,0.44539824449718635,0.6710966734842068,0.5185976
0.7671264278986704,0.8351243386929829,0.9045346561621905,0.46162367
0.18282785529391896,0.8026742007900649,0.4318286398008921,0.16338804
0.20942994103176066,0.4954052615517899,0.6898969137511706,0.45216408
0.11827159903182545,0.7362553427405284,0.4573873784363979,0.19805302
0.26274941665957285,0.8043401229940413,0.24283241994655697,0.0897561
0.09588373987180016,0.7518689398958603,0.4803163272766709,0.22198533
0.2655072304927166,0.8311870043735805,0.7477149100310827,0.31333616
0.11705967239719814,0.7809701838581634,0.6254850561224495,0.28269792
0.3727802654060632,0.8551060753645954,0.5649575031979581,0.24077962
0.10874522449022067,0.6119230494788858,0.5591523884040771,0.3119793
0.2350730721054169,0.793696342420342,0.4831899179707864,0.22399703
0.10753345872779406,0.7376002411807927,0.5362964366462577,0.24660209
0.1427054665906274,0.7558717577423918,0.44001715028263977,0.21508859
0.21724053775660046,0.7647618062936604,0.39202689576419264,0.19527343
0.49646854271778174,0.36563144258661556,0.5191886239812543,0.544174
0.08382500273568777,0.7191794610613987,0.49579083075551944,0.24064726
0.06664099841124305,0.7607459364755942,0.47000879291469194,0.19164044
0.14940254956645774,0.805212966821115,0.5715587806312703,0.22181329
0.15237661764610347,0.7452586569305665,0.6008664361506761,0.2846487
0.21935025352651838,0.7830946500783472,0.49810076840218287,0.22086996
0.2615345088212702,0.8335548874570579,0.8248591686376783,0.31996992
0.20465401499153824,0.7982641555965685,0.6279832559130716,0.27638698
0.31000515499722775,0.8484110465188819,0.8145061491101298,0.30321372
0.534984620390587,0.9454097030399761,0.4883267983278171,0.16281003
0.16221533511996516,0.7591292644926709,0.3712697608490817,0.15683423
0.42354542906025683,0.9044816119552532,0.3537314701992184,0.09431311
0.11972674579355781,0.7483368160001977,0.4539185976618128,0.21535295
0.1285417588801131,0.7451071206857033,0.4720812164218608,0.23457539
0.10746714226129261,0.788982939494664,0.5658935234147882,0.22430885
0.11676779518378552,0.7686265824524354,0.5317373377259687,0.22356364
0.25935837890590524,0.770283293367098,0.3688803677187147,0.1642306
0.16379521272350112,0.7362035374884678,0.5448680329571147,0.25903565
0.09858447002166368,0.7473028483471363,0.521563362095032,0.24990845
0.4619709508624967,0.8315902798647391,0.473623942492663,0.24411975
0.45402793683565934,0.8867493386817327,0.2929406659408712,0.09046231
0.3068251685618893,0.8403906598204688,0.5403603643819199,0.23136207
0.14828128176468852,0.7528858054388667,0.35415874455019924,0.18734592
0.35516391665267233,0.7619008942382591,0.9913888384077253,0.41771698
0.18050050007400226,0.48836408889260857,0.6878816401302794,0.42974007
0.2271066472159103,0.7397402488374715,0.37135422998303724,0.19067854
0.06483375583407,0.6530040853339265,0.43579790894798937,0.2024027
0.17448502419039527,0.6101097245321471,0.39435420462484494,0.26778352
0.22006949418055213,0.8339604565707213,0.41671579561099503,0.12976855
0.17393406839310843,0.6753657173796694,0.6258481508269149,0.33081067
0.2647923675175746,0.7753956549429053,0.7265722912639123,0.3327403
0.2793333281738969,0.7662340088581474,0.5053048894008036,0.2681238
0.09781111792738534,0.7143583091386314,0.6197516445904103,0.29424033
0.14015461285214165,0.7868892739727711,0.5389584698623661,0.22188154
0.23155615189446394,0.634857024572566,0.4066477630911596,0.3039617
0.13136188591646947,0.7672588147810591,0.39643207351670595,0.17780438
0.10313221837705883,0.7303180118034184,0.5653592936694551,0.26455396
0.20451096771489494,0.7446806036223752,0.6775299816738569,0.31459123
0.05564921849597043,0.7989969939189314,0.41945070432818266,0.13599545
0.45740538763314553,0.869642933882137,0.5285402247705658,0.2224201
0.20709863174041815,0.7164932851610908,0.8654736156774645,0.40535465
0.19054969937921,0.7905052788537011,0.20842861031047372,0.052043855
0.29801392752917055,0.8512831229640511,0.6582604698138623,0.26659632
0.20562722010360246,0.6938532057658677,0.5957898978287285,0.31406286
0.17959219923537328,0.6249455805093458,0.36994713246151334,0.22492632
0.08363389613685471,0.756053135656078,0.5033418949509398,0.21741906
0.5467449446681478,0.8700522277852241,0.9270547629228705,0.3950081
0.12415540965165524,0.7926086922180594,0.5652804448449352,0.23348889
0.25330711504768777,0.8079122387209238,0.41642878977549325,0.19038701
0.15643213419161203,0.8290518808270849,0.4359376403590056,0.12251854
0.1347783611540994,0.7602687128852559,0.4214801850400269,0.19817346
0.19440027367254528,0.796256352655962,0.3519472666922933,0.15966618
0.043573325964580245,0.7292749902525031,0.55966269099505,0.24937877
0.10542575057911789,0.759681223997011,0.5339366958266499,0.2401236
0.41850216967886866,0.8659259798354664,0.651044820510874,0.2856054
0.0500024991132324,0.7452369297061322,0.5563052484917127,0.2430592
0.08185177400872135,0.7612256687898948,0.6482504668792628,0.26355478
0.11281434968390375,0.8125940965369719,0.6426540278639113,0.23294845
0.11768642883358463,0.763285054090987,0.4549131215317034,0.1954721
0.16403402246524892,0.7497499451321222,0.6040617344079918,0.28106192
0.22666344562608556,0.8077355841208074,0.6749341320730189,0.30369514
0.2492167557568345,0.7767040286273768,0.5609855476287763,0.26562297
0.22071325786861096,0.8022441449662955,0.5458762150153174,0.21960738
0.2370017823639407,0.6210609900295212,0.6245094647043794,0.35016155
0.4256251202256034,0.7152561528307262,0.7514939452524827,0.3964987
0.4020651602040125,0.8972536547473943,0.8172290092691021,0.2992308
0.25914491698486225,0.7625401384486816,0.3470100428513203,0.18508652
0.12378803227625185,0.7545987183335076,0.5599139877644186,0.27187085
0.2026425141253831,0.7766298949971195,0.7442464445635336,0.32349446
0.2545633771516649,0.7229750046063034,0.5999432161257761,0.3342129
0.4067293703224403,0.8195358077875152,0.2626800013706246,0.1252979
0.15666872123839454,0.7786919343200941,0.4637379137039239,0.20930406
0.21757062535348387,0.8175677247020258,0.670045110231769,0.28675154
0.06025648475432907,0.7540159574626544,0.5235938402589345,0.23371604
0.4352857215581981,0.39724861807092765,0.8191293026758868,0.60857046
0.3234715601115724,0.49622387989659184,0.5261980575219213,0.42592055
0.27502050027349123,0.8269474865350434,0.4915112465686521,0.17741156
0.17542454180399047,0.7746813689212606,0.637188662683086,0.27508086
0.14799840016969784,0.7486993779385266,0.4221533825978183,0.21097225
0.15177815577954623,0.801089805807742,0.5511052250894004,0.19855198
0.03527354804692023,0.6452813491352891,0.603876549293171,0.29112557
0.1060664388164921,0.7458743841572213,0.6056978667877269,0.26744112
0.37762694971965316,0.8290230019970243,0.6792195464036948,0.27845794
0.1594429242025649,0.8393177977796075,0.375842523910245,0.12372495
0.2910256895643845,0.5297160132329912,0.7203836834016228,0.46026886
0.11766136175657232,0.6197579166977258,0.6339284961807478,0.33180204
0.1826546266148017,0.8043816465445836,0.49381312016154066,0.17124008
0.2840177961793435,0.7869833323847627,0.15734771556625166,0.05282989
0.08372104525716878,0.5542664719608861,0.6053705892267119,0.3443191
0.24262140598641183,0.8172262514422766,0.6079269525740685,0.24195987
0.11599868851128996,0.7224330382799836,0.5041028068351187,0.25903952
0.1838475574906886,0.8300786643550383,0.7050836232442945,0.24859653
0.09997510679274033,0.7432346740546956,0.47103844240735143,0.23147918
0.09678878014780606,0.7727302499944243,0.46563728109786817,0.1921494
0.13054581724521158,0.8139178997621058,0.6209574033716173,0.21621764
0.23909558095498784,0.831096644846631,0.5865940941285209,0.23733768
0.16550698972987937,0.8111455965816825,0.41639258522427386,0.1303857
0.2509521175418566,0.8293596643999527,0.086661275233685,0.002543375
0.1052727751266177,0.7627586265743951,0.49346515515950073,0.2173425
0.5234223998106248,0.5874671654714041,0.06798172856914453,0.2922572
0.3586905305605912,0.8916020674320994,0.3087672195564507,0.07078613
0.9290017981756512,0.9210136745079887,0.6777297401189539,0.34093863
0.051724177677441086,0.7399740494511938,0.5421810346130806,0.25392213
0.25945263309502287,0.7901202901524834,0.8441222786839315,0.36728787
0.17183292267111208,0.7509490596145657,0.4193459591637496,0.20315
0.22267166941277508,0.5199667163815357,0.6862503976685718,0.4387628
0.06025618951944933,0.7503060955490113,0.6012079664225389,0.26975653
0.01992360506581728,0.7543570558100047,0.5289055296451196,0.20118235
0.14271468514045715,0.7735048298889129,0.5185623767688474,0.24130262
0.122168662374918,0.7444395559922833,0.4897889262297202,0.2292957
0.3983415441280719,0.8033431215000838,0.4353866103790161,0.23967731
0.42250699410182785,0.8614534986102823,0.755582321987125,0.3336076
0.1249666124014366,0.7622052276408561,0.5395180964354359,0.23829232
0.19223022919629534,0.781609758032842,0.5682266778452545,0.2408497
0.5574689527075603,0.9225626123123014,0.8018990375473699,0.2948584
0.07703023092806924,0.8033809772595805,0.47709049351118965,0.1635899
0.14382498693969764,0.7180169056210913,0.7396304013678143,0.3413537
0.4682179409750919,0.9054987847445753,0.4848465526016634,0.18675375
0.33512170949246384,0.8066658968610592,0.32930701159382025,0.15736753
0.08606514634506851,0.7509306677361572,0.6498176004797532,0.284043
0.22328436909912375,0.7875511499302594,0.7030896544415053,0.30842116
0.03624349130864171,0.755013097064524,0.5552242604406243,0.2425453
0.0381046015083977,0.7206479880364404,0.5783949294892252,0.25693566
0.28359494395704976,0.8129644889551276,0.5500605455856824,0.2388049
0.42500108427804395,0.890535516182372,0.6623662785510412,0.27301168
0.1153864796888954,0.7516422837194535,0.4915620809892809,0.23399708
0.370466649959488,0.841067200793607,0.5098192074584985,0.22343256
0.14871329423216662,0.7614912701484496,0.4844269804197349,0.2130804
0.10050618219364081,0.7627028614413484,0.510511379743683,0.22041713
0.09829940030361758,0.77063292483806,0.6239561406138665,0.25267956
0.05860882667649958,0.802262831599076,0.3935001833544919,0.12516704
0.25174418288035455,0.7558413478538912,0.6406761287704105,0.31452116
0.3440105605681298,0.85090775676259,0.7045835577349239,0.30154735
0.21650965063481178,0.863465364129001,0.5363094339138552,0.18327774
0.09861743915393426,0.7797653687017686,0.4849760680314655,0.20263512
0.13559143006940372,0.7679985739523081,0.4994455059426462,0.22517262
0.20967000017229817,0.807607950757194,0.6813561253932064,0.28584856
0.18153811656846391,0.7919186003909676,0.5133015022577109,0.2070991
0.14919817592382273,0.698124944046424,0.721830854616205,0.3495029
0.08020183346025331,0.7759858401801397,0.5448776259588616,0.19356406
0.43259279568443615,0.27970079673386616,0.4313816216443943,0.4912101
0.3124419360105029,0.886244918094903,0.6947467667011689,0.25075957
0.38328370607201034,0.719564764372565,0.10014908622313407,0.15939282
0.22628750490773974,0.43476575304759923,0.5364631239028192,0.40801924
0.09249961357164438,0.7851402789546973,0.6566192449504866,0.27538782
0.225461727702966,0.7183796442362266,0.36441259979753987,0.23114109
0.1878330256483225,0.5849558665460793,0.48903296993923884,0.30401292
0.6668961902800733,0.24524380082911912,0.3634366974009945,0.5933086
0.2327767215492849,0.8277598954972285,0.6052941841575674,0.254404
0.13554529058754436,0.6722545270603484,0.45008300988647976,0.25784826
0.38778191700787834,0.8632335075324501,0.6062363795775463,0.22726198
0.257963933495196,0.594251302696998,0.4530850269957872,0.33651224
0.09316389281945464,0.7907021027094756,0.4203925175181631,0.14004904
0.10446751954454365,0.7642563066879129,0.5278428264721047,0.23672435
0.2968723222869951,0.8465622971641795,0.7948765311685873,0.31995237
0.08278214533101674,0.735328739176555,0.642935358756364,0.28420985
0.1594889287939667,0.7111713498236744,0.7242633486669406,0.34815675
0.20661420285405865,0.8171685908279093,0.5708098736363716,0.22575417
0.2834841741199816,0.817275609036854,0.7299552515751523,0.29906094
0.07800636070497091,0.7632484311578656,0.5868618249531466,0.24439819
0.17716371135769177,0.8145739072065526,0.5915182098129128,0.24187848
0.12832714643748055,0.8002506045484632,0.5891154251703302,0.21580966
0.839996111306002,0.9999999999999998,0.11961389299593367,0.028836533
0.194813850108233,0.707831636265923,0.4360333764187482,0.25875652
0.2677383848028607,0.6211113673572556,0.584456496654282,0.37782663
0.09302356698901643,0.7575922839552353,0.3838807274587128,0.18620667
0.15011888833956294,0.8081205791291216,0.5414076741767478,0.19025089
0.5018961517255164,0.8977433166972866,0.6516114467597529,0.2602381
0.2184834086998752,0.7553638910838396,0.8260436843872538,0.35953528
0.5207568686889841,0.8938967903792696,0.4199223284344167,0.17496005
0.44142444382892876,0.8878487901641336,0.867664443648949,0.3305286
0.16748177488340965,0.5150222065563659,0.5919493373084084,0.38225773
0.13371187758908643,0.5808507491215038,0.5741054189140896,0.34035262
0.04128564020703532,0.7214436660836787,0.571356415207878,0.23705769
0.39262109293999103,0.8008833615668789,0.7661315988477916,0.3733467
0.2615298424013073,0.4433481081130458,0.36135978294004706,0.32661787
0.13713202482151038,0.757948439543497,0.5074846860351533,0.24305476
0.12202047041235213,0.7592744385952384,0.6438709601918597,0.26989138
0.0804109616779583,0.7726502419228237,0.5532536110218614,0.22924376
0.00852747460939371,0.7317239640852091,0.572794110055465,0.22176659
0.30656594134362497,0.8653661021300953,0.420802826614868,0.118438534
0.04872941836123801,0.7361892895865171,0.49650734665870777,0.18936242
0.323548459488677,0.7655987479483544,0.042079233180001396,0.07416466
0.26719658677868974,0.8237938414918313,0.46949376570236706,0.17842373
0.23305808982026405,0.7781992424433835,0.5617696287603327,0.25225306
0.1664122455282307,0.780610343796556,0.6330186884048961,0.27602124
0.20417343444669636,0.7084110346788695,0.2367717877622415,0.10764772
0.5955320827303547,0.8626993183367313,0.38938711126456016,0.22730494
0.1235279622257208,0.7453760354568094,0.4870568271449854,0.2282589
0.1603058095011524,0.7847839972869841,0.690469704778283,0.30443186
0.29017976296535414,0.7240620020374117,0.3690839702908983,0.2542882
0.15244474404935654,0.6372778565938918,0.7365402065809205,0.372837
0.18269917439044378,0.7436516684143354,0.369026083262737,0.21702594
0.3362719117523354,0.8416731478195132,0.5174778883599618,0.20645963
0.3691005245920738,0.8685077620556311,0.6797034801977563,0.2737661
0.06327627515270792,0.7731112705572095,0.5789196281832827,0.24747281
0.2851179478419518,0.7939456800959492,0.6531651654150707,0.2874902
0.0633284431930334,0.7333064962855347,0.5430678948153473,0.23496608
0.17065342688220328,0.7336177433865205,0.7238081372074423,0.32101214
0.09527149995629644,0.7508879496220545,0.4688005421300905,0.21150935
0.40026522253276664,0.8855056203211585,0.21217909360357662,0.044496432
0.05559066322245071,0.7713807184185042,0.6301438011745584,0.24883263
0.19571514384602962,0.6750562799048838,0.5974810842911877,0.3245799
0.3436698658632249,0.8759517985888887,0.38908647339368624,0.13269593
0.20520462256980215,0.8030776704567877,0.2795803121961995,0.121128164
0.2583718307693219,0.7713243421191955,0.30171219656135945,0.1527578
0.18451222695598074,0.7676510515710168,0.4976855521810606,0.25212315
0.2609810294417313,0.8326024086678971,0.6785575370736902,0.25952518
0.3000618538669112,0.846739162893185,0.5011200983858138,0.17144772
0.2078592182037886,0.7824461463231397,0.5482825802317849,0.2519879
0.15480337268818972,0.7286338089631241,0.461535906137985,0.2417869
0.05902687850448762,0.7563501103655036,0.5119475941172333,0.22047867
0.24548282988821615,0.6506215740568757,0.6422330180321965,0.3786393
0.2798357165046874,0.49172297622792793,0.6882489656103585,0.4713602
0.08265105231085806,0.7798104171646374,0.5083742318777094,0.20536838
0.214815212832848,0.7952797951108782,0.33302501976788657,0.118518494
0.12150189443870708,0.779998932696463,0.5343972058528758,0.21833944
0.1277101624561582,0.7581910184997251,0.35445199659297544,0.18229668
0.20887793665560214,0.8146843523181395,0.25771772816816635,0.09136382
0.6865843891116135,0.9670951270359688,0.7822799445274975,0.30936992
0.11977698585539974,0.7318449166519182,0.40204573012587974,0.200521
0.22925512101784576,0.6463903134937776,0.6650301746576499,0.37560844
0.35717203141239723,0.8442980750801636,0.74987319687032,0.29094118
0.1462401158124258,0.8171586459719795,0.728035842888313,0.26686153
0.30361408883304214,0.6872242498272307,0.4265646463079027,0.31600574
0.38626711603593983,0.5255307324681432,0.3006220108357096,0.34037298
0.18333272457243685,0.6081655539159176,0.5760168544073656,0.35842174
0.12238177717198687,0.8070442891006878,0.6360112048016661,0.2416163
0.06833096866524868,0.7463727681825579,0.5051270614604224,0.22431026
0.21689461730432777,0.8496540003168168,0.7591674154385812,0.26501483
0.12224847112581004,0.6710055036424576,0.6703387527805511,0.32932457
0.062271563163878635,0.7930731733791435,0.5204677800209917,0.17101261
0.16358214224284884,0.7317049117793296,0.5770710418596057,0.2940327
0.16110846612007407,0.7809436447496674,0.6058575156684408,0.25471365
0.23007196807522726,0.7927976297036046,0.4417802754086064,0.18262345
0.2324495803729907,0.7373784586603872,0.7195876017640895,0.3222936
0.15658623231571023,0.7464422428434327,0.42251951811634103,0.19695416
0.2215508006578194,0.7865248112478079,0.7036894875022344,0.30856907
0.2812866598895894,0.8463588042314869,0.5105106172773539,0.16868415
0.4266489147125605,0.784311881570129,0.72104634509844,0.34907854
0.22803399683812994,0.8345524909688001,0.5518337584165107,0.19377178
0.1553043941848367,0.771803071747233,0.49145476415387135,0.230502
0.07161171274892925,0.7593685133743803,0.5869508632134306,0.2587721
0.5773159204470213,0.9222594464472941,0.6372807096810336,0.2732765
0.5660293160549799,0.9148338985114227,0.6119415737085268,0.25966236
0.42033548033217266,0.891462427583263,0.8964798956988858,0.33708876
0.11740089605445371,0.7262716309893746,0.45934866379320777,0.24107775
0.059979085530399795,0.7079579246680825,0.5151397664715831,0.24262525
0.13777932979643762,0.7585698631441813,0.4204053792340326,0.15722501
0.1645031377208664,0.7368208402542042,0.4339712346468229,0.23212804
0.17167568719734216,0.531288519209708,0.6340513693689748,0.39540827
0.0,0.6818455840588917,0.6418729402026612,0.28007466
0.2389438907004129,0.8300641153468433,0.20952950288034144,0.07675189
0.09090200685601635,0.785198912451334,0.646197093594779,0.26131406
0.1543172366568883,0.7437363818010468,0.4258244458450919,0.20758305
0.22739707356457908,0.7531282375068632,0.46878753883093616,0.2208239
0.3969814300210496,0.5560600518858021,0.9897817840402316,0.5777968
0.36603757732968134,0.5339763512647504,0.4512561086391558,0.3956142
0.09034429358244342,0.7458467114432572,0.628222257769921,0.27787465
0.13091760100136085,0.7974083629896906,0.46743378471614594,0.1836275
0.27348298352882516,0.6836444565473079,0.4793145826891029,0.32408458
0.18683003919842522,0.7501071336086292,0.38897044504760914,0.19769767
0.28146888915497575,0.7185808688119956,0.47490147768537594,0.26423255
0.152898903621494,0.768186780907251,0.4750298778306585,0.21405144
0.09595230279334804,0.7811422526951323,0.5653689054567149,0.22812232
0.14845536387115105,0.6835828037264444,0.42854883648920117,0.25636008
0.4263155596489844,0.8726421262950101,0.39389089259970445,0.16030431
0.1502379086465146,0.8030466660485535,0.45346022320492374,0.17172156
0.10364244009642173,0.8101841977022471,0.47478419537888417,0.1770365
0.4781633797854235,0.8417787631722408,0.639348903897666,0.30641478
0.2538033232050289,0.6159381459422021,0.44964469672052626,0.33072287
0.34704319148346,0.6388402045796138,0.553548190674364,0.3871318
0.19998958190889754,0.5025775178233989,0.7758026591006142,0.46589005
0.2349919554539767,0.82112271706721,0.8058622475504824,0.31925076
0.14863539482959118,0.7929143770485572,0.32256802586933864,0.12701708
0.22851796024449164,0.8215244950507292,0.4690158215490846,0.17852364
0.4468789098834006,0.852762123009039,0.7107749561253512,0.33487117
0.18977735463436513,0.8310513231133553,0.5723848831261977,0.19359834
0.4064395844477271,0.6699428524864539,0.15480169805955374,0.23533447
0.16620567459687374,0.7504611635460895,0.4760726600950791,0.22916664
0.35867815905861355,0.865702703832694,0.6886351028246139,0.30015376
0.09005838031923405,0.7606445046938721,0.545803245650801,0.19003445
0.342734180993539,0.7812579425604778,0.3389025199592396,0.1791335
0.42526891507212616,0.8748382525287688,0.6276834874799908,0.2309526
0.2616583703272688,0.5162936567666437,0.6065331151584459,0.4128279
0.277242307747441,0.8108223110894364,0.6608760527535411,0.2834361
0.2631307666312737,0.5354511033601302,0.47360045940424617,0.35936415
0.2285861427229565,0.76003932575461,0.45056227761116785,0.23557948
0.3615511871503065,0.7905909470875504,0.39826627399343206,0.20354451
0.2549143892057445,0.776189211504528,0.3920964693034834,0.18744497
0.21150602734140944,0.7213123143726637,0.7328301966973985,0.35211927
0.2808603432891863,0.8369734760642622,0.6867020428453751,0.27346376
0.15031608551760253,0.6836257796251727,0.5403006296571546,0.27479425
0.2155627346810929,0.7886287900619874,0.30002613041643167,0.14531712
0.6929341559627585,0.15961245176922811,0.7224681479839996,0.76118046
0.07848103806235346,0.7540523867705866,0.5795463582122179,0.25346655
0.14740447389224143,0.766271871606609,0.379951938592855,0.16149049
0.30243765936620315,0.8394639786606369,0.38146799265043885,0.15217572
0.3983665812839332,0.7555479953575356,0.3214883700514025,0.19884905
0.09576511047045214,0.7132535935138418,0.5087245068221002,0.26386172
0.5821038509405361,0.9297870993398458,0.5320159293553994,0.22035138
0.16736160631388688,0.8206116034970721,0.6879785142500672,0.249958
0.26921265706631825,0.7997622760933434,0.4526514949912355,0.22213706
0.2901100749041907,0.5387698343626475,0.38733949081037056,0.33953628
0.1785718892010959,0.7929467130679965,0.5557363370315876,0.21444601
0.13982491021005006,0.7575015798188944,0.5308707361604271,0.24852417
0.4799334703163926,0.34457198478027506,0.20114501031658188,0.39062977
0.1412068282870081,0.8000741219612916,0.5433341749237813,0.20594692
0.4416697536176749,0.9040615562582764,0.5923828181371268,0.22718544
0.15687456495468727,0.7914165291236002,0.50764528901535,0.21502626
0.4008294804576106,0.9152961892832181,0.6397353669415667,0.21218215
0.18807863826967886,0.8126229267611941,0.517806822792251,0.184004
0.2497146555418224,0.6827149300168832,0.6647494646632238,0.36834514
0.08601031001426915,0.750628882975798,0.5872841767654109,0.27106795
0.11762853946918699,0.7517068526951866,0.5150160130046373,0.23735575
0.34217692564083746,0.5841955628581307,0.8622101236778628,0.50111794
0.1797220009400371,0.6964267458083357,0.7354346774955558,0.35415822
0.09305270710264757,0.7897573919874232,0.5882218450691378,0.22674775
0.1436312899148695,0.7672499974404469,0.5292695388397173,0.23609146
0.3902968372948168,0.8164389042943275,0.44200904077003733,0.21512997
0.2626848406775587,0.4282135688151261,0.6587195115464153,0.4869246
0.08797139639282794,0.7444521566883663,0.5105734974275218,0.25131753
0.3180315958791624,0.764400693559605,0.2846513327951417,0.16814387
0.2498313782506742,0.831969999186518,0.6609265581169746,0.24090418
0.06265718849205557,0.7720984873233112,0.5657798982406803,0.23698422
0.16294417095632596,0.7993433067342351,0.688850937055701,0.273091
0.19748461552933438,0.7368415864339773,0.4351158869583247,0.22540128
0.08295644764245128,0.7483279770975426,0.46755744136423,0.20451073
0.16052278233220868,0.7537897481220991,0.6504975370097388,0.31121546
0.05705832058420271,0.67077552987366,0.5677557556475968,0.27522522
0.28470894177935124,0.7727289005773273,0.4701408314646074,0.2467838
0.21818641662414087,0.8171229942895427,0.1597355879302913,0.03583142
0.08936644525710899,0.6653868716291471,0.4952606356009508,0.25150508
0.32516895423204445,0.6854564428662823,0.7588653620052518,0.39312553
0.2031577035993177,0.6827906128025754,0.5501800233527604,0.28884608
0.3375703197408357,0.8614396869588645,0.39136329611000825,0.13972005
0.19557088943713818,0.8354873876585088,0.47580331516348495,0.15682323
0.14537220715574717,0.6206696677902906,0.6778034740059505,0.3716578
0.1929394824148997,0.8428864344810552,0.6710816064128394,0.2591297
0.17487231687071741,0.7228818644307662,0.28167751091537324,0.1724909
0.05885138981269589,0.7699744044187706,0.5801887107524591,0.24502856
0.18660332197178325,0.6858204124959466,0.703549077225753,0.35191214
0.3318782699325441,0.8646693447188092,0.7293467042297562,0.2967613
0.12598866789370844,0.7010641527337783,0.5895367749545988,0.27861348
0.13411293505138863,0.7910280119301457,0.4010700740321571,0.11634444
0.16065866980541182,0.7824393654798997,0.5054732058057384,0.21941479
0.0696304635934645,0.6835489794412313,0.5389730359194881,0.24299061
0.13212569307831046,0.7408378753202106,0.42420684132861275,0.21925959
0.10323558219191409,0.7515034474044484,0.5137571002262526,0.24383815
0.18399863559448384,0.7342849455606673,0.7390624285129255,0.34269184
0.06414900527489303,0.7959026222394521,0.5154789835498842,0.17646778
0.24675270419944276,0.789870701784384,0.4575043747128633,0.1853352
0.08963032981379329,0.7520422648317113,0.4949746873909099,0.23133242
0.2698858310099024,0.7385171338507804,0.33008375757712916,0.20699574
0.0831826751138425,0.7798329904513118,0.5477582255932232,0.21245621
0.08997762917217153,0.7354069455757087,0.6519580204424495,0.28549188
0.09299068999314572,0.7142835961293639,0.48705573709352773,0.22200513
0.29640756150697084,0.7817434641617675,0.6367484183094787,0.26446468
0.08986989993690248,0.7526950649273598,0.5801838404980371,0.26486316
0.36090724078733816,0.6487190242146924,0.8327493032094655,0.46104813
0.20920306787747744,0.8244372020341226,0.5405938299773123,0.21176864
0.18485306578454536,0.7157796400927128,0.6586035739260044,0.31951934
0.3883863352216806,0.7258248517541336,0.49935435666529493,0.29813826
0.3111598333578207,0.8124901773282462,0.11955850923586481,0.022118762
0.08571687255622301,0.7923328218549152,0.5349154533807572,0.20562981
0.29646611781194876,0.4703939698738828,0.5591408348167547,0.4401343
0.21835853809078362,0.5264819718185407,0.7051932082266323,0.4426484
0.15849797839776214,0.7699029392638581,0.3157349540079728,0.12720802
0.0424206802679197,0.7688760501997993,0.5512574349011169,0.22470982
0.12990584624322404,0.7588914676872833,0.4943952371378466,0.2325622
0.33658144847696236,0.8197221212588551,0.45411860461763265,0.2174836
0.29444367853890396,0.5896148977441745,0.6137759650138241,0.4090277
0.18526047901377724,0.7919536208344807,0.3902688001387653,0.15840207
0.17510863562735016,0.6795391637764909,0.36390034858851017,0.23409532
0.20902236242800895,0.8059556800760207,0.740820070143039,0.28338385
0.22512493307525056,0.8522838759762167,0.36806771958774886,0.107709356
0.07302766475288139,0.7777570553711927,0.5974209633819003,0.23686221
0.2536489186208217,0.7268238716041476,0.4910319925327422,0.26415592
0.11980736722122357,0.6631066316688955,0.450067138824724,0.24735676
0.09925252293937091,0.7756544761606269,0.40384249195668986,0.17447849
0.18249080062170137,0.747630319722762,0.6192127841388438,0.3019756
0.2159902687963371,0.8066824934542656,0.6522522187997686,0.277743
0.3873610622929313,0.5308246818639857,0.7721002936012002,0.5098882
0.17964854268170638,0.783195797165082,0.4149144211271253,0.16983652
0.10179813035402685,0.7668096824508265,0.5111172961548062,0.22812638
0.1386069158944881,0.7820435645111138,0.6101379133082279,0.25343502
0.3849304103717413,0.44889205082629235,0.5772807839152404,0.4817109
0.1505212819179522,0.7573796273535877,0.4809617029442344,0.22043851
0.15693158892915865,0.808874933581748,0.38272954080994503,0.10263028
0.17572131807969082,0.7294606250760369,0.7469546061679213,0.338233
0.093525701433741,0.744452885424822,0.6493950128708377,0.28446412
0.23801277933806234,0.7007993813482709,0.5322165019670914,0.29837644
0.24416480549930059,0.7203868342022361,0.6480045529600297,0.3280511
0.5289027529023607,0.8534688440985854,0.3642483476915518,0.19294809
0.130533560487959,0.8081230377694733,0.574686078880844,0.20842493
0.23916306412701666,0.6358834683984909,0.37773586588083047,0.27890924
0.3723446858968137,0.43312338523119237,0.4231030431501832,0.4329989
0.49454718245782575,0.6309688326330548,0.5289604237236535,0.38687253
0.07043860404132374,0.5827411526416297,0.5805002058379298,0.31716156
0.32138685990499427,0.8327178666945702,0.6900472064239802,0.24614239
0.2907710590412541,0.4662066118309415,0.4488860522901395,0.37587056
0.13200098935171237,0.7732339527136124,0.5969689924194274,0.2680399
0.11827745470075318,0.7006978032158012,0.30512787628321225,0.1618757
0.19750253741035742,0.821238450488972,0.4622981542474871,0.15796724
0.14797466366232215,0.8404211173233299,0.4509551024589138,0.122377686
0.05466868127093141,0.7537202826192476,0.5878226877667891,0.25170603
0.15847167039420118,0.7737475573057999,0.6312503015168917,0.2776898
0.3146874479236678,0.8531498142779645,0.4731206328172966,0.19565105
0.2524895814481093,0.7671009717440931,0.6621377947745453,0.2869773
0.20566929979678847,0.7975218607313719,0.5040856790814957,0.20620458
0.3712907329784065,0.731853134245228,0.7379587771677896,0.38232914
0.21564032242984396,0.804551543569345,0.7557385244086806,0.3266335
0.23467053352337255,0.59281042921722,0.8912422058268115,0.47478914
0.3833158428449308,0.38885961946540815,0.23190470309575995,0.32538027
0.12793602166460843,0.7584656283177061,0.45628127676672037,0.20586495
0.5912356061710624,0.8938442740968529,0.6545551728947028,0.31375703
0.11697179378835378,0.7560246172178178,0.4820071913604539,0.2158591
0.4185333803505674,0.6446765642371195,0.19610800114352445,0.272896
0.15117469160529562,0.7832105108439553,0.46376843359347353,0.15899506
0.4131840312138622,0.8057301061655526,0.5052830760949236,0.27329355
0.16648324310182527,0.7296765726616254,0.2490033345286759,0.12045242
0.24568270310180662,0.5723440654910356,0.4015982659900965,0.31873924
0.07462914465140658,0.7420439811099492,0.601343212429884,0.26894426
0.280286225617573,0.784840464114463,0.43073032371420195,0.21323511
0.23970187873029491,0.804735636509964,0.5225667714422378,0.22262748
0.10790456318094913,0.7779576621323557,0.6375198707422998,0.26693344
0.3438305883855906,0.5554890705841924,0.5973490461872468,0.4278575
0.11345144769245293,0.6909421496405523,0.4780422363703841,0.2728398
0.4023191368693401,0.835437790411371,0.5335945316960824,0.2569768
0.321642762713642,0.689808971805276,0.1494789337587295,0.15426123
0.2531931353346033,0.8545580952076064,0.4707379714431466,0.14045435
0.07560203660504011,0.7887015765577816,0.5255607832484654,0.2116476
0.051579916184788605,0.6768987594322456,0.6019120688378382,0.28585622
0.26771490434809864,0.8451937475849414,0.6923296962664345,0.2975119
0.14857427137564375,0.7056645257549912,0.401025610476706,0.24106534
0.5210270171152861,0.9280595874847781,0.7002914011826749,0.24397618
0.1742509580655731,0.7615410994423532,0.49745594642960783,0.24006963
0.2280089270366618,0.7684593400770549,0.6394280909632017,0.30177173
0.2049859571918295,0.8336135338432139,0.49351397096816846,0.17387307
0.390613627640373,0.8678181886096065,0.6141058069421506,0.23322694
0.20891320700633106,0.8412160668946015,0.7653550534848332,0.28348157
0.17868122845517992,0.7772577228589536,0.555228313033234,0.24532168
0.24854163137587892,0.8109057230877683,0.7697114006639181,0.3106492
0.3213685035204574,0.3883539197313016,0.5957013844301898,0.49430126
0.4525966731469099,0.8420341988560441,0.7817612663718841,0.35823512
0.10391869001205055,0.8172787583436436,0.38877233196280403,0.10986841
0.20951125198973725,0.7417241408610672,0.39125374646526245,0.18318035
0.34720135125970547,0.8405595269311852,0.7108317392060164,0.30439168
0.5107391739117058,0.9232547151901803,0.7250511405295176,0.2802987
0.08839541910274973,0.7447752647247244,0.4852104306608654,0.21567577
0.08607658719557193,0.7696986445010203,0.5187524232889285,0.20352483
0.3577615667099009,0.6404701190811131,0.4157295206254654,0.33597904
0.2600984662087301,0.8118359509883609,0.595381200958952,0.25033763
0.18752239529569423,0.7906732337250318,0.32031387334559974,0.14271565
0.3470322583341955,0.7803581681594357,0.45230425504033106,0.20933856
0.1609932904845357,0.7322895610788867,0.666310174581296,0.30522618
0.2978130125369779,0.8358694666230977,0.4827710162612685,0.2159738
0.03383035758461381,0.7940000729072659,0.4432490500374328,0.1309613
0.2667411604430979,0.7788183296046876,0.4351886478361735,0.21907842
0.4260030250783413,0.8689731743468564,0.7582709530645925,0.33255094
0.22744226327389522,0.7809921922071843,0.7741473841822873,0.35054523
0.1330640955655143,0.7594961499905097,0.6470314839321505,0.27505058
0.37332871341060536,0.8106109287761546,0.4289824691168114,0.21027464
0.15182834880109297,0.7894809960804834,0.6277394760620861,0.24548192
0.12829898406312845,0.6798857605571961,0.47667078056586126,0.23257354
0.2205595762828686,0.7933611925933107,0.27654644891452207,0.10782847
0.18197118829867176,0.8201355618330397,0.667030424051928,0.2889436
0.14929484565940632,0.5772499978140148,0.6301821943259833,0.37351683
0.6451102197918335,0.8875315472710581,0.42736957991130897,0.23826505
0.24330829350161653,0.8515809857948377,0.33152138696801037,0.1258091
0.30739549688216905,0.7074160912535505,0.8837477492694952,0.43633264
0.22373875327949422,0.7570443715193941,0.4240999898024309,0.21185918
0.4004348697215308,0.872133746040328,0.647980218766605,0.27544588
0.24692952063570123,0.8286527790115245,0.6477730596610038,0.2433873
0.1778684511962984,0.7915998441713434,0.5285492653355883,0.23402509
0.4616214535442267,0.8877720097744208,0.682802685149712,0.2898826
0.7185299256152391,0.9605818017676003,0.6102677571696903,0.26472947
0.25646622222969845,0.8247586466804468,0.5055193835812657,0.17939276
0.3152869283512806,0.8309966591321124,0.5908636358950511,0.21455954
0.055597913765237844,0.6874709513338602,0.5358173465913505,0.2482945
0.11667910738679686,0.7834339505889523,0.5858610867772779,0.23980416
0.041848542723737836,0.6724393525751312,0.6276861711095731,0.2896222
0.2329788375042258,0.7081119152427904,0.5761117663934117,0.328276
0.7749416147149439,0.9807236421610956,0.7917179196846778,0.3069123
0.268517156886982,0.7790734770868197,0.4097175888727682,0.19663636
0.17933364842649535,0.8134932152747839,0.6777757601126542,0.2732333
0.10204316996115344,0.7879576820003533,0.6022611280046914,0.23626609
0.06874889555761124,0.7502775692020779,0.5956507337029642,0.26896113
0.3678856625163618,0.840177945337082,0.5535348101296609,0.24230237
0.25791221234431755,0.46546634691559624,0.4799208285927642,0.3914828
0.0655217018724844,0.7263240189733502,0.4278466993339378,0.17483589
0.17645181380662311,0.7304369664846521,0.5521470707508029,0.2843132
0.07995575519189424,0.7929611268065089,0.43979453945208463,0.18215406
0.11258869479104758,0.7966480808873275,0.42044303457204807,0.16948384
0.11820336454241061,0.6493389228372217,0.6041533306439942,0.31357694
0.10266656331205845,0.7577410337455533,0.4822893122018429,0.21446887
0.23498268654779125,0.7465635924776027,0.3068028242953157,0.15555719
0.2754154019161553,0.5160984092666363,0.3294315229259453,0.2903064
0.10569096604747576,0.7700182993480152,0.49187585904865033,0.21367697
0.24218212236330403,0.6815972849424375,0.584007569000576,0.31149915
0.196549135328569,0.5257121600574577,0.7735230612269621,0.46320838
0.31880861193614074,0.8769134656933003,0.5646661918528674,0.2073957
0.12795800188302914,0.826818911336496,0.48169369250525185,0.14280525
0.13068565317217704,0.7010744866066745,0.5402269506667097,0.2696156
0.23052608759373702,0.7786358921506897,0.6679632899972459,0.30033153
0.2823039561496611,0.8572965665505973,0.7387529522819778,0.2791085
0.22130188721973354,0.7561936483353208,0.511863342115247,0.24784188
0.124417403490183,0.7528290229337045,0.7389802753549105,0.31505707
0.3062006821523,0.5840948324347318,0.49091400427120896,0.37466633
0.16698374207478384,0.7687161596859284,0.6140177599628696,0.27933913
0.13444035996325082,0.6090927239881521,0.5621247977436351,0.29587275
0.20503045349977164,0.7225979150228582,0.8090935194931277,0.3734122
0.24117314031223175,0.7742789046639578,0.6584165343347554,0.284954
0.1570690538200701,0.7419910366256827,0.4374031090146066,0.23364516
0.1813269851010917,0.7817096190687447,0.38051669886600714,0.16593853
0.08275866808569826,0.7981938060222162,0.4827370731769967,0.16794291
0.15442910226875428,0.7123859626417929,0.3224458876533139,0.20096599
0.30982208491161306,0.8333262617176008,0.5582046101570733,0.21718684
0.34845360273625964,0.8733233628285494,0.7435290314964612,0.2914274
0.35558026723086666,0.8353724414054586,0.30435721231906165,0.12770447
0.2354297061872562,0.6965854704817189,0.1099623018519621,0.09860675
0.15577844454345216,0.7542082073602707,0.4404454563898209,0.20207189
0.1308560511117724,0.6957655555649239,0.531569003337505,0.26707995
0.15102378144007722,0.7788754259949523,0.7207554065852362,0.32629633
0.059124326515053116,0.75637151202008,0.4814833210894181,0.22330159
0.16607646140082735,0.8035129010051281,0.5476359097302684,0.21186875
0.02122186911631818,0.611072811773579,0.6381897288142033,0.31303358
0.14323727391253122,0.7455123835179219,0.4808781451115402,0.22185722
0.042423971309167946,0.7526155083012366,0.571645887785896,0.2507191
0.09982931801793714,0.7484504577108053,0.5365095892933008,0.24706468
0.48260223232329186,0.744884513352621,0.028104839509526358,0.087276325
0.1881746729431269,0.7875546128529359,0.29986990562621785,0.1220029
0.08329129097298024,0.7409822848559696,0.6291080078982296,0.26949954
0.5419294581365859,0.8439534495961499,0.0,0.025601104
0.24605460961202608,0.8532391020697633,0.3663861143408539,0.095414035
0.2515906974382784,0.6037746027145774,0.34818624177539603,0.2851152
0.2064555529546881,0.7246312458229847,0.40912641784932746,0.2320907
0.4154076279222922,0.4026903196332921,0.6727622717789612,0.5669747
0.050254839183625805,0.796468929510874,0.4104713253209159,0.12534156
0.08786441105167256,0.7997260856871417,0.533488202202407,0.20257068
0.16254813159969342,0.7765042382150695,0.5327955587805785,0.24165763
0.22417816296523838,0.8602976720084107,0.456042493493124,0.13752557
0.07577395745795032,0.714249248676802,0.5530288018811017,0.24667326
0.12373874726442202,0.7563691022210849,0.4668879824416557,0.21398155
0.20608872102985676,0.7682272158750293,0.6506109009099639,0.31970534
0.17106980989854764,0.7639398970567681,0.49201895219643954,0.23842202
0.32767501085773365,0.4482426622568479,0.41847918222049413,0.3885153
0.27566700571126507,0.8681318279491423,0.5422995872335029,0.18800306
0.11887271904252208,0.8037655898122091,0.3039288579468089,0.11026643
0.06881582781373166,0.7930537986394814,0.4042180535655535,0.15301666
0.47509710382683523,0.9102438855501322,0.6819312401616097,0.2593952
0.2473677165830695,0.8127886792221874,0.6312315847822827,0.265458
0.11106859401217116,0.6556765730103696,0.7030302463474218,0.3339943
0.08337448148621518,0.7473645846025816,0.47642915944486897,0.21029742
0.2255395479466445,0.6349660160598739,0.5114535881599385,0.33082962
0.08805548994855061,0.777201053380628,0.5171211167671795,0.20884658
0.330504710676847,0.8378490342935081,0.7037906233139426,0.30682334
0.17712614132456128,0.7814624768737167,0.4649571230736923,0.20871557
0.3592532797523499,0.5828251672326817,0.339059257652939,0.32252097
0.3944510898966226,0.39534156474277365,0.7007890775204156,0.5589834
0.3214990130237804,0.8088047619170493,0.3363271005876828,0.14095522
0.04700305430666918,0.7583480716769072,0.5274339392241091,0.22927721
0.10707745934699822,0.7549609658050999,0.6183295293630194,0.27245766
0.17772312662989725,0.7535670782862078,0.645341348535953,0.29378417
0.07485176723037248,0.7721276449782409,0.5802224343662236,0.24889636
0.3338758570923906,0.8761031040718719,0.4548872641096322,0.15358283
0.2247122473889962,0.81654316816346,0.5431825137784312,0.21983127
0.26293570703827407,0.8115831886312216,0.48537075351242037,0.21314296
0.3993985456742263,0.8479377837480252,0.12605900146982224,0.0
0.2645064585679308,0.6163750993112564,0.6195759360218007,0.37935436
0.12904747088940932,0.7543410225308133,0.685745546746684,0.30989894
0.35083820903434765,0.5296002656491988,0.47640887665157905,0.39972234
0.25222652269530177,0.8561130690066023,0.7311447789786804,0.279626
0.3879593224542843,0.8877724119891328,0.5984581885747524,0.2211732
0.12070362995265194,0.691994439874336,0.6917378046347408,0.3400017
0.3598452044629955,0.4671881991652972,0.8084536439429006,0.5306943
0.18981827537298018,0.8580200695199024,0.7066644438693288,0.225978
0.16681596671490567,0.6839577644616659,0.4395513765502269,0.28207403
0.17790896931735015,0.7475752062928821,0.7295160747679136,0.34775633
0.41426939643038774,0.8648749677159571,0.2811559880747522,0.064587116
0.12356716456808492,0.7693994681622205,0.5795112275275294,0.25687605
0.9622845360340484,0.0,0.8858783582560174,0.99999994
0.35305098648212996,0.6901823104839404,0.5803451217064669,0.34565574
0.28487024772692376,0.7077878488573051,0.3311440832978456,0.24786533
0.06568564292349938,0.7623513858525072,0.5545482500244817,0.23660436
0.17975474204419525,0.7927124784318178,0.4475701041211507,0.17329665
0.21746187034534137,0.7169259281067455,0.5271653109316091,0.26723126
0.25415144068720186,0.8199091047337821,0.5501804666983546,0.20072605
0.2163236867065607,0.6781983188222173,0.7116025299015543,0.36679804
0.10446012493827186,0.7640775791684803,0.5238645426098958,0.19250181
0.08218081262760901,0.7186600183706252,0.6186302822325542,0.27817348
0.17282576158929128,0.7283676690965268,0.4087626659774152,0.23314571
0.38577829982820344,0.8142065501449958,0.42045020857451587,0.24272546
0.05923811463627002,0.7720033092055498,0.4589354160618248,0.19510287
0.35744514898202967,0.8329038601717789,0.5463604096566854,0.2303073
0.17288488305576535,0.7692008130258315,0.5969016577419742,0.2932008
0.21255353794865653,0.5013045381687846,0.6626607940652882,0.4280319
0.2130197454494521,0.7917387877600224,0.6187233020813299,0.27878973
0.13517105298744636,0.7836264230965752,0.5546491678761499,0.23578534
0.41703693003372283,0.6326983064191374,0.3120524713375967,0.323466
0.06442103478106326,0.7127516849591186,0.520747897050152,0.2113824
0.6493179287073951,0.8248501805684207,0.22392255853812437,0.17800038
0.08975759176617204,0.7885390659146387,0.5104283916759478,0.20674519
0.5281887678582629,0.6344715836641519,0.4281395719362202,0.3922568
0.19306126519469047,0.8075350577610778,0.4388135102824509,0.16572168
0.23815612392296057,0.7970676209388008,0.49722778504376786,0.22675592
0.15497507153230083,0.7614301499235862,0.5255323883254267,0.24036148
0.33551496370811634,0.8036364020192323,0.9464712339561367,0.40327185
0.14553735151074676,0.7401165593077066,0.6198139218558713,0.27974936
0.29959554558380674,0.8178935059131817,0.7307260458989553,0.3204634
0.10463061713166295,0.7846842507921005,0.5939959820242959,0.25677693
0.45693372353089584,0.8157283551864997,0.6477121924227653,0.33559674
0.02015756103010924,0.7078034920253019,0.6334251313479227,0.27380827
0.3693917853991603,0.4002845826097567,0.4404461752013392,0.44737434
0.48550675521979475,0.7321804764405747,0.8110415458788276,0.41943234
0.19447969577467186,0.838347658117406,0.467652364721449,0.1387515
0.19019888159967008,0.8096439183894368,0.5857573123293153,0.23667994
0.28978296384203317,0.8331634027652551,0.5888958519925609,0.24870902
0.5289806607321599,0.9172425167114308,0.437646848254967,0.14954162
0.050457505599267566,0.8093657363405238,0.624687232710673,0.19878677
0.212549916882291,0.8162948354555247,0.5869069602847269,0.2548165
0.3240237956091778,0.7612354726301699,0.8360440303250027,0.40970433
0.18949679339949033,0.829690660844548,0.5592933995025763,0.20759502
0.2363512942451399,0.6057055111928504,0.6459459240323977,0.38407266
0.08575283491784921,0.7816344738996082,0.427701171392578,0.15800518
0.2958776377816228,0.7924322612780541,0.4512189197327212,0.20826775
0.04647114036763375,0.7584856817241256,0.6317626705940224,0.26116312
0.2365575258660089,0.8076077112008616,0.38293835752834626,0.16319622
0.05582751765106375,0.7549533269101261,0.5178975316509872,0.21609986
0.18801539388387278,0.8001944465342008,0.5521546733303487,0.20864081
0.1811213717339121,0.8225263361670815,0.4361144264346436,0.1711722
0.28239583790108325,0.664949353920327,0.35218316001677796,0.24862134
0.18966741558922673,0.7566155269681909,0.7509654717145154,0.34753942
0.14248663069358342,0.8369168612237872,0.6359893524815876,0.20719266
0.1789120867052896,0.5543028732420994,0.6844725740697502,0.40322623
0.3750173123192374,0.7927287825292076,0.6370781793054217,0.3106392
0.11421321717780906,0.5850354404018859,0.5692222484495024,0.32241094
0.09268825544075202,0.7764404970044305,0.5531374032485207,0.24226573
0.47124126600587385,0.885777844090596,0.30333909136641024,0.09296936
0.14910734881401877,0.7870233080136708,0.5304152404855477,0.24036169
0.19749551717441322,0.5717309377488116,0.7293103251394845,0.42641252
0.06775807998862654,0.6745859959152991,0.49477445920970037,0.25558007
0.1238908851928418,0.7580407457614927,0.4382927567614663,0.19609998
0.10234624788914579,0.6135452776866747,0.6892081772803347,0.35752225
0.11304744561784531,0.7305613197869234,0.4715070229128523,0.24751568
0.21044154619318536,0.8271282432786954,0.7063384130284134,0.28993818
0.09381837745758603,0.6508661792357685,0.5485822090142475,0.30263704
0.38849693473757757,0.6538989971463981,0.3245342823241961,0.30307123
0.2753729733794877,0.7825759217564167,0.3763451701100957,0.16872865
0.27124011300780054,0.7591622503644584,0.4808267615642432,0.24577355
0.108741815895519,0.8074011030307037,0.6725623125340837,0.2501034
0.10806456420727868,0.7570454103184571,0.5082705653977718,0.2304382
0.13911543588920713,0.8091954528369795,0.4101332254017198,0.13374907
0.1106963032917776,0.7721076085684541,0.6108152091469987,0.26523662
0.46658335883793867,0.33673412471434766,0.45092765961194237,0.5172985
0.49202162920327364,0.655354931385187,0.3005462698573426,0.3070468
0.0760186766435628,0.777611442315754,0.5166445612578474,0.20108764
0.05650765761340454,0.7588182572282567,0.5641596607526856,0.23079664
0.07236747407815788,0.7542689824786067,0.5435044894230161,0.24103369
0.078219926783411,0.7928034517114582,0.5820009932182826,0.20907533
0.33234189017905547,0.5063147046315652,0.1940729195914357,0.2508951
0.3250449868186635,0.6625058565564739,0.6768716255292053,0.39534914
0.17984739376100045,0.6611844676906795,0.7069735601918353,0.3539785
0.1587055247841072,0.8039523755597663,0.7150585763283931,0.30373776
0.2014643389942089,0.7298789494011253,0.382150999432232,0.20248075
0.17975909644374055,0.678570383664776,0.7663250903165544,0.38459998
0.10274056071168551,0.7518129846241655,0.6841456244013853,0.31142536
0.21182199306197944,0.6335824187608228,0.6276108206405455,0.36576927
0.08396207686018459,0.6673162255193508,0.5809162902237786,0.2771691
0.16511402016602167,0.7164100253054975,0.5654874745377931,0.27840286
0.286073741977396,0.8147860181647895,0.6230957706227206,0.3068955
0.21369530548728424,0.7049129384457127,0.9078022038446096,0.395067
0.6153864591989591,0.8129089226999366,0.4763353244510953,0.2762851
0.19166139103368596,0.7229513399303297,0.36566139946652204,0.22137871
0.32392683578187137,0.8111889900860876,0.4207324482318686,0.16358024
0.1730486040132998,0.8051897768622963,0.44116279108356965,0.15864325
0.5658647478290952,0.3837288853027568,0.4740563116080107,0.53835016
0.144201154366103,0.79205129340119,0.6729054348423449,0.26907486
0.05262066966282944,0.7518138572807798,0.6001493161999008,0.25616282
0.3623577662719849,0.6803991081327012,0.5887125533134728,0.3678248
0.08999471576157736,0.6169306459769057,0.5193320711541105,0.2861159
0.1888127268836966,0.7388804795513737,0.43350656307104596,0.21778399
0.2355315305198613,0.8205751780493877,0.6692120250363733,0.27215272
0.15482995985563028,0.780833420969817,0.6817821382793048,0.25855848
0.1317879465520932,0.7920381334290213,0.597253869397733,0.25224307
0.13509491674629606,0.6978175893902188,0.7010567860963721,0.33324456
0.11773847085851849,0.7005852310845601,0.6222339981773461,0.30418098
0.14359111096798904,0.7960783351232804,0.6675744000854381,0.2771246
0.5877539288720544,0.9477590848540784,0.7023339852164965,0.26156607
0.3258839139470306,0.6887029395856124,0.5453077559878527,0.31783125
0.14162197886199102,0.6091499397245153,0.5840452211715356,0.32940575
0.07571268775619602,0.751845057845441,0.6281983777692941,0.28124028
0.17636373091634525,0.558739608556889,0.4458243666094031,0.30284724
0.2316752515713636,0.5012784484826406,0.49566176729282097,0.37753534
0.10563799315966452,0.7111518470262924,0.4815647674467267,0.25016785
0.4090304393598726,0.8804342196895614,0.739777674464137,0.2812246
0.32325751788386126,0.8346859513516529,0.6545691024140576,0.27803028
0.11463657422082352,0.7675642837660689,0.48430488891790463,0.2009516
0.14231689142651482,0.7994341206322093,0.45170019915051174,0.13101174
0.07210694424878955,0.7667635768045211,0.5791721807579053,0.25135294
0.08485042537259652,0.6836180076595032,0.5297585388477716,0.28011602
0.04282380328904051,0.7559535163664505,0.5217522148634333,0.21539795
0.33628805235676196,0.8371616060226097,0.6309460612059392,0.26161686
0.19646176052382647,0.8087722333554984,0.6150505887480029,0.26574525
0.3574165170924141,0.779370820841712,0.5131435249342586,0.23612785
0.058292319988818925,0.7655470739881733,0.5807540578052701,0.21843092
0.20845899180033373,0.7706595311904395,0.40498240639104655,0.20336656
0.07434505647241799,0.749963284166128,0.5253476603726323,0.2279278
0.10809802625502125,0.7887197501136002,0.5358463891024201,0.21911216
0.19421598461994363,0.8062397744271912,0.5631745776520353,0.22858684
0.19988327430744346,0.7863656924773994,0.6742768271748081,0.28874302
0.48208204228579016,0.7987045952913264,0.05772863019074498,0.09949338
0.16070708099924336,0.8309721779623435,0.3051624942445268,0.06165065
0.35871006644777365,0.8553255116577181,0.588662666607619,0.23951831
0.29321984201377604,0.8136130874395602,0.5353884658234771,0.22795984
0.1861521893921379,0.6879021327408575,0.7955485117954331,0.39078444
0.22143620008174086,0.8294811198022235,0.6453843725915006,0.25023285
0.239850911268139,0.8498495309079903,0.284907751430263,0.08434335
0.3096603065320088,0.6521786643132306,0.20555116827007558,0.20346943
0.14329839082161427,0.7910028971520867,0.5462057687373036,0.21658082
0.25947816013723957,0.7537155902701989,0.3551776142622985,0.19437179
0.09326112173438209,0.5310993719849441,0.7126088156075536,0.40187037
0.09585863362854605,0.5881236198377281,0.5567865242860571,0.2930229
0.14456012362066445,0.7397144145554431,0.539973111874423,0.2510194
0.41217582071063674,0.8785436343784496,0.6875579216319838,0.3005793
0.21941599875811324,0.8222015331900145,0.6151163806205248,0.25077635
0.35854952979459975,0.5125278375574018,0.5350118559899404,0.43904752
0.25284728529315886,0.43817178296679443,0.7026472258173172,0.49378335
0.35438622937004205,0.5078693127134283,0.5631349160563641,0.43526763
0.1611919816159087,0.7850253267815025,0.5340154487653376,0.20890385
0.17997885488252463,0.7499656273173534,0.33473896368614947,0.15364525
0.18669746782249974,0.7122459967624686,0.448731642866147,0.27530432
0.5081478078310113,0.34196319625912597,0.4484162781920095,0.52627873
0.0934330683661265,0.7820247817594524,0.4766049341369279,0.19677354
0.10967846112666463,0.71671036114391,0.6684715809961166,0.31036207
0.19486406475851745,0.7806151381544494,0.5589624026687833,0.24480225
0.37732199788909004,0.8541165312563269,0.15654232678927832,0.01608187
0.08966346856932592,0.7580241023007965,0.4182706005821374,0.17323706
0.20922366914119392,0.7803637015886636,0.6507975149593483,0.29022038
0.11456225523752718,0.7269009047653071,0.6197390446672226,0.29155296
0.16854928239487132,0.8227912911049515,0.6548902680904167,0.27490202
0.22087850061411457,0.5703921020960263,0.8731201186317195,0.48539978
0.25032647962961496,0.8285330382909053,0.32619457189261825,0.085803
0.30829626528846343,0.8033775738234114,0.5420569671561944,0.25080174
0.11031598250014352,0.7710658766857658,0.5090598347168914,0.21385549
0.17274656918899822,0.7902603029206897,0.5050415345679584,0.22357649
0.4806553239993057,0.8410225827472745,0.5123805645570247,0.258155
0.2974776856106843,0.8052224461254994,0.6845517353405193,0.29251903
0.18613103756140603,0.80304209803691,0.6040451468047408,0.23674197
0.26419489091703585,0.6306145763995158,0.38146756840360574,0.26097906
0.20311946148832422,0.710145137034939,0.31013479899602026,0.21060069
0.1836099441602957,0.6549138467973645,0.6113558235212169,0.34406275
0.21640994261546584,0.7635335837971224,0.5198171277810656,0.23746589
0.24974647600142863,0.8302359066301265,0.5702048887447629,0.23273203
0.08202982102408485,0.793977523199816,0.3629491817178949,0.13447906
0.3019210240957936,0.8494753832399162,0.595121591708933,0.21086298
0.3833791290131937,0.8878542954819376,0.5233428302083898,0.18793109
0.06072563767072575,0.7590299937228315,0.45513157887446926,0.19808683
0.34759066228597435,0.7307890786264768,0.18988787098875748,0.14869255
0.10918151348308905,0.7929677316945658,0.7019436839534778,0.2657034
0.47870696604035395,0.8709336958859881,0.6766450359055793,0.3171199
0.14972468396759747,0.806661819649523,0.49886494013780247,0.16901115
0.2796575772476344,0.8355197355029224,0.5523068335774739,0.20716852
0.46834161796375395,0.5461212918472222,0.10983423638287615,0.27956524
0.2606208583138415,0.644592846373634,0.47801869339978414,0.3182922
0.09854486623793968,0.6415158934884233,0.5576219750755236,0.30204695
0.05328296034935351,0.6792167120182311,0.5429545090898509,0.25374496
0.3672886347853128,0.8242181036939225,0.4972991066403548,0.2201945
0.34408528681201217,0.5358168109289123,0.32742396695650966,0.32869607
0.18879606956489733,0.6913560684016758,0.6014958036350175,0.32184306
0.2548161998847549,0.7623408463552194,0.3880561729239662,0.20606795
0.39806917858419816,0.43912457356625834,0.4985781777981786,0.46655172
0.1512249030301743,0.7911770051361231,0.618828848966851,0.24100451
0.3058324365362515,0.8602994307299328,0.48087317270040497,0.16415285
0.20372077379525103,0.7901739421014176,0.3527670172822228,0.13900259
0.36679199177278954,0.6416383361690505,0.42998886585159873,0.2553156
0.3760826673280149,0.7853116455882074,0.5611664873800103,0.25796396
0.23533639107201954,0.6994791042537677,0.34966755785181425,0.20504294
0.48969414885855633,0.850741308212298,0.773465903163593,0.3600319
0.167824943486676,0.8190836480397602,0.3830702459596726,0.11043918
0.10698989366359142,0.7512812432111642,0.45738453489715936,0.2106357
0.20678725672835846,0.7599292511192431,0.6825204986542474,0.3143471
0.0914108508080764,0.7556261238996266,0.5112717409383569,0.23727162
0.3338813119430342,0.51172137721395,0.4476373841588814,0.40134236
0.25438945305676963,0.8403812494268452,0.2566894390983878,0.10397299
0.20618955491704222,0.7726598255727636,0.5246091446034048,0.2471541
0.12199622095399047,0.8124387756681832,0.6452343573056212,0.23303565
0.15188081230487568,0.7466869410360085,0.4179656954361568,0.21638906
0.14254402708262012,0.8048605012243979,0.7071434050918948,0.27654344
0.30754510087313663,0.728444857311382,0.6384115592285224,0.3133609
0.1124871219010913,0.7466557193957241,0.616855146147209,0.27982622
0.3186705064416637,0.8347778644142982,0.8332057468709854,0.31978232
0.12201642970779489,0.7099685902857173,0.4920486466125008,0.23889194
0.10076630628439132,0.7835555553066585,0.5659494865703556,0.21877922
0.28889055172050043,0.4942752051767743,0.5910477833875096,0.4283907
0.30835265570303383,0.7640878330749992,0.1810508356674551,0.12177205
0.1295202605067412,0.6946359901025084,0.6280454245268272,0.30139703
0.2165762272452345,0.8278395914308361,0.6174082337956477,0.23032206
0.17243908251698323,0.7396784087140376,0.3899707989398759,0.19449943
0.24225643939007585,0.7649837952902432,0.40528232075354864,0.20207202
0.13120724206768003,0.7200422298741106,0.45776063703596354,0.24875528
0.10421132077562176,0.7365965087030485,0.5222572121253972,0.25694117
0.13771239935763818,0.7319635043243353,0.4310837131789246,0.23453578
0.34297848354814653,0.8224820566892057,0.4389840862195768,0.17017025
0.7034382392401355,0.9453171359556425,0.5191043561177818,0.2562034
0.21878006390321864,0.7739154378218949,0.307696386527718,0.11775664
0.06507726041292622,0.7524258851662753,0.5556536262218793,0.2423362
0.5186284395923317,0.9337210588314215,0.4093778443731246,0.13194847
0.5333076333322357,0.8900480711916692,0.7810050726400134,0.36116618
0.3524952958690444,0.38482379379056814,0.6359989852854728,0.5259295
0.2247354336800291,0.7461143828493133,0.7909350647513683,0.360453
0.0887901937516189,0.7696651948262416,0.5697244175437995,0.23569205
0.12202068988810669,0.7354191404027997,0.5626231420300466,0.25163677
0.1312073934668626,0.7578411553274692,0.5200999877374527,0.23783748
0.36349999500341806,0.8172521513306429,0.37424676851783034,0.19191818
0.419734346431339,0.6698213330593747,0.36624799434852107,0.32584226
0.17334727265566635,0.7644697011404206,0.4640297693071897,0.22180325
0.32949405502751455,0.4984303712358782,0.4724369264048902,0.41705954
0.3737463311608271,0.8953384763200185,0.5041839087262681,0.1741977
0.06087851226039037,0.7692607769228178,0.5625834557865469,0.23194563
0.331172840758725,0.882959563246593,0.2130599940596994,0.024491414
0.17139191973228834,0.7258438087499619,0.6306581421522931,0.29618925
0.35358902180422336,0.8282735033199339,0.7624565441287421,0.33629715
0.11095841129562481,0.7747312441563734,0.5362829856690408,0.22485632
0.2001460561829661,0.7555354973297885,0.5506352433169437,0.26237592
0.18772844681660245,0.7652736154685945,0.6828090722745419,0.29223347
0.20821918215951934,0.8135939503540168,0.26588761941618705,0.085402496
0.4205259731643701,0.9168219486601639,0.5803900826169996,0.18082596
0.1612578846599524,0.7831869056949428,0.4390085360468379,0.17042828
0.07409289596983903,0.753802802575306,0.5657334986081105,0.2502551
0.06522142715490126,0.761681892089309,0.5086020937870799,0.22994192
0.10079692938899483,0.7475395887670608,0.5192509859289084,0.24754147
0.1737233240841799,0.8022452054500148,0.5561927092919038,0.23645683
0.14635109937547308,0.6161735684477391,0.47761962927863055,0.26736635
0.08970634058244409,0.7496217420254372,0.5958898938511908,0.25858244
0.09344438732004157,0.627049771412663,0.5329882384129785,0.29570982
0.22352398194440937,0.777811098514501,0.3666175919697661,0.17743261
0.11481306087579203,0.6746670322130293,0.4614343065456148,0.23946202
0.19947652538899388,0.8069832079775272,0.6774275131023256,0.28424495
0.10412734255225348,0.7498321812662162,0.645819889949744,0.30137497
0.1330323019080531,0.7447347846350392,0.7241609096891822,0.33282584
0.09409075482750079,0.777058645058732,0.6332251873657532,0.25944063
0.46011535586823293,0.8644671514477302,0.5872967358320558,0.26213187
0.13896109195320577,0.7561536315308902,0.44181470447035326,0.20331368
0.06265619971066935,0.7587720958384793,0.5329211343506008,0.23113701
0.14738473308498762,0.7949242461531534,0.7181862410360553,0.29919815
0.3159486730176643,0.7002024683320587,0.3931824468735189,0.28166762
0.37454288071088154,0.731832673983,0.5842997881377345,0.32481462
0.13085013245711913,0.7621410846238412,0.43325067232632763,0.20985661
0.10899913429716324,0.7550437704476977,0.6312143215418481,0.28063786
0.16065496815627983,0.5641257890706922,0.5201222534765669,0.33179662
0.19856936490866856,0.7448652563641979,0.5883202465131004,0.28942728
0.13953696940154658,0.7141565446619861,0.3991047554917393,0.22207576
0.12618896587025374,0.602422646025436,0.5250723723169112,0.30728877
0.17261965346859143,0.8044854579888688,0.5806985602509529,0.23113337
0.2262022677959632,0.789910555466923,0.5091337422472227,0.23993284
0.27680324324675465,0.7505686626199246,0.2646652687560473,0.14686078
0.18381238223352175,0.8230954178551241,0.6461129117155625,0.2340067
0.07173420725383303,0.7596880029765611,0.658737189961246,0.28346092
0.333465524786995,0.8420364094498902,0.6154863735151889,0.268804
0.13991155002198008,0.8192507144645765,0.32827173829960005,0.10562048
0.13056646322967783,0.7863938504505031,0.5623373070576441,0.25066283
0.1453162412090397,0.7891564530830413,0.28380057918244533,0.099380456
0.0897976459412787,0.7497154547732664,0.4907054534266062,0.22063982
0.21807072934149477,0.8012780419943712,0.5363800623112078,0.22307248
0.353753060523972,0.8573542927844037,0.6593233161860874,0.27479103
0.20830101797639164,0.805153812095097,0.4452721440531302,0.15328753
0.18451403011828382,0.7409977123772216,0.6649025154905384,0.30768162
0.19040552552723433,0.7782759143861143,0.3111847226442057,0.13833135
0.1034925196875212,0.7351177986671048,0.4848504719044345,0.24935755
0.06816501161358421,0.752597066022863,0.5308321568445835,0.23732075
0.19803232673868365,0.757733548348072,0.4267344931947426,0.20341249
0.12633034663317633,0.7662199907500059,0.39319844483990696,0.1867742
0.06792794713331346,0.7838890137292717,0.45629568153755096,0.14891829
0.5378489917893186,0.6772340867995258,0.9717186445092152,0.55014205
0.21914552057129327,0.43200471194482676,0.7241542407415854,0.47536087
0.47840749503614666,0.8434833463520217,0.5099133535413797,0.266854
0.13346967173193874,0.7979066309944034,0.6831539982602419,0.27796862
0.14009910022278566,0.7259810338625842,0.42232113858888654,0.23070502
0.38048083416534206,0.8501319757260353,0.6299081687458448,0.25773942
0.19787082530705513,0.7994325472292975,0.5431674674929723,0.24042007
0.12397583092447753,0.796238488867171,0.46900349822236137,0.1894354
0.06808407235978647,0.8032737983518845,0.6483843315850646,0.23621833
0.13273180674179746,0.8255855805970775,0.4630779888237088,0.12897645
0.29670455969076126,0.78954024495962,0.8665213272569737,0.38907176
0.2292878437960336,0.6413125221663262,0.3289232167299542,0.25609004
0.09729257281692583,0.7614275208835669,0.5748190758528491,0.24651667
0.2854685779043121,0.8386169006850956,0.8677973252513751,0.3342467
0.5678898783981933,0.9213621007357597,0.6563464850799605,0.28672475
0.490513315914273,0.8756168167804818,0.4649080084069862,0.1940545
0.28328013622929776,0.7853700118534428,0.37607774345774453,0.16517968
0.27655142853244596,0.8330702136261269,0.5160236945222028,0.20729464
0.3431550108672592,0.8485217880216286,0.7831044690957245,0.3289453
0.3099695064869614,0.6010006367474445,0.5524696012825734,0.3917808
0.23472361246123533,0.8375389924171348,0.3538366658219301,0.102717444
0.12213309518888585,0.7221271383724067,0.49231380850230944,0.2644861
0.8141969735364871,0.07026492498286796,0.5686251129614546,0.7929632
0.3401331119929172,0.8234500577802857,0.38423732152420353,0.16848975
0.24868501158792247,0.8090988596290226,0.4809698858900749,0.20071317
0.2234021814276654,0.7809901227991531,0.5129351674433322,0.24746972
0.21604493371535627,0.6579035495983547,0.6543677311686973,0.3682503
0.17550932513102876,0.739254299063065,0.7595183193745423,0.33233333
0.18127048774571902,0.7686953118302429,0.6309542121030843,0.2766316
0.25048369315240526,0.7579065511082272,0.46919665397595395,0.23883604
0.21766847276520812,0.7665176077997725,0.5186360868602652,0.24106915
0.2667502411921119,0.7421837096458453,0.6634931360173788,0.3196562
0.11057619358834271,0.7496277728205231,0.5841336141437715,0.26381525
0.05485967350401255,0.7434428002448122,0.5832910863430775,0.2546856
0.1818035351308988,0.6751297648574899,0.711370225299278,0.33994567
0.1317378927974548,0.8137731765628474,0.30925509794907324,0.072854474
0.21911215759313646,0.7918475931072809,0.5328611206874022,0.23073167
0.14183680420776876,0.7906033003272079,0.5718155743379651,0.23617281
0.08135763465610005,0.7597302537197811,0.49708734493138773,0.22102419
0.4322524486296498,0.42736642007102854,0.7618277721373786,0.5625429
0.11624219057496338,0.7538090551147733,0.6302038689602212,0.26801625
0.2956178019897261,0.8257727331535598,0.7113885222355435,0.28790745
0.09357346569838351,0.7839968229909664,0.609473371113667,0.22835514
0.1667853145953846,0.6991639988434262,0.6617945389132877,0.33042955
0.07921239279631398,0.7278168925649018,0.5174781304661346,0.24460764
0.4934882472456867,0.8944745723278634,0.5592574847358679,0.21940866
0.6749513157678886,0.9426948594405145,0.7185471681268973,0.34709042
0.060224317554613854,0.7495365015695673,0.5188090614807358,0.22929682
0.1554098551729638,0.8041830468090827,0.4067893961613435,0.14910743
0.07467452755418702,0.6316066997911651,0.6334969390769143,0.31741878
0.06722078501003237,0.7678627759837977,0.5629871949302154,0.23866585
0.22944106562040864,0.8489350229956001,0.5300342433711172,0.17103279
0.4611574629550588,0.4393970863305024,0.2978736277789005,0.40111434
0.10356884648062566,0.7463136238368363,0.4820079427655468,0.21970235
0.08061675616055017,0.7530761737694529,0.6096735613970032,0.26270077
0.1981728822110304,0.7922531849209999,0.6895516610075176,0.27271864
0.35593777091839635,0.8269468908165605,0.5171530614632945,0.25157127
0.1985337540812109,0.683506682827822,0.6283406362186886,0.32067162
0.3857587767975146,0.6108469387859679,0.6870938582156871,0.44646683
0.3270510990388435,0.6692737234067223,0.29461423068951126,0.26082715
0.14101602089075732,0.7268822201880123,0.7104350056602196,0.33041856
0.2525485180673289,0.8514381007612245,0.7283024142122037,0.26293883
0.1349518578911338,0.6884501874748082,0.5222792632155581,0.26327875
0.43418679831003015,0.8716644165149235,0.6492351214682338,0.26941997
0.19560948557528224,0.7071465206890492,0.7608922013819293,0.36891642
0.3701335458843944,0.6897594144808493,0.284881839519791,0.2639354
0.10437088912880688,0.7419878889233256,0.352289689537409,0.14292938
0.09756616331756612,0.7401049449550077,0.6266369642688315,0.28332967
0.2455239780041933,0.8290992772838569,0.662971759801717,0.288212
0.1670426114922972,0.7860416955289112,0.5401916403884025,0.22973236
0.698408651234879,0.13056417921687724,0.6570843782513216,0.77674544
0.10824845714130732,0.7788398083910542,0.5374744059307606,0.22924176
0.16412951162491676,0.800627467687252,0.56818832811936,0.24616285
0.19497695276672225,0.5441559597414518,0.5899435600426428,0.38095397
0.051665270738470825,0.6909059778899982,0.6320731464279358,0.28858584
0.2121116091513572,0.8163143872789267,0.5478118938138945,0.19365865
0.16646435004489218,0.7155015705899799,0.4916243119003413,0.27301252
0.11973227331643845,0.666830493835237,0.4861017898759366,0.27037352
0.213276451264032,0.7452719562065678,0.36682402945835324,0.20959638
0.5551181916084158,0.92899741202722,0.744030476966707,0.32244733
0.36801126056154876,0.8537407899283584,0.6284476234505229,0.24479537
0.25122863016524494,0.7494190375337858,0.6858437087010165,0.33812574
0.06588727571217101,0.6670193954742447,0.817296744710589,0.34518868
0.12966929699120266,0.727812903716714,0.5039432546526944,0.23425673
0.36205620123111343,0.8684777545822271,0.7216596323412825,0.30630228
0.2270171734249719,0.7573979059812317,0.4378807369772898,0.21442677
0.07943598755049042,0.7937608369109396,0.5639386577333456,0.21406645
0.18868637119391618,0.7249629812898938,0.7170319101885712,0.33940297
0.03837575292583889,0.7635331808722525,0.5575429288346172,0.22854418
0.1830950377361495,0.8253683997935745,0.509557497087695,0.1856403
0.14878931602375953,0.7316546824064346,0.6693311388453508,0.31476283
0.22165080049337837,0.7395213220583513,0.5341666863019718,0.24866758
0.5387568573232848,0.899227635209674,0.49716029268658385,0.21113798
0.1575459178419455,0.793920901993213,0.4062186656127234,0.17261711
0.3103684204556065,0.8517103006485662,0.6699783096241247,0.23158917
0.21233731999052388,0.7100182834772689,0.5953888374804455,0.31196585
0.08550014973788281,0.7521261854889626,0.492832309827097,0.22353752
0.3194804426948057,0.8813212639651873,0.6458018817683737,0.23674165
0.19631352538622254,0.654769673481723,0.35107497119713693,0.23675685
0.5425075826934187,0.8681305104601479,0.49662419697127824,0.25176948
0.07851517953717307,0.7873680403126551,0.4030261297083676,0.15538247
0.2005004416984172,0.7563352056240258,0.8364039467872326,0.36457098
0.08492255872726412,0.7690467778589251,0.5287388455639996,0.2376523
0.4312531409001056,0.5602292932449922,0.10517539139842091,0.25377646
0.10560490076335513,0.7277982015283342,0.6751661423863197,0.3002803
0.1902900915110744,0.762515470408878,0.5022719436858597,0.21220838
0.21730311530253155,0.7631970023066477,0.2865939135912156,0.15854272
0.1639410227160184,0.8281682072103544,0.5981760964134565,0.232789
0.1305125624097499,0.6842569878268905,0.522554021099249,0.2529116
0.28037442592687567,0.7174163837474287,0.11791628631576179,0.06896934
0.16272579395115747,0.7758665163058436,0.39439401246713673,0.17061214
0.06635391592510212,0.6986272965790028,0.5770069613423348,0.2805651
0.16270996551401892,0.7670167153194707,0.5423172502865815,0.25527456
0.17219832408297686,0.6703114776581847,0.6297018459058683,0.34365588
0.06767577741843783,0.7454626343371795,0.5024421004393844,0.22508278
0.3489124632243452,0.8822524762368695,0.7744961236991225,0.2956685
0.38310976977025696,0.8780704132001572,0.6434394248010259,0.26626813
0.2871705313320416,0.8252377717956703,0.6783765405831399,0.2888555
0.20218319311326927,0.5503580803471486,0.7120798956037528,0.43254668
0.08733096736881948,0.7606637884767815,0.6610427061649546,0.27112
0.13903855514781954,0.7797346859292523,0.49365030204630955,0.20784903
0.24547291335128252,0.830422224445154,0.5405613281453583,0.22231512
0.2573783038214008,0.833879127824247,0.4733959971198783,0.16353126
0.27259872003247726,0.7393532463180253,0.25471998242318483,0.16220513
0.23390820181185096,0.8115814168117247,0.7202327416701735,0.28534362
0.14297270025824887,0.7709552277365807,0.5805081374140098,0.27078795
0.25233001298156654,0.7632837889386032,0.36233699178143913,0.16840312
0.38622877670619166,0.5575609420479373,0.24510916150509504,0.29218644
0.18055431333247057,0.7885085066458061,0.538093815152503,0.222585
0.30594419901104275,0.6373611791193037,0.6319268906149773,0.3849631
0.1398871194618276,0.7196949016662201,0.5900510313892833,0.29960918
0.07910624168706173,0.7617409015036477,0.5167692014455507,0.2269113
0.42361373103757605,0.8522874570729888,0.5135234467893987,0.19029364
0.2318831409955115,0.8145479265084862,0.6653076970761103,0.27089378
0.17997710974600684,0.7724276334909784,0.47845937785409265,0.21113843
0.12218001801122307,0.7502331883826083,0.5587254479320951,0.2541694
0.30783917374194747,0.8072443078477721,0.8506011685165705,0.3739627
0.07410109133838233,0.7585593417853214,0.5745582601874836,0.24488641
0.24446236958466283,0.8005110190462033,0.539403003454205,0.25028053
0.18994837401816358,0.8484133577497471,0.8132903562880958,0.29962835
0.30890174518465785,0.719199769691692,0.5353370823419101,0.31694582
0.7288494778480835,0.9019214796000918,0.41273883606946704,0.19906577
0.2526322558276615,0.7391140761436225,0.705144286023711,0.3400138
0.21062694067413795,0.716981479631816,0.3400302500964266,0.18770444
0.2545086973417193,0.837153260227265,0.5660175492152895,0.22893465
0.05158634522539962,0.7097999971929164,0.5926650789453002,0.25662944
0.25812968918808915,0.6105548539949086,0.4789982142395078,0.34416246
0.17422443279765765,0.7387765208872001,0.22954517074664132,0.10892567
0.04857356580961239,0.7633315938564065,0.5637368872715628,0.2397321
0.21286320805677184,0.7709205108336846,0.4408848231277763,0.20058054
0.26987394586429525,0.7029019588729433,0.32263023999916196,0.23053737
0.33969797658675693,0.843811486678909,0.4370844806404937,0.18602599
0.615433219211283,0.8824287126210071,0.7580595495150385,0.36730862
0.05214382287923125,0.7801250764089492,0.4939767865026415,0.18934603
0.14577839071909915,0.767157732514704,0.4784879749475463,0.20805256
0.4015487048192268,0.8527215112823364,0.7962924081131373,0.31647354
0.23329420908755405,0.7064412963145523,0.37135795151677065,0.2512503
0.30681107632801957,0.8686312924837054,0.32603112350005237,0.09397025
0.29417148083647554,0.725210068257186,0.4313768382341404,0.27389717
0.30171581154042,0.7783610624387863,0.6710956329968509,0.3267997
0.2606300812001645,0.5326159519578387,0.60957886071685,0.41373068
0.008938933685038702,0.7528412654508917,0.5016555450811698,0.18798551
0.15689830170718835,0.795257054763763,0.7103929873042487,0.2852287
0.07935665770643238,0.7329993714584754,0.521696423544966,0.24956056
0.13741453488229385,0.7949762762546404,0.5903245619751362,0.23397225
0.14364250871075349,0.6772857445220326,0.7509875072470116,0.35769218
0.1446779769120048,0.7725497187995168,0.42904108357409165,0.17122737
0.12066622606015937,0.7809421124983659,0.5522746703219615,0.21930742
0.11026742083666843,0.7549405448256907,0.5218380177965113,0.2295202
0.15261465196434915,0.7954701926880107,0.6878822855037168,0.28843185
0.6236405273375064,0.9394958048563503,0.5112806529608837,0.20316684
0.25692466834188726,0.4312284524851668,0.8062090752758009,0.5296865
0.05973886646290921,0.7945748421763056,0.39529785789341115,0.13916788
0.15895775545362828,0.7628217479241404,0.35056335792021537,0.16664578
0.15592676024335347,0.8156658517861383,0.47814926314928646,0.1708176
0.22006768888293243,0.7753057598834037,0.6447244756536635,0.2945336
0.41508674086846764,0.6604203753843234,0.48354885059615416,0.37919784
0.0579197347011608,0.6419719962824084,0.5653878856252039,0.27946812
0.08893116131483039,0.7457528962004016,0.4833826858158936,0.24049743
0.10521655149387782,0.7697144603410407,0.6200792680190979,0.26848322
0.09698782195295183,0.730979708436078,0.4690913990959349,0.23964418
0.2620231421101694,0.7198561112974329,0.45289776053682895,0.27909073
0.1794934660008944,0.6247799980348246,0.3890856332703248,0.27170908
0.3429978925664196,0.854589031984983,0.5666741822689181,0.20747867
0.07636184020347195,0.7415275396129778,0.512407284754595,0.23428716
0.2169060044404825,0.7390956933660165,0.2103134111400331,0.13996723
0.1809297765853981,0.8170560780866372,0.6137805497907447,0.23224118
0.25531529732046315,0.559342396198024,0.5105132222790097,0.36897057
0.10303151472607054,0.7442036899771765,0.7647539521803652,0.3263969
0.13821059352499154,0.7222152176399398,0.5228321262023659,0.26911995
0.5862225579143797,0.8904630366354535,0.6518471912060928,0.28228587
0.04693996358182956,0.6240540625931521,0.7517585490331765,0.35981876
0.23182686523065557,0.8264519615670305,0.518543159835041,0.2068974
0.26022179004355794,0.8210152372127488,0.32591754430076214,0.13381217
0.17117347355382168,0.8036031740707713,0.445236099722505,0.15280938
0.055365795328508605,0.717666942831624,0.6544464513397847,0.285409
0.10935843886496335,0.6956585602044276,0.49752724503134504,0.25552362
0.2351412811919113,0.83561600641255,0.6151431104938554,0.23451732
0.10268989219229203,0.7786244763062177,0.6183062896339617,0.25465596
0.11839589545332323,0.7530401480308685,0.5532987528242677,0.25570348
0.18684113693386273,0.7395609464018951,0.7455344107575055,0.33628118
0.04294385470864201,0.6934127578896401,0.6475145700087858,0.29679033
0.24121246610057473,0.8612848631482031,0.4652623622048663,0.118534975
0.09639055049593673,0.726624553706736,0.48427555266744626,0.23540665
0.1783644411092319,0.7766318962002113,0.6210559874623426,0.29176405
0.11974296498294716,0.769906583099249,0.5960011410587059,0.2526232
0.08927912613564945,0.7646269912168684,0.5222187391834107,0.22253354
0.15201143609786694,0.7819225047524573,0.5092245389824112,0.21102026
0.3297019259172824,0.8387830769494546,0.4336662111291774,0.17149018
0.23120747946330755,0.7274319796022614,0.27629072789518433,0.19699246
0.10401482573058722,0.6815179274885597,0.4211847701663821,0.20203376
0.22643473931041724,0.5463400404498794,0.5964536970200597,0.40040416
0.3196207599209277,0.8493935043833192,0.7155420200112579,0.2798524
0.23776079845534975,0.8424036131315289,0.40038628442454666,0.14135027
0.21746795878651562,0.8250760874846333,0.6465252624089879,0.2507033
0.16581822790403083,0.8087985340819411,0.5684235876527619,0.21651302
0.4307043641514496,0.8784970592526122,0.0878719714493848,0.021096304
0.4607450963016322,0.9004510346978308,0.4706382351475226,0.19488673
0.22599990388670438,0.6883917665494388,0.7417789409837301,0.38888642
0.12358489659911033,0.6634084289811476,0.48977941079573944,0.24709871
0.3592331864802184,0.8222001405306478,0.4495169402686702,0.17705734
0.19410085935976273,0.7742300519237972,0.7020951957010635,0.3128329
0.1614986107882363,0.7248678436888393,0.5068362356632966,0.26252308
0.15270065016190418,0.7486775270881586,0.4314961239390259,0.20748685
0.08202745734821343,0.7537222875999862,0.6596442445310186,0.29099092
0.23407940485159393,0.7674632671530329,0.5621426829735178,0.2533337
0.23561817434813334,0.7856256609110801,0.4869750850239507,0.23301056
0.04770544941406504,0.730651226537181,0.5730523748878585,0.192949
0.49546774881239647,0.9213167075226413,0.529762165252684,0.15899509
0.1397970739149848,0.7944647523457552,0.4886031798762635,0.1890345
0.256714738633793,0.4582172313661944,0.5278719535699705,0.4149165
0.12681482822702678,0.8148329953176467,0.3169473598679501,0.11156339
0.07945904932047335,0.734559832073449,0.573996040761205,0.26970398
0.2707282609119868,0.6834733327587051,0.6015186427732417,0.3329879
0.6718453744816449,0.914846621097477,0.5698105584074344,0.29933265
0.18141462280772921,0.8248054467991308,0.6098992989135223,0.21685895
0.12468404182442779,0.788549608281314,0.5508306374257453,0.20878546
0.06785953095935879,0.783752072018056,0.653377714368865,0.25708976
0.23009036758594062,0.4989940474937633,0.4611485484911153,0.3621462
0.21326783490088722,0.7377704981409415,0.6733957335288341,0.32118776
0.2778849076630576,0.5409401951599095,0.48538883017858087,0.37998372
0.06926030908627231,0.6554114515172113,0.6900469086423947,0.33567503
0.1729260428604581,0.7152027391551767,0.3670492879144466,0.20749876
0.14931432555085947,0.7705784373213138,0.4597678500487617,0.19763827
0.2838611626784552,0.649187502129444,0.2390413969025874,0.21277688
0.3977314968998831,0.6978037859265049,1.0,0.5182047
0.1813051771535507,0.720355608812074,0.61723447802659,0.2947482
0.16571741621145553,0.7760497809136109,0.4499389093743129,0.20226043
0.25488923934398916,0.8339067871588729,0.47932991826041654,0.15195255
0.22244192999232443,0.4838672530853496,0.5014500243430253,0.35833833
0.24034580018324148,0.8090153292985455,0.531761791945416,0.21231799
0.0656374036766825,0.7792428907408863,0.4689254067542794,0.19064116
0.14845610066473935,0.6810000020408324,0.619971011365542,0.2989743
0.17555114319673262,0.7472589392311568,0.40562665262180003,0.20359077
0.11331963772759791,0.7147372126062089,0.5095195939339743,0.24465583
0.15362645755644325,0.7710648563261255,0.5864553256849975,0.26014012
0.15896152408608977,0.6928733879816257,0.5593393971405503,0.30747956
0.08312388259875353,0.7411954713928135,0.6042697476167551,0.26296744
0.16669175975329392,0.7520373261102667,0.6939423927180347,0.30573827
0.2297051492543436,0.7531928005008984,0.3361291531708665,0.16378602
0.3545125856130227,0.899155581969847,0.406894621565247,0.115069
0.1545067973712274,0.7131083023545215,0.3840826804343269,0.19970302
0.1325750219265397,0.7505767954962553,0.44386280576282905,0.21241474
0.11006022096832371,0.7777745044516942,0.3963500612786065,0.15520751
0.2879874293490601,0.7555200327071014,0.4854990949154187,0.24617718
0.3077900198532974,0.6293449234960666,0.34194709474164653,0.2836443
0.09342148389687346,0.7522829785277259,0.5438514038305016,0.2279555
0.1807419083466765,0.8300072254725868,0.714101569217544,0.25057828
0.24991873998915695,0.8294552424668082,0.6676829101071672,0.28983423
0.13559533163210635,0.7832789025738949,0.46251445679495506,0.18624899
0.04909911914045173,0.7682004311442466,0.5794965139997841,0.24716903
0.3058854529370392,0.6960044254992526,0.7831221783156067,0.4210443
0.23489508844221405,0.7136021152341391,0.5397555953372385,0.28020072
0.19016386967700472,0.8086921335414496,0.6008040961328379,0.2271708
0.5217313995568484,0.8563128957702402,0.36184855371038543,0.17422661
0.5658789014767379,0.28741334809815655,0.30529169342534335,0.49395102
0.2353308518896514,0.7158464974052589,0.4519494956991886,0.26547226
0.22796575011976483,0.8252066676360734,0.551765972651926,0.21177372
0.24893600859786918,0.7745093472399512,0.4970969465344079,0.22959429
0.10373154207543582,0.7776569809713232,0.4682347463664113,0.1995037
0.3474896363414671,0.628478639237282,0.22868298564026268,0.22773758
0.34037955624437644,0.8864105924918124,0.534102866356807,0.1613288
0.10948287764010717,0.755574338848184,0.6633540652063443,0.28541225
0.07266053352185636,0.7719909838376505,0.5945701063482919,0.24581732
0.16971172230243114,0.7973793536262241,0.4528169244121542,0.17045212
0.09719424041805125,0.7780873152025355,0.4983767705919291,0.19025435
0.1918393447185962,0.7205777080232582,0.558101575428739,0.2822684
0.2428681731086811,0.8137405918448096,0.5614828167706616,0.2164677
0.11925782225882801,0.770075882313334,0.5725348985786352,0.24251804
0.478415105707311,0.412629143262253,0.584628734929383,0.5179483
0.23408590744077,0.7258313679356101,0.4997372491311122,0.25800243
0.3611283680640539,0.8354363717588196,0.37672016418538046,0.16903524
0.14584408287164646,0.7705674403053782,0.39104691561507676,0.15438443
0.17617747079329882,0.7396225714367407,0.3561537134571243,0.18679574
0.3130229404691589,0.8563439063254958,0.31501316629134224,0.12648955
0.07026449960361181,0.7752123199403433,0.5593260539119473,0.22379604
0.24563885252463616,0.8214832118418145,0.3813674343299587,0.16253889
0.26349325802673046,0.8264237093712236,0.6864183392262261,0.28286576
0.30513288802203753,0.864756282913655,0.6987072550455076,0.27516475
