size_D,duration_D,har,dba,ifc,t01,t03,t13,t14,Generated_Var_9,Generated_Var_12,effort_D
0.31554013,0.35677838,0.76069283,0.89666104,0.8223158,0.62047267,0.21428025,0.27158576,0.5564724,0.0058381124,0.2797992,0.19552216
0.2889036,0.49322543,1.3798131,1.6182368,1.9334092,0.8954541,-0.3744239,0.10594579,1.2125149,-0.116161756,0.6437975,0.2915679
0.32372868,0.3582517,0.8214851,0.9427734,0.95199823,0.61590916,0.15265903,0.22686636,0.5935743,-0.06944795,0.28819394,0.22525832
0.5493796,0.4338777,0.8493212,0.96886957,0.6871816,0.9150728,0.36803576,0.3449782,0.3645011,-0.06495313,0.21424033,0.32860538
0.13692921,0.10786058,0.63117564,0.84215975,0.73221326,0.5080277,0.20889387,0.24210224,0.7261755,0.2871059,0.54856765,0.013818743
0.1670281,0.09469116,0.5488219,0.7907211,0.5769376,0.5448974,0.29560456,0.23855451,0.6468256,0.3159304,0.52166724,-0.005504026
0.1944376,0.2882971,0.69116384,0.8253701,0.83778036,0.5243532,0.15558504,0.28091127,0.62071174,0.121870264,0.34614295,0.11094854
0.41189295,0.41148788,0.9209265,1.0262986,0.9916347,0.7397415,0.15683271,0.23419625,0.550824,-0.14557464,0.25477067,0.3091053
0.15477307,-0.032604814,0.64377314,0.99274313,0.5786857,0.68210816,0.39867488,0.24485135,0.835962,0.51627684,0.783694,-0.081950895
0.47747612,0.48192915,0.9268524,1.0723193,0.94451165,0.8412527,0.27835402,0.30284426,0.5008022,-0.16764507,0.24291557,0.35597295
0.25843403,0.40465966,1.0509061,1.2200874,1.3898714,0.70410824,-0.09420291,0.1823177,0.86461186,-0.04370799,0.45502353,0.23146689
0.39683962,0.22613472,0.6823562,0.88921076,0.46558002,0.76822764,0.3983969,0.2773636,0.44980952,0.08481255,0.3354752,0.16238159
0.5469047,0.06579648,0.8427539,1.3851515,0.10364576,1.3465111,0.86629415,0.3827681,0.78305256,0.49291056,0.84710217,0.018934175
0.20483352,0.28454188,0.88581973,1.0069826,1.0851758,0.5778613,-0.02159496,0.20254508,0.7881035,0.030742446,0.43420112,0.12792258
0.1950926,0.034140095,0.5526933,0.90340525,0.4736941,0.7189855,0.42883936,0.25825453,0.74327314,0.47471878,0.6994692,-0.07906508
0.13478911,0.022961354,0.5687698,0.8716784,0.56673485,0.62228614,0.3023239,0.24470961,0.77239305,0.46740505,0.69039774,-0.064043805
0.5528957,0.24069917,0.82421875,1.1160065,0.3890308,1.0469557,0.55496967,0.3559637,0.50070935,0.17133194,0.47729445,0.21035436
0.36023882,0.37156785,0.9310343,1.0430146,1.0951614,0.65207535,0.06798904,0.2078923,0.6378806,-0.13130362,0.31392032,0.27160212
0.44010884,0.2856172,0.7191329,0.9600231,0.47764266,0.9447623,0.49542966,0.31333444,0.49818808,0.094519846,0.33946383,0.15463953
0.23785032,0.26884365,0.8025489,0.94717944,0.9958321,0.51693845,0.09211177,0.2154249,0.715453,0.046166178,0.37912947,0.15889204
0.16240999,0.23291811,0.65444326,0.8171678,0.81945753,0.4952107,0.15473355,0.26557177,0.6569753,0.16251233,0.39572203,0.091653176
0.47572035,0.43291655,0.8493301,0.9711168,0.82073104,0.77948415,0.26697484,0.2888366,0.45646545,-0.11662516,0.2221187,0.31870183
0.48055184,0.28492707,0.73923844,0.99581295,0.4464535,0.97277486,0.5255687,0.31222218,0.47541282,0.13726199,0.40197825,0.19140181
0.15140888,-0.025335493,0.5669873,0.8692912,0.49697196,0.6495324,0.35883945,0.23418175,0.7705942,0.48473713,0.720981,-0.09193068
0.17899811,0.21588685,0.6595657,0.8422065,0.78382003,0.51891345,0.18927622,0.24532561,0.66710615,0.18117575,0.4165678,0.065713026
0.21384019,-0.13604413,0.64694667,1.1727709,0.3420443,1.0280793,0.5496832,0.3013255,1.0653927,0.83239233,1.1124555,-0.22858784
0.15559852,0.14751118,0.76735306,0.9113261,0.9476719,0.45328304,0.07615011,0.20781311,0.78352267,0.16933116,0.5219194,0.051961713
0.22429535,0.2702846,0.8534525,0.96877635,1.0710189,0.48456746,0.03605133,0.22056524,0.7711798,0.03574466,0.4204596,0.13960399
0.1897323,0.088385575,0.6091256,0.8316911,0.60344243,0.54276174,0.28305617,0.2425397,0.63123274,0.2659606,0.51244044,0.02820036
0.21786949,0.30750912,0.8806454,1.0187243,1.1664648,0.52953523,-0.010961835,0.19055814,0.76518506,-0.014556416,0.40838256,0.1806631
0.43567145,0.24858123,0.7167785,0.99790806,0.44537562,0.9599834,0.5374289,0.2854993,0.55012226,0.17234448,0.43277144,0.13407455
0.25057977,0.31181625,0.79005873,0.89973223,0.990981,0.5046125,0.08612515,0.22138932,0.6495245,-0.0038238014,0.34058833,0.1703355
0.22859724,0.29469827,0.7825078,0.89381015,1.0059074,0.48088923,0.055139918,0.20640603,0.6525302,-0.015638556,0.34238195,0.16631491
0.09225328,0.026167577,0.7372938,1.1274303,0.82972646,0.85276306,0.16622587,0.24198976,1.1042933,0.6559879,0.94799936,-0.11989529
0.21558815,0.2660532,0.68163675,0.8357004,0.807629,0.5637223,0.16355222,0.25361213,0.5871019,0.08759688,0.3194957,0.13091178
0.21568221,-0.013138343,0.53880924,0.9348756,0.368452,0.7863497,0.47824988,0.25877583,0.7686351,0.5381911,0.76833284,-0.107764915
0.16715193,0.010993516,0.60285735,0.821965,0.55091447,0.5370589,0.2800649,0.2258561,0.6606211,0.30869403,0.5558733,-0.022967003
0.23936293,-0.09853767,0.72805816,1.0767987,0.43753058,0.7617161,0.4748495,0.26215208,0.82069945,0.455599,0.7602507,-0.060045928
0.22218879,0.10713306,0.56793016,0.82664585,0.48677766,0.6252481,0.37381858,0.25708622,0.6036154,0.29122534,0.5095333,0.0066522444
0.1814492,0.11539343,0.5732768,0.7968736,0.5946006,0.5407669,0.29844993,0.24680614,0.626131,0.28311196,0.49835232,0.012235506
0.43708786,0.09725923,0.71906036,1.0703964,0.25420332,0.9792509,0.59443706,0.31871885,0.6059086,0.33813244,0.63273567,0.04369744
0.19701293,0.12876724,0.56612194,0.7846961,0.564785,0.5433758,0.30189544,0.25490177,0.59336346,0.25402468,0.46531272,0.031570867
0.26979542,0.03831762,0.57399386,0.93015957,0.31137055,0.8152776,0.5323329,0.27665824,0.63710725,0.33327484,0.56023526,-0.0013403436
0.3707192,0.14275147,0.66561264,0.97222614,0.3672351,0.82035,0.5032973,0.2839495,0.5799472,0.29392672,0.55516815,0.07846833
0.23731758,0.18283,0.6059145,0.76076865,0.60304713,0.5321577,0.23112714,0.24558514,0.51584417,0.09459909,0.32357243,0.11097749
0.21041201,0.26732007,0.7421142,0.87835556,0.9192245,0.50677794,0.086407706,0.20832774,0.6488023,0.0662286,0.35803625,0.13097252
0.25416648,0.26820862,0.90283763,1.0403955,1.1190675,0.5060115,0.06127242,0.23487425,0.7973057,0.015385128,0.45810616,0.1601106
0.21094997,0.13947299,0.59841007,0.8392298,0.6097734,0.58505684,0.31546336,0.22363546,0.6284719,0.2718477,0.48002267,0.024984738
0.18322507,0.22384205,0.6827871,0.83875036,0.82524323,0.51184964,0.17759359,0.24385448,0.6471553,0.13384634,0.3877327,0.088041656
0.36656794,0.5744702,1.3736595,1.5897202,1.8324499,0.872254,-0.12118936,0.14626038,1.0518119,-0.20652235,0.5266245,0.36774567
0.1927625,0.26093435,0.7128063,0.8499514,0.87706304,0.49473372,0.13285132,0.25287315,0.65059584,0.10569653,0.35891664,0.113973446
0.14712381,0.16689974,0.6158463,0.81536657,0.74635255,0.5038086,0.20136452,0.24767354,0.67894596,0.22860652,0.46225393,0.048235252
0.2382144,0.25384438,0.6552293,0.7907532,0.7280811,0.5329425,0.24020557,0.26867947,0.54764295,0.092130005,0.321728,0.12147047
0.2059037,0.23751473,0.73348427,0.858289,0.91482484,0.44842663,0.12006641,0.24407665,0.664203,0.07041776,0.38278106,0.11566722
0.2175609,0.07895922,0.55650884,0.93594044,0.4793566,0.76666725,0.45684338,0.2667731,0.7306654,0.47714448,0.6823856,-0.05944542
0.44897512,0.38901812,1.0739918,1.2057012,1.2080693,0.7194081,0.09808274,0.23267502,0.74084926,-0.1414659,0.38765678,0.3132069
0.19215274,0.21608354,0.65000975,0.83441836,0.75783455,0.5430318,0.21272701,0.24983674,0.6293405,0.13628429,0.37898874,0.072629996
0.21256514,-0.050661795,0.62851703,0.985713,0.43515533,0.73582894,0.48126724,0.25811622,0.7696921,0.4821863,0.76606494,-0.07465067
0.42884827,0.37002844,0.97421646,1.0950513,1.0699676,0.7235339,0.10238584,0.22099459,0.6455978,-0.11770423,0.3216805,0.27302915
0.49566633,0.38650137,0.7565616,0.8972798,0.58813953,0.8706581,0.38721776,0.32570273,0.37373766,-0.024290107,0.22455117,0.27273405
0.49160326,0.35135153,0.77824044,0.974678,0.57796466,0.9183695,0.44983786,0.3207729,0.44348332,0.030590326,0.30170107,0.2461665
0.3862048,0.51708835,1.316275,1.4425757,1.7651325,0.748828,-0.1429843,0.15921202,0.98240846,-0.25414166,0.50067025,0.35116425
0.1549075,0.17889372,0.63654,0.9171767,0.7619097,0.7074848,0.11820551,0.21726657,0.8068086,0.34812576,0.56913286,-0.00097046327
0.34667534,0.34074524,0.7284369,0.82763237,0.7490108,0.6100451,0.21706797,0.25310895,0.46971276,-0.04707475,0.22906914,0.21917523
0.37661594,0.17877993,0.6993218,0.91887885,0.4394649,0.7901888,0.37860936,0.25705242,0.50297797,0.083533034,0.34954318,0.12987773
0.40405485,0.072714925,0.6905471,1.0275252,0.26395088,0.95122063,0.5733745,0.3067289,0.5951666,0.3107348,0.58832496,0.019737184
0.24878919,0.08428931,0.60478055,1.051731,0.4649363,0.8816447,0.5258461,0.26504374,0.77169454,0.45405266,0.66629446,-0.05104301
0.25539562,0.2820496,0.78563327,0.91635144,0.9370935,0.53275347,0.12206072,0.22544762,0.65869105,0.023440622,0.35442454,0.14597616
0.267344,0.09396113,0.6247048,1.214112,0.51508564,1.077587,0.6202143,0.32682538,0.988053,0.803849,0.9847932,-0.116565384
0.34545803,0.085269704,0.6202584,0.9828319,0.29226947,0.89075005,0.5760783,0.27636117,0.64482015,0.37715366,0.63558996,-0.0010762131
0.15294054,0.19244862,0.66061366,0.8234243,0.8052958,0.5067332,0.08470652,0.21108794,0.6755575,0.16478874,0.4144925,0.058340054
0.12543184,0.12261279,0.74323666,0.9311025,0.922112,0.5080325,0.021700792,0.17723879,0.8192531,0.1976241,0.5438131,0.028826496
0.5022291,0.4280146,0.86060184,0.96291703,0.7677418,0.8285609,0.29151422,0.30022806,0.42915544,-0.11281614,0.20916563,0.3442824
0.10815072,-0.008379506,0.69690984,1.0263898,0.7320558,0.7775454,0.16637255,0.11938529,0.93382055,0.44383666,0.7610586,-0.09463685
0.3060106,0.31879923,0.81745267,0.9359164,0.98192334,0.5531669,0.066377155,0.18492797,0.5945685,-0.120052144,0.2839468,0.20746686
0.31555453,0.3865937,0.7795755,0.90205085,0.9101454,0.6399079,0.15950318,0.24197131,0.53245103,-0.026205577,0.2754787,0.20774087
0.23088722,0.06494147,0.5997583,0.9224525,0.48612335,0.7047442,0.44248787,0.23043281,0.68243396,0.38258773,0.6148934,-0.006333689
0.17519432,0.08032734,0.55329645,0.8281698,0.5563463,0.58820564,0.345112,0.24228823,0.66702294,0.36076364,0.56688607,-0.020401489
0.19091308,0.23061392,0.6775013,0.8159191,0.81997013,0.46859413,0.16233212,0.25130165,0.61926407,0.092989475,0.36413443,0.09959209
0.23587406,0.24226588,0.7596511,0.89667934,0.89489543,0.51268214,0.13074814,0.231079,0.6589986,0.032535207,0.35838115,0.1254121
0.24114129,0.28508106,0.6634457,0.8410141,0.71654475,0.6431007,0.2869091,0.29573166,0.5735923,0.12587021,0.33119422,0.106374696
0.36620575,0.36959922,0.82027805,0.9246894,0.85523427,0.6684186,0.18713935,0.24728149,0.5137576,-0.07326466,0.25054947,0.24252403
0.5250915,0.34139958,0.7790704,1.0271938,0.4923166,1.0340486,0.5398204,0.3264516,0.4617153,0.092347905,0.35770828,0.23276609
0.23713389,0.2383498,0.66274554,0.8489606,0.6997583,0.63789314,0.26233134,0.27081287,0.5887136,0.16196191,0.35571226,0.08741599
0.2904433,0.31759307,0.6965889,0.82933027,0.74609804,0.59166175,0.2632624,0.28817087,0.53379357,0.060296938,0.29453754,0.15143612
0.17549959,0.024635756,0.5315871,0.84615195,0.4675196,0.65352315,0.36209303,0.24288651,0.7170079,0.45342413,0.6636168,-0.076142706
0.25627187,0.41632652,0.9928675,1.1267567,1.2988107,0.6954746,-0.08880267,0.16648856,0.76920825,-0.09060546,0.3925838,0.21466646
0.5633611,0.31980753,0.8194545,1.1255363,0.4118171,1.1063104,0.5825568,0.35914832,0.48260882,0.12648174,0.4213506,0.22094734
0.22307634,0.24500611,0.8570141,0.9653283,1.102222,0.44501084,0.040820643,0.22095537,0.762941,0.04848756,0.4404273,0.130175
0.25317276,0.3477245,1.0401274,1.1770725,1.3623346,0.6187069,-0.080544144,0.18058299,0.8859052,-0.047293372,0.46023518,0.20573273
0.20882376,0.2816486,0.7795694,0.89418894,1.0112965,0.5031101,0.017090844,0.16035219,0.63843954,-0.026720695,0.33533183,0.14899549
0.1864877,0.18997113,0.8394147,1.0118079,1.067595,0.4976593,0.035634074,0.21736278,0.80430317,0.106808096,0.47906676,0.10527288
0.44873443,0.36403272,0.83599424,0.9252634,0.74663484,0.7326756,0.26755413,0.31256163,0.4741699,-0.058616593,0.2560304,0.28016552
0.3026293,0.48030356,1.2194824,1.3799137,1.6887511,0.7467716,-0.2314006,0.11273049,0.9810986,-0.19759403,0.48894846,0.2910944
0.6489743,0.4632024,0.86941355,1.1171869,0.5689046,1.1755173,0.5333921,0.38198352,0.41158363,0.015008044,0.29740375,0.33987588
0.47377673,0.6367171,1.1829357,1.3504099,1.3624899,1.0019326,0.23243767,0.2756748,0.7477235,-0.21694049,0.31793907,0.36879942
0.48232627,0.45009044,0.8443061,0.9845585,0.73941207,0.9073381,0.38323593,0.29182506,0.45218346,-0.04773,0.22644863,0.26765913
0.21020338,0.21126133,1.0923557,1.2575355,1.4060508,0.57346296,-0.07047947,0.19834636,1.08597,0.12609084,0.67874956,0.107484825
0.19887742,0.0038753413,0.5565431,0.9193231,0.41358915,0.7198083,0.45581537,0.26724535,0.7349657,0.47451934,0.70704603,-0.087874815
0.22887683,0.25995347,0.9851968,1.1276568,1.2980596,0.5645056,-0.110947676,0.11274016,0.881143,-0.02765929,0.473782,0.1527192
0.27372414,0.11464822,0.6135636,0.8958484,0.4231491,0.7481304,0.43373644,0.2554481,0.6036426,0.25947037,0.5038111,0.010515362
0.13057631,0.0314657,0.62832105,0.8757259,0.6728474,0.61415005,0.19115864,0.17912938,0.80576956,0.371659,0.6403796,-0.05788406
0.22199388,0.2666277,0.82308775,0.9152548,0.9885627,0.49793532,0.07215008,0.22827005,0.70038545,0.032036133,0.38924515,0.13653035
0.2317311,0.058496185,0.54879683,0.8970774,0.3945679,0.7505138,0.45939994,0.250505,0.6545256,0.34380132,0.5655613,-0.029684037
0.33867857,0.44451332,1.152813,1.3009694,1.5012612,0.6877158,-0.034370147,0.17952803,0.92269975,-0.13020635,0.46362582,0.29036155
0.4590197,0.2591544,0.85191506,1.0555921,0.6853415,0.7951618,0.37326527,0.3003252,0.54577404,0.06063652,0.4068805,0.21683337
0.1968042,0.23726386,0.6482075,0.8029932,0.78472114,0.49044356,0.17903003,0.24711093,0.5881469,0.09945528,0.34316617,0.09458471
0.21698667,0.23757055,0.9384066,1.0820267,1.1655961,0.5404278,0.012542857,0.21505937,0.8920478,0.048552193,0.51559687,0.12353269
0.2655105,0.29910064,0.93644965,1.1050817,1.1402434,0.593484,0.11820468,0.21794753,0.760117,-0.065640226,0.42750138,0.17763403
0.48769265,0.32263523,0.80789953,0.9814404,0.6231196,0.82860225,0.35691005,0.3152197,0.44370225,0.006268144,0.30021855,0.26726338
0.3948111,-0.1883031,0.7347384,1.409416,0.060710207,1.2529151,0.92313284,0.38503814,1.0346413,0.82233554,1.2069093,-0.19295147
0.6605865,0.47514668,0.9319912,1.1232057,0.62441707,1.1607324,0.51299524,0.4114594,0.3605394,-0.01397631,0.2721047,0.3693594
0.3055886,0.2665833,0.67011154,0.8207633,0.6275387,0.6429667,0.3225874,0.2656553,0.5186114,0.09012718,0.32490104,0.12960069
0.4056467,0.10589884,0.67715245,1.0468017,0.28046468,0.93912613,0.60128754,0.2909193,0.6397276,0.37910822,0.65407836,0.024970435
0.16372323,-0.019377558,0.7363375,0.9221617,0.7401401,0.5128945,0.17013411,0.18330583,0.78703165,0.26109222,0.63304543,-0.03127645
0.26300383,0.41436675,1.233466,1.4246747,1.7399572,0.7514836,-0.3017392,0.069144905,1.0721024,-0.13296945,0.5638155,0.2533808
0.15701817,0.22030728,0.7519829,0.8861452,0.95477223,0.46016464,0.07324666,0.2523098,0.73412156,0.12219141,0.4359067,0.0971895
0.23899846,0.28997892,0.86561465,0.9879869,1.1099453,0.48592725,0.03894186,0.20440412,0.7712513,0.019046873,0.40903467,0.16297996
0.28140783,0.28733477,0.7225235,0.8364652,0.7925781,0.549561,0.18044512,0.24863157,0.5423631,0.0010786426,0.28076077,0.17266726
0.2288411,0.29682028,0.8825542,1.0094415,1.0857816,0.54652405,0.039674375,0.22867091,0.7727744,0.005462815,0.40770745,0.15382756
0.1815486,0.23357856,0.77541256,0.8938306,0.9782883,0.44008288,0.06873082,0.23484772,0.72641134,0.08676189,0.42088872,0.10814104
0.21475312,0.198265,0.8919352,1.0247546,1.1297796,0.52754426,-0.034982875,0.12134781,0.83756703,0.044159643,0.46764916,0.09759119
0.24488913,0.39372382,1.2686692,1.4909708,1.7788086,0.7464778,-0.23520927,0.123041876,1.1837585,0.011864164,0.66130805,0.23545831
0.23342484,0.2465409,0.7403165,0.8674789,0.8425162,0.5467534,0.18662329,0.23477408,0.6067617,0.049778122,0.34299013,0.12011786
0.67629206,-0.022071384,1.0468904,1.8041717,0.053148158,1.7620993,1.1841003,0.45753515,1.0710119,0.8051441,1.2749047,-0.08680717
0.16884695,0.20096706,0.6935603,0.8112873,0.8536837,0.45337594,0.073813856,0.20776924,0.66844153,0.11340302,0.389764,0.0756312
0.14989933,0.07076733,0.579515,0.79379827,0.6014071,0.54982924,0.25433537,0.19784942,0.67274886,0.29682472,0.5210128,-0.017453697
0.3311517,-0.023876902,0.6152818,1.0950487,0.20758039,1.0165884,0.68705076,0.31630546,0.7780799,0.5091206,0.7904214,-0.08921019
0.18313655,-0.044558533,0.56649244,0.9948625,0.41985813,0.8065041,0.46565402,0.27199453,0.8370603,0.5943164,0.8349527,-0.13125381
0.3480713,0.10808605,0.6296533,0.94762146,0.27458322,0.862507,0.5210163,0.30086046,0.5611561,0.23539793,0.49168938,0.056349494
0.4370745,0.31497213,0.7532948,0.9376104,0.58415544,0.85666794,0.4432622,0.2995083,0.48594752,0.07124645,0.32544976,0.19180968
0.22521748,0.27102664,0.8616944,1.0278254,1.1367695,0.55537677,0.00053994777,0.14041302,0.7475865,0.0060958085,0.41927654,0.14760117
0.37245104,0.559496,1.3963286,1.5619662,1.8938938,0.8503286,-0.25307852,0.13138542,1.0898784,-0.22749619,0.5585612,0.34159195
0.5302129,0.53636056,1.1725162,1.2924935,1.3938967,0.87171483,0.021536682,0.2243669,0.65366983,-0.31884784,0.30930352,0.43340376
0.28024656,0.2632126,0.83621025,0.9540985,0.99916255,0.5438188,0.12821765,0.22124389,0.69672006,-0.00070564763,0.3804946,0.156934
0.26082668,0.19083048,0.6116088,0.99082106,0.56750864,0.90819716,0.5130926,0.30659926,0.73152506,0.43896377,0.6129361,-0.015735999
0.16442835,-0.008532966,0.57850033,0.86806214,0.52479315,0.6129433,0.33123016,0.23360968,0.7222841,0.37280762,0.6468307,-0.05653634
0.40698272,0.3632271,0.78457385,0.9250444,0.752897,0.74937755,0.31330752,0.28996462,0.4847539,-0.035946187,0.25289732,0.24274474
0.20969176,0.30191928,0.7229407,0.90909415,0.9302689,0.57052565,0.13826932,0.22881651,0.6731199,0.13295883,0.38467175,0.11574362
0.3630689,0.48182812,1.30253,1.4581987,1.7637683,0.7385457,-0.12818879,0.11323319,1.0396199,-0.22283861,0.5063041,0.32030612
0.7196773,0.64925826,1.2572598,1.4053364,1.3128715,1.1037897,0.14823875,0.2803716,0.53456163,-0.3660205,0.22908238,0.5521462
0.540895,0.34289622,0.79673207,1.0305432,0.4833313,1.0538853,0.53766954,0.316473,0.46421564,0.10105891,0.36937147,0.22975811
0.23963347,0.25851446,0.6415696,0.81412494,0.6969267,0.5959431,0.27635214,0.2520433,0.5833713,0.14118347,0.362687,0.095080115
0.109684795,0.015437679,0.7226446,0.9449485,0.79685426,0.5690482,0.122476116,0.20084092,0.9005365,0.40054366,0.72408795,-0.06907292
0.27701998,0.11699279,0.6007316,0.95194054,0.4569687,0.86179036,0.51410896,0.2599417,0.69595176,0.36171204,0.6150433,-0.020419456
0.30374515,0.32368255,0.96928436,1.1266341,1.200185,0.59036475,0.080948964,0.20928483,0.8047349,-0.112748764,0.40934923,0.18802848
0.3751365,0.440501,0.84002405,0.9604376,0.9033376,0.7545784,0.23994167,0.2882483,0.50951904,-0.07633043,0.23296979,0.2600042
0.76656306,0.6210644,0.9749789,1.1945835,0.678218,1.3038752,0.5482214,0.43746847,0.35594767,-0.05770651,0.21378767,0.4111082
0.27684844,0.287177,0.73907703,0.8404458,0.81337297,0.53971964,0.20227338,0.25923032,0.56057036,0.03296152,0.31759417,0.16338173
0.36979023,0.0767025,0.65716153,1.0411437,0.29102653,0.9471709,0.6083153,0.2817041,0.6847284,0.40074387,0.68851495,-0.016551074
0.32586405,0.32000363,0.7086788,0.821811,0.7252245,0.61727655,0.24282378,0.27065995,0.5025538,0.0024824855,0.25908172,0.19071698
0.4047979,0.37043476,0.84034,0.9814637,0.84650576,0.72812176,0.27652,0.27531517,0.5387362,-0.054139093,0.28559944,0.26557782
0.22198671,0.29685777,0.6387975,0.81605303,0.77110684,0.5880365,0.21591605,0.24975099,0.5897417,0.15806696,0.351654,0.11407136
0.26762182,0.48526672,1.032947,1.2142574,1.3246921,0.8141577,-0.03543321,0.21371628,0.8030522,-0.058868222,0.4166807,0.25086972
0.17579415,0.08447897,0.57643366,0.82897574,0.5738939,0.56137186,0.3140896,0.24148601,0.6517876,0.32111624,0.54891515,0.015158144
0.24629019,0.25592247,0.86687356,0.9794942,1.0842879,0.4775653,0.059947446,0.21923396,0.75975215,0.026263645,0.43563706,0.13784626
0.1939038,0.057995304,0.56017566,0.85465497,0.48798117,0.6361057,0.3755319,0.24198681,0.6448583,0.34097287,0.55464315,-0.01860756
0.8105633,0.57225263,1.0436258,1.2890124,0.6465287,1.3755785,0.58412683,0.46705312,0.418802,-0.0500401,0.28414637,0.4267854
0.34808767,0.3425829,0.7769634,0.88648254,0.8244921,0.6139682,0.21155816,0.25846177,0.52787447,-0.03351502,0.27728915,0.21321866
0.2030322,0.19486485,0.60291064,0.9355415,0.6713544,0.7563853,0.30074558,0.25485447,0.7490518,0.37442318,0.56327033,-0.0053500934
0.17224368,0.2229662,0.6927413,0.82263976,0.84768283,0.49364516,0.085348666,0.21412934,0.6785862,0.12163033,0.3961624,0.081436016
0.49316734,0.05451192,0.7600707,1.2457458,0.15779977,1.219625,0.7886199,0.33577225,0.74958175,0.5001735,0.82751703,-0.011539317
0.17030226,0.20859946,0.90844756,1.0982229,1.1933749,0.5186502,-0.010051526,0.22789964,0.9569594,0.15203355,0.5787356,0.09446193
0.40235943,0.2277453,0.6822445,0.9001355,0.42488977,0.8096829,0.43479112,0.29230788,0.45170537,0.08007421,0.33566338,0.1531058
0.40855515,0.50377816,1.1867164,1.3464566,1.5307475,0.7771328,-0.05876128,0.1389425,0.8479239,-0.2074662,0.40951753,0.3428305
0.51081175,0.581303,1.1935599,1.3643534,1.4132556,0.88560486,0.13116293,0.25241113,0.7415907,-0.31162712,0.34445518,0.41774276
0.25279427,0.31649038,0.9139922,1.051806,1.1840855,0.5598757,-0.0089370115,0.17929703,0.76917136,-0.058583207,0.39428282,0.19183543
0.3395087,0.4198618,1.1994294,1.333332,1.618175,0.66302305,-0.123447634,0.14627697,0.99300754,-0.11964132,0.5000367,0.2579799
0.29975364,0.35491058,0.7387897,1.0593331,0.75488317,0.90307814,0.40179768,0.32086933,0.7310533,0.2759635,0.4711444,0.081276484
0.49980882,0.38767964,0.8246702,0.9910149,0.6438793,0.9255972,0.46613058,0.33820063,0.46492922,0.02186753,0.27137178,0.20644952
0.1371833,-0.020714164,0.65447295,0.95572805,0.654263,0.6008804,0.29946205,0.23343697,0.8401927,0.459892,0.7548748,-0.07106056
0.23746294,0.36917028,0.9434708,1.0890694,1.1876224,0.65947974,-0.05021509,0.21357551,0.8076726,-9.465381e-06,0.42920902,0.18599232
0.26030156,0.27494276,0.75298816,0.87451994,0.87408614,0.54013234,0.15302034,0.24179193,0.6098239,0.0039305375,0.3156978,0.1677339
0.36633715,0.16510202,0.65617335,0.97213787,0.3795641,0.8609791,0.53114665,0.27454972,0.5791933,0.29035655,0.5278893,0.068383865
0.2658795,0.18157448,0.6133236,0.7918974,0.5690763,0.5909411,0.30969042,0.2512281,0.53377175,0.11861305,0.3572055,0.07817248
0.2801649,0.38590893,1.089202,1.2408814,1.4712657,0.6159265,-0.11270772,0.13498475,0.90497637,-0.10847863,0.46418336,0.26007688
0.18623248,0.06695964,0.5446996,0.8827847,0.51491153,0.66128916,0.41696092,0.25747645,0.71943694,0.46594915,0.6511673,-0.053280704
0.19007745,0.25880784,0.67022246,0.82121557,0.8333745,0.4774187,0.1771576,0.25127155,0.6272901,0.11657972,0.35913044,0.10860975
0.33856526,0.1469236,0.65509886,0.9405996,0.3992512,0.78293407,0.46857828,0.27593353,0.57366437,0.24931912,0.5018815,0.07405818
0.6845125,0.44384247,0.97881013,1.2854041,0.5930687,1.3046014,0.6435356,0.39822942,0.50534874,0.090846606,0.39729857,0.3363574
0.22385275,0.20517296,0.88152647,1.0106579,1.1106714,0.4500851,0.05176917,0.22874513,0.8025416,0.07712023,0.496573,0.12832129
0.31698272,0.3833015,1.2567297,1.4057388,1.7146759,0.6396923,-0.17673306,0.13667984,1.0703053,-0.11959514,0.5821034,0.25553688
0.4253332,0.3106681,0.75541526,0.94232166,0.6236974,0.78366315,0.3977659,0.29402974,0.47566602,0.023017706,0.3123839,0.2139079
0.29096735,-0.011508832,0.5948173,1.1121444,0.28202468,1.0075094,0.6494879,0.29222366,0.85624325,0.6116575,0.86967057,-0.123362474
0.1941545,0.13750271,0.5651042,0.77469414,0.5915096,0.55510336,0.29883742,0.23493683,0.6121938,0.23798524,0.45796725,0.024897635
1.0588747,0.725223,1.261447,1.6807926,0.65071917,1.8566217,0.8254284,0.55650806,0.5187808,0.050878514,0.4497779,0.5283526
0.23287001,0.27842426,0.95103383,1.0877892,1.1925232,0.62987715,-0.031663828,0.11815974,0.81658113,-0.0021223943,0.4521944,0.12116162
0.3030867,0.35112137,1.0066606,1.1950698,1.2942673,0.6718463,-0.0049666297,0.14882904,0.83194894,-0.057658,0.42559195,0.19105935
0.27837884,0.31078923,0.71491313,0.8287436,0.7985209,0.5647054,0.19222832,0.25377002,0.5378148,0.013792715,0.27419323,0.17631014
0.2978057,0.352319,1.1766269,1.3324938,1.6153244,0.59878004,-0.14780061,0.13337687,1.0081453,-0.100813165,0.5509109,0.24139875
0.40802506,0.38286382,0.9633722,1.0476971,1.0416503,0.659779,0.14342484,0.26131982,0.6269835,-0.122661665,0.33234835,0.2794717
0.14841361,0.17567658,0.73532724,0.897929,0.9378971,0.47062325,0.06812697,0.2253684,0.7392574,0.14702794,0.45296136,0.083265565
0.593873,0.58901393,0.994853,1.1836976,0.93804157,1.0806038,0.4727628,0.37572217,0.4750984,-0.17104062,0.21286076,0.38072604
0.5257876,0.18983181,0.82090133,1.2595341,0.28138772,1.2009106,0.7216183,0.35014462,0.6651263,0.35425255,0.65886605,0.11881865
0.1990349,0.08037677,0.5537399,0.9138615,0.5162635,0.7188577,0.44117174,0.27184552,0.74165046,0.50946397,0.68720627,-0.053450853
0.43327165,0.36167789,0.88416237,0.96410865,0.83190346,0.727835,0.18185742,0.254299,0.44893295,-0.12640274,0.23529446,0.26454535
0.83859015,0.620046,1.0196168,1.3155665,0.6164157,1.4375427,0.61491877,0.44334674,0.41019374,-0.028684191,0.29386628,0.44756785
0.20604739,0.26761317,0.6794112,0.8002773,0.80600154,0.48986602,0.16464344,0.26359254,0.5916013,0.094593436,0.32693073,0.11585923
0.2396336,0.24217546,0.6583438,0.78138685,0.71134245,0.52715087,0.21634139,0.257082,0.5363446,0.064113446,0.30369413,0.11980533
0.35747963,0.23197365,0.6464724,0.8312662,0.505566,0.6777872,0.33077186,0.25542384,0.44614676,0.035780944,0.28632313,0.15294251
0.19044915,0.14858794,0.64455473,0.8198692,0.7167206,0.50194937,0.21581127,0.24001306,0.61574763,0.1581369,0.41378635,0.07139866
0.64469314,0.27891076,0.91249555,1.4209907,0.36859298,1.4875387,0.8514512,0.36657673,0.7462611,0.33828688,0.7023635,0.16887262
0.49949095,0.054222517,0.8032371,1.3936772,0.1948399,1.3191359,0.90356326,0.35099784,0.860773,0.5758126,0.9239545,-0.02916386
0.6287106,0.5967173,1.0810046,1.271255,1.0186272,1.0643431,0.36896673,0.3546785,0.536675,-0.22485325,0.2254143,0.42403236
0.1901533,0.19853297,0.61406404,0.7950458,0.69667435,0.53521,0.24997951,0.25657305,0.60653436,0.15687211,0.38043296,0.050461512
0.17903334,0.28518683,0.905538,1.0564191,1.167766,0.5955608,-0.1309305,0.20062566,0.89149064,0.051228505,0.49715456,0.12791753
0.2354694,0.30989653,1.0195206,1.1899096,1.3564996,0.6889298,-0.1288792,0.03371939,0.88176936,-0.036682874,0.4679032,0.1423831
0.17898601,0.18857148,0.63140285,0.7915247,0.7363366,0.49170852,0.20421723,0.24504137,0.60883754,0.16027343,0.3854828,0.06760489
0.17034195,0.10207823,0.7204881,0.889549,0.78560305,0.5301392,0.15296635,0.17781714,0.7544081,0.17783397,0.52216315,0.030017462
0.33945724,0.38230172,1.2035887,1.3603244,1.6086364,0.6546234,-0.12674266,0.14370063,1.0031979,-0.13211545,0.52622986,0.26734194
0.29955798,0.39329872,1.1468283,1.2972478,1.4961541,0.69884956,-0.10084295,0.13519931,0.9700177,-0.11672806,0.48029745,0.23363185
0.32285267,0.07483917,0.6158727,0.9947851,0.3103166,0.8765625,0.5837642,0.27292332,0.6592123,0.37420407,0.62878776,0.0005272003
0.16019896,0.19049108,0.7250612,0.88974935,0.87681055,0.52424127,0.04618708,0.19981518,0.7405385,0.1550486,0.44398797,0.057914786
0.20266709,0.24358836,0.74642646,0.8549327,0.9387543,0.44367203,0.10382208,0.24729905,0.6777317,0.07393976,0.38872564,0.11940535
0.18918839,0.14481743,0.5911461,0.80226165,0.62519765,0.55247945,0.29333624,0.23716402,0.6047379,0.23391275,0.45409864,0.058089472
0.73390067,0.17138453,1.0481077,1.6709596,0.15015791,1.6828883,0.99987316,0.48255658,0.8239328,0.55404675,0.9428284,0.13078384
0.17575952,0.28962415,1.0116967,1.290735,1.3722924,0.7467958,-0.19113207,0.19752207,1.111137,0.17998625,0.67165685,0.09665161
0.39130133,0.3787152,0.96300805,1.0938758,1.1050907,0.6695525,0.13976398,0.22409701,0.6583252,-0.12087247,0.32885575,0.27243793
0.19461052,0.2299926,0.62907785,0.75931466,0.7499734,0.47530785,0.20566842,0.25961044,0.57931656,0.12891051,0.34669536,0.09040606
0.22401722,0.24186265,0.74859,0.88770825,0.91680396,0.47369102,0.12547188,0.24758849,0.6732076,0.08060734,0.39713186,0.1244888
0.19506109,0.22814554,0.6577475,0.8248585,0.775264,0.5178418,0.18617369,0.251421,0.61864597,0.107068025,0.35457894,0.086696394
0.25795975,0.2695369,0.82052547,0.94789165,0.9857224,0.51293087,0.14243232,0.24417478,0.6879981,0.041366275,0.3985274,0.14743912
0.46645784,0.3541641,0.7823766,0.93982184,0.6531198,0.801505,0.35033816,0.30590975,0.41825542,-0.050500438,0.24981177,0.26361388
0.2446771,0.3059005,0.7280249,0.92302316,0.81050014,0.7236792,0.21327853,0.25343597,0.6420758,0.15375641,0.36639255,0.097991504
0.5106964,0.3539517,0.7411141,0.91993904,0.5209192,0.8926088,0.40829846,0.30545703,0.36744708,-0.030428976,0.24197654,0.2751893
0.49303028,0.35385534,0.77157795,0.9155117,0.58490616,0.8462009,0.3688546,0.31104234,0.3856787,-0.036706373,0.24412644,0.26233873
0.24800643,0.21653265,0.6176248,0.7903851,0.6157844,0.60097754,0.3034399,0.25098094,0.5546538,0.1506035,0.36821258,0.07326052
0.2292135,0.1426196,0.56713027,0.87093174,0.5131304,0.73641515,0.4228852,0.25644538,0.64051044,0.34377137,0.52218354,0.003756864
0.15809847,0.043973282,0.5889057,0.9404857,0.5791205,0.7385612,0.34699464,0.25999963,0.8503715,0.54964346,0.76392114,-0.092065856
0.3936981,0.5410198,1.2012371,1.4386604,1.5246418,0.9448838,0.036115684,0.16682467,0.8866224,-0.07710059,0.4671991,0.29999498
0.5153225,0.35764515,0.79476714,0.95804065,0.56177133,0.88727516,0.37526965,0.29806134,0.3935084,-0.0518174,0.23243204,0.28050026
0.6984519,0.5395271,0.9273833,1.1359413,0.66786516,1.1871982,0.49582088,0.405612,0.3546986,-0.08181921,0.22435756,0.40593228
0.41936475,0.45801255,0.99253637,1.0841373,1.1345216,0.74511725,0.11022709,0.23555093,0.62227917,-0.17720814,0.28748673,0.2906058
0.22113393,0.24648553,0.8062266,0.9462032,0.9568815,0.52291346,0.1169534,0.22720167,0.69921017,0.057325307,0.39707965,0.13391715
0.31210268,0.113225296,0.62727726,1.0776668,0.38919276,0.9637949,0.5935107,0.28893,0.75673944,0.4777395,0.71280575,-0.047647662
0.29798013,0.37585703,0.87617534,1.0211858,1.0571201,0.6505022,0.06691049,0.19205096,0.62982255,-0.06442589,0.31985456,0.21741787
0.21219963,0.07405285,0.5652956,0.8125238,0.46155024,0.59164053,0.35511926,0.2691486,0.5971054,0.30855268,0.52863944,0.005295801
0.29740348,-0.010016812,0.62105477,1.0606412,0.29355845,0.9677948,0.637024,0.27553272,0.8086883,0.50034285,0.7875271,-0.09272387
0.3576603,-0.0053054225,0.6951802,1.070856,0.2785098,0.88473725,0.58102584,0.30166912,0.6905878,0.42127803,0.72634363,-0.037497982
0.30577227,0.4414668,1.1072135,1.273884,1.4978855,0.72040826,-0.13595763,0.13635802,0.86690336,-0.16224086,0.4360721,0.29051706
0.23674859,0.35292032,0.9059383,1.0461298,1.16998,0.6113076,-0.02759749,0.19221626,0.7501186,-0.02658177,0.38838896,0.19619095
0.19756109,0.18259627,0.5768155,0.9007999,0.6365833,0.71871144,0.37472418,0.27666962,0.73112935,0.39264184,0.57333076,-0.008865488
0.54787743,0.57024795,1.0180976,1.1339704,1.1094409,0.9539716,0.20308517,0.301849,0.47410515,-0.25332516,0.20507848,0.42267296
0.17680308,0.03846422,0.55855495,0.9104092,0.5167585,0.67840993,0.41495296,0.2641787,0.75897604,0.51524305,0.71448314,-0.065410025
0.27195662,0.28713644,0.6919853,0.806995,0.7528182,0.542063,0.22952545,0.27204993,0.5508305,0.05442083,0.30659962,0.1421637
0.27836502,0.3210688,1.1092899,1.2373017,1.4890711,0.57273686,-0.1173376,0.13770908,0.9839772,-0.054755583,0.5219576,0.18720183
0.2665268,0.28560773,0.95332116,1.0589491,1.1834328,0.52994007,0.039736412,0.20530815,0.8108658,-0.017695341,0.44654858,0.16862282
0.26543558,0.33152816,0.9668763,1.125051,1.2591839,0.6056309,-0.045503117,0.17472965,0.8184592,-0.05937399,0.42286605,0.21207073
0.23515962,0.21759248,0.6139198,0.7960051,0.62867975,0.6195985,0.305479,0.23343626,0.5777212,0.17254785,0.38339227,0.06031868
0.22241053,0.27534705,0.6130568,0.793708,0.6927407,0.601929,0.22994381,0.24872199,0.57997996,0.13839838,0.32803008,0.09484201
0.22010253,0.2744955,0.8818799,1.0204886,1.037594,0.5922296,0.045123912,0.23638946,0.795506,0.0062164827,0.4263907,0.13816762
0.21275775,0.23078972,0.7788878,0.90256673,0.951828,0.4724847,0.1232612,0.23205233,0.6840166,0.0625228,0.40032864,0.12547418
0.19529408,-0.045889247,0.5798463,0.9547094,0.41655254,0.7347397,0.46535242,0.27246764,0.7843394,0.5479448,0.80280447,-0.103393815
0.58864665,0.35267815,0.83089495,1.1644869,0.427716,1.2224705,0.6159754,0.358353,0.52476,0.14779642,0.4302424,0.23968585
0.20758872,0.24604046,0.8328494,0.9529864,1.0672354,0.45564574,0.0531416,0.22882095,0.770809,0.06077493,0.44613236,0.12629794
0.19082414,0.14319327,0.5673146,0.7680226,0.5957654,0.5376301,0.28648126,0.24113333,0.59954125,0.23862138,0.44768924,0.030433329
0.2695565,0.31421947,0.8738624,1.0107679,1.0984269,0.53728193,0.05801379,0.21750695,0.71026194,-0.055876266,0.37806457,0.19970694
0.43169168,0.5590031,1.2893158,1.4602283,1.6696528,0.85290104,-0.05162971,0.15748695,0.8925358,-0.29454067,0.4278289,0.41287997
0.98306453,0.7402958,1.2024125,1.518899,0.77966857,1.700064,0.72425133,0.57921,0.37741083,-0.046210635,0.31354445,0.57284504
0.18105185,0.019887136,0.5596247,0.9226007,0.4778856,0.73346585,0.42266697,0.25525257,0.7753832,0.48995927,0.72157824,-0.08411403
0.2759825,0.2742018,0.68906635,0.8296006,0.7015281,0.61095935,0.3015401,0.25149053,0.5236479,0.06993858,0.32156467,0.13265043
0.3715909,-0.014000466,0.6510857,1.1012585,0.18571413,1.0157847,0.68534243,0.30384028,0.75464916,0.51374495,0.81890285,-0.08351486
0.89875984,0.68536603,1.1330752,1.3579003,0.79574955,1.3980832,0.501468,0.4937824,0.3560245,-0.1312506,0.22045822,0.5258343
0.15638383,0.1624558,0.7492958,0.8810422,0.9274622,0.46338013,0.045976408,0.19064748,0.7656203,0.13377993,0.47290462,0.05633244
0.59994054,0.46976456,0.87104183,1.0610046,0.66498864,1.0483717,0.47348452,0.3633455,0.39980346,-0.050193295,0.23274636,0.35833636
0.4793402,0.40601927,0.8654368,0.96596354,0.7177038,0.87225497,0.35442257,0.3262669,0.41777554,-0.08981826,0.20170589,0.2759147
0.17573392,0.08554652,0.5801493,0.85922164,0.5753019,0.63384473,0.31742477,0.20599556,0.66686964,0.28678033,0.5083288,-0.01018867
0.12176064,0.159834,0.8360452,1.041614,1.0760149,0.6240685,-0.09822326,0.17026523,0.9768922,0.2535929,0.6452302,0.020573262
0.71684813,0.33409074,1.0106081,1.4741098,0.3916418,1.5735669,0.8196865,0.41133726,0.6925111,0.22405486,0.57129645,0.22899881
0.25395322,0.30967617,0.8727793,1.0022564,1.1461748,0.52381396,0.0018799161,0.17810345,0.7446145,-0.04458317,0.37404817,0.1789012
0.59242773,0.41267747,0.84341323,1.0182662,0.5937592,0.9919733,0.43432504,0.35754496,0.3943205,-0.05052925,0.24995944,0.3350853
0.40377402,0.29622173,0.74564147,0.9333491,0.57676375,0.7820312,0.35971898,0.26277167,0.4771108,0.031781882,0.2904935,0.17383364
0.35644436,0.5222245,1.3989764,1.5831567,1.9730887,0.8070962,-0.29067442,0.054460257,1.1254228,-0.22453326,0.57472885,0.31866542
0.4859965,0.42952323,0.7967189,0.91367483,0.70848346,0.83238757,0.36228222,0.31775805,0.40594333,-0.048671,0.21193357,0.28881755
0.2320397,0.072880775,0.6022404,0.94469565,0.48271632,0.76337653,0.4700323,0.25726974,0.705895,0.3812716,0.624656,-0.05150737
0.26633435,-0.08185201,0.6578061,1.0785384,0.31596047,0.8339476,0.5753298,0.30437922,0.81191385,0.5917766,0.89649683,-0.09661984
0.097284555,0.10286069,0.8378742,1.0694557,1.0919939,0.57694244,-0.05054834,0.18163595,0.9736092,0.28966886,0.6812975,0.013957853
0.4939039,0.10919942,0.782298,1.2707721,0.22470263,1.239133,0.79887956,0.3265326,0.7658496,0.4585035,0.7793785,0.0115159275
0.29139477,0.39940464,1.1290866,1.2594032,1.5347193,0.6247408,-0.13364087,0.14940473,0.92419094,-0.12696515,0.48228398,0.25254908
0.23617256,0.25550747,1.000163,1.150554,1.323741,0.5111524,-0.05166895,0.18528329,0.9261947,0.018068574,0.5179011,0.1616435
0.30640715,0.3034612,0.6804265,0.7867805,0.7093009,0.56574476,0.2339406,0.26472566,0.4802532,0.0035619303,0.2539031,0.18267782
0.8461919,0.66286534,1.1163245,1.4187328,0.80009556,1.4746447,0.63337183,0.47817725,0.43535227,-0.07389426,0.29236487,0.51627845
0.28682184,0.17083584,0.6154979,0.80829275,0.47770634,0.6510197,0.34192473,0.26198396,0.49127814,0.10650031,0.32755136,0.09695455
0.2692833,0.40927258,1.0638914,1.2019444,1.4290432,0.64368725,-0.119992025,0.166603,0.8613025,-0.13115358,0.4438468,0.25138402
0.5260436,0.4308399,0.92525476,1.0774199,0.8250587,0.91809475,0.39548773,0.33296338,0.50176924,-0.08660201,0.2567146,0.28247675
0.24636304,0.31622246,0.8286324,0.9582093,1.0615329,0.51871604,0.044022825,0.19723931,0.6876108,-0.024984151,0.34952596,0.19277026
0.1787042,0.23977044,0.7019639,0.8448089,0.87766016,0.4855854,0.12078235,0.24962051,0.66161263,0.11688179,0.3868121,0.11084639
0.24723592,0.2855226,0.84497577,0.96713996,1.0360646,0.5297264,0.068753324,0.20847252,0.7010511,-0.051926862,0.36752802,0.17081669
0.37365317,0.31700453,0.77178943,0.8723885,0.7435547,0.63009846,0.23147556,0.25963622,0.49295697,-0.04630758,0.26247954,0.2209619
0.23079425,0.19448584,1.0582035,1.2320709,1.4036208,0.5610545,-0.13995408,0.08461555,0.97711426,0.026961572,0.58596784,0.11582855
0.16206205,0.0042784996,0.55384207,0.87390614,0.4960639,0.64264494,0.3705438,0.25413436,0.7433704,0.47771966,0.70231664,-0.07577523
0.22579911,0.12369715,0.6223077,0.9679002,0.574255,0.7301604,0.35753253,0.23352677,0.7097717,0.36913508,0.5775273,-0.009913922
0.11421758,0.09775776,0.636589,0.854781,0.7657906,0.5684314,0.09850301,0.19802332,0.7889516,0.31896642,0.5792026,-0.011087508
0.18803816,0.25581783,0.7237202,0.86107475,0.8926704,0.48503745,0.0827979,0.24353117,0.6598302,0.08257891,0.3651548,0.12601516
0.16459239,0.13929757,0.7655608,0.9208806,0.9119861,0.49176434,0.10868026,0.19609499,0.77502656,0.16472335,0.5159084,0.05009548
0.45531255,0.033906184,0.7379795,1.2282106,0.12628865,1.1664745,0.76722705,0.3542225,0.7373135,0.46005654,0.7780777,-0.00092955586
0.2875809,0.372598,1.1172805,1.2599348,1.4666606,0.65187603,-0.09482348,0.16756192,0.92081624,-0.09739832,0.4959041,0.22990665
0.41462874,0.33908805,0.7383703,0.86502886,0.6081021,0.77778435,0.3510446,0.28787902,0.44123936,0.0051613995,0.24441546,0.21806285
0.24076597,0.27189347,0.81915325,0.95280594,1.0159844,0.51737636,0.0816453,0.22713839,0.7133261,0.029019322,0.37649566,0.15988263
0.1433292,0.07858785,0.7247421,0.9467986,0.82971525,0.54814416,0.17358927,0.19711359,0.8049614,0.2646653,0.59029174,0.009423529
0.26491684,0.3293141,0.9329934,1.0279216,1.2123821,0.5199088,-0.00055663707,0.19856545,0.76018745,-0.07381493,0.4046365,0.19729157
0.5380018,0.42138174,0.80499,0.9370784,0.6213083,0.8828647,0.38137278,0.3237509,0.37375236,-0.09344123,0.19027597,0.30698502
0.12691915,-0.10529444,0.71300024,1.087706,0.6249831,0.8107146,0.23599672,0.21717149,1.0339402,0.6099272,0.92904073,-0.145407
0.3038343,0.40614325,0.8227776,0.9717618,0.9983324,0.6800861,0.18348555,0.22401077,0.6010257,-0.054407697,0.30446634,0.22493869
0.38399336,0.17491104,0.6763057,0.9731888,0.391808,0.87416863,0.5246096,0.28532588,0.5545339,0.23679258,0.4858784,0.09848637
0.47480932,0.06428733,0.75437087,1.2337704,0.19184376,1.1609889,0.76546663,0.31933293,0.7645255,0.5137433,0.83506346,-0.019480146
0.47646892,0.4692638,0.86516774,1.0387828,0.84666824,0.85091144,0.34513608,0.31290543,0.50591165,-0.13040963,0.22851303,0.29133382
0.19398034,0.1975859,0.7614388,0.9724362,0.9221207,0.5595224,0.09931893,0.19085833,0.72486055,0.12838899,0.44384074,0.0953949
0.5417894,-0.14140901,0.89167607,1.6071538,-0.011419371,1.524087,1.0928142,0.42277837,1.0705782,0.83947444,1.284215,-0.1668446
0.24587163,0.15266839,0.59625745,0.8153421,0.52199394,0.6617022,0.36610538,0.24117433,0.5710668,0.1922848,0.41919342,0.046155907
0.19604644,0.02683313,0.70480794,0.9038242,0.68376434,0.5045245,0.23019837,0.24624334,0.71966124,0.27997413,0.5902394,0.0045145396
0.2681777,0.26635593,0.76199794,0.8783859,0.8533081,0.5322703,0.18205202,0.24745089,0.60640186,0.025347969,0.34182936,0.14982499
0.17323604,0.19212745,0.6360682,0.78163576,0.7454145,0.47546232,0.1985874,0.2397818,0.61965704,0.14760362,0.3943526,0.07561836
0.25010252,0.16143033,0.8801022,1.016548,1.0282373,0.4950684,0.13004592,0.21720049,0.7693243,0.07707782,0.5051036,0.13537298
0.3251413,0.3141082,0.72636086,0.82420677,0.7638129,0.5835485,0.20566148,0.26501375,0.4888493,-0.023053082,0.2575598,0.20548606
0.2655295,0.29314312,0.6797741,0.7957479,0.7306386,0.5702918,0.22412644,0.2595892,0.54685163,0.07326311,0.29526103,0.13537052
0.38688734,0.19189955,0.6819489,0.9757803,0.38178346,0.8882187,0.5120896,0.29061466,0.55724645,0.21340185,0.46444023,0.09279563
0.32500565,0.29843807,0.8210669,0.92846936,0.871492,0.5916795,0.19014078,0.25523692,0.59767514,-0.013997008,0.33002463,0.19599813
0.11018751,0.021672165,0.64814764,1.01724,0.72931457,0.7935679,0.13906793,0.18172611,0.9648651,0.5548482,0.8108473,-0.11446478
0.26813236,0.14949827,0.925115,1.083593,1.0491642,0.5242979,0.058761586,0.20960686,0.7811833,0.07769252,0.48925132,0.13657111
0.27332902,0.13564865,0.6052068,0.94310045,0.45287365,0.8240281,0.5221534,0.26568142,0.63370585,0.33710575,0.5387002,0.011500318
0.19062594,0.19003363,0.5897707,0.8100475,0.6289166,0.62726074,0.26431695,0.22949693,0.6251239,0.23085096,0.41459548,0.03392014
0.1871981,0.24096876,0.6942642,0.8306662,0.8486576,0.4825899,0.12673406,0.22749248,0.6243004,0.089173645,0.35814697,0.10127854
0.19990551,0.09793344,0.5666272,0.7757601,0.50826037,0.54734,0.307626,0.25325167,0.57613546,0.2346132,0.44948298,0.025739174
0.13217905,0.028605605,0.7279948,1.0299897,0.724946,0.6889681,0.29445913,0.24854794,0.9278098,0.47728154,0.7652543,-0.084243
0.19370902,0.2854565,0.7011721,0.8717452,0.93286026,0.53163266,0.09778741,0.17878942,0.6187786,0.060270015,0.36993575,0.12546465
0.2801448,0.3019191,0.8500287,0.9540531,1.0256964,0.5144242,0.10488508,0.24037257,0.6952769,-0.0020432542,0.38160568,0.16969928
0.35615578,0.25505587,0.66130954,0.8441546,0.5389236,0.7277351,0.39490107,0.27014756,0.4974762,0.13510087,0.35345912,0.119127534
0.32005095,0.34406832,0.8491556,0.971642,0.9672452,0.6134162,0.18049067,0.23999433,0.6161106,-0.0813638,0.30536735,0.21125741
0.30503124,0.4738029,1.2232798,1.3518565,1.6672571,0.70270514,-0.20651035,0.15955752,0.9906992,-0.15683459,0.52061796,0.27614766
0.19137585,0.2525981,0.8238147,0.9574483,1.0136404,0.5056602,0.047096577,0.24991724,0.7763385,0.09299172,0.44766405,0.12423635
0.28170902,0.15632415,0.616247,0.8608927,0.4881555,0.728302,0.38280374,0.25016114,0.5452324,0.24818291,0.43694583,0.06685337
0.19435647,0.2643703,0.76769996,0.87706375,0.9594338,0.462832,0.057431784,0.22972935,0.6852788,0.051549725,0.3718514,0.12852268
0.24227464,0.23275068,0.7069497,0.856625,0.7890475,0.5349252,0.22663903,0.24484366,0.61707973,0.1034589,0.38494998,0.11578043
0.19626151,0.21319646,0.5904543,0.83786327,0.68239594,0.6228997,0.30544508,0.26629114,0.65630955,0.27350777,0.46434224,0.04213897
0.17572762,0.24878618,0.67151344,0.80938554,0.83094347,0.48882532,0.14303358,0.2616215,0.6359728,0.13593209,0.37110516,0.1022282
0.18940522,0.23660251,0.62355244,0.861122,0.75210905,0.5997262,0.25570518,0.27189946,0.678121,0.21882498,0.43465638,0.061359484
0.18289605,0.052314952,0.5459105,0.84815896,0.49907264,0.6406102,0.3830175,0.2523728,0.691582,0.40827027,0.622161,-0.054695167
0.331262,0.29279602,0.79796875,0.9019806,0.81850445,0.5963293,0.20374817,0.25314903,0.56292146,-0.0118284635,0.31401122,0.19093317
0.35136852,0.28295705,0.77697587,0.8443817,0.7450174,0.5881173,0.1766299,0.24828714,0.46210852,-0.07995601,0.24032035,0.20773804
0.656438,0.50966007,1.0753531,1.2336532,0.9809569,1.0525032,0.3089876,0.3365702,0.49163824,-0.1749087,0.2624404,0.44541016
0.2621275,0.36391664,1.0130643,1.1538253,1.3455435,0.63808775,-0.0834056,0.122679986,0.8283194,-0.085532844,0.42048603,0.20981076
0.13634683,0.17257132,0.74729323,0.91464424,0.9139068,0.5482524,-0.016178839,0.18936114,0.8178047,0.19007288,0.5100374,0.036916178
0.23582025,0.2662733,0.7088937,0.8345918,0.8299608,0.5201684,0.1751357,0.25106004,0.59736127,0.028817844,0.32775813,0.12666713
0.23506206,0.35571426,0.7971487,0.97113806,1.0207335,0.6375778,0.12899849,0.22621325,0.67822486,0.058729675,0.3721612,0.16341835
0.2052254,0.27578068,0.665499,0.82904285,0.7776911,0.5673385,0.18483122,0.2766094,0.6227802,0.15129822,0.35765922,0.10013605
0.20015958,0.2711408,0.73033243,0.84841335,0.87335014,0.511382,0.09782293,0.24827221,0.6370418,0.06255642,0.33949995,0.1328981
0.40042785,0.48307887,1.4755491,1.6472648,2.018943,0.75564855,-0.2250254,0.106881335,1.2359036,-0.17237212,0.64117455,0.31906274
0.26916158,0.34542006,0.95883626,1.1028335,1.2725717,0.55928373,-0.036720116,0.1588377,0.7993015,-0.07925108,0.40412685,0.23379463
0.89162564,0.63507813,1.10835,1.4039243,0.69082475,1.4893855,0.6133281,0.49464208,0.35895997,-0.03945576,0.30225763,0.4994833
0.18321225,0.12176676,0.5610319,0.84872967,0.5795116,0.6225376,0.34049645,0.25593686,0.67418563,0.3546817,0.5566704,-0.005104671
0.21177241,0.17303644,0.5904859,0.9818601,0.6283647,0.81028855,0.45481732,0.2758646,0.8095198,0.50949013,0.6722934,-0.03502284
0.21740456,0.23277259,0.6294404,0.9735431,0.6991204,0.79419714,0.3679494,0.30319554,0.7780194,0.40438563,0.58289844,0.0046891505
0.21854231,0.28471282,0.78632015,0.92473936,1.0035958,0.5062843,0.05990416,0.2198752,0.6795205,0.014158382,0.35664058,0.15797852
0.17699294,0.14711972,0.7848363,0.9590286,0.97622156,0.4549396,0.09509641,0.22345348,0.7989161,0.15618616,0.5358427,0.076058336
0.32952893,0.27390587,0.67959267,0.8090517,0.6154201,0.6417918,0.30880505,0.2727269,0.47687164,0.056753717,0.29284358,0.16254374
0.37432554,0.38808298,0.78638154,0.9352791,0.8134935,0.7249969,0.28630862,0.3058244,0.5195585,-0.08634237,0.24109554,0.20933264
0.34149987,0.4337861,1.0559055,1.18754,1.383226,0.71653265,-0.045104887,0.19641596,0.7600642,-0.18535969,0.3848461,0.33381793
0.34069827,0.21920307,0.66988564,0.85110676,0.5088874,0.7432951,0.38636938,0.260605,0.49548045,0.10346989,0.34436536,0.10612682
0.24182308,0.28425494,0.70305055,0.8993845,0.786811,0.6072581,0.2141286,0.25951484,0.619607,0.12353411,0.3565321,0.10418569
0.3814468,0.3934687,0.7427779,0.8997477,0.7509624,0.71186334,0.3031186,0.29192775,0.4713918,-0.039081294,0.24385047,0.23389187
0.25003403,0.26111755,0.6538078,0.78615505,0.70268965,0.5550985,0.258053,0.27100784,0.53834933,0.083531685,0.31171858,0.117116645
0.25610465,0.27235648,0.65753126,0.850982,0.6681315,0.6591162,0.33562526,0.25343394,0.5601813,0.18233362,0.3716902,0.105625585
0.6807184,0.5514214,0.90977997,1.0890493,0.68614626,1.1222647,0.44566327,0.4075197,0.314985,-0.08322429,0.19032781,0.4185668
0.27257678,0.09472821,0.5774555,0.87437296,0.399345,0.7481066,0.46312064,0.2555362,0.6142734,0.32494345,0.55964655,-0.01305884
0.2040715,0.18392129,1.114421,1.2869173,1.5089993,0.60630757,-0.2423615,0.048993096,1.0774088,0.03291384,0.66320467,0.09063781
0.13596435,0.15551603,0.69862473,0.8644009,0.8577188,0.5046441,0.0798572,0.21071565,0.7650846,0.19788295,0.50610304,0.03771457
0.1994852,-0.19788831,0.7228312,1.1800971,0.41162091,0.84048593,0.5169522,0.2888143,1.0021901,0.7434274,1.072987,-0.17826718
0.22862075,0.25064307,0.78248805,0.9371223,0.90886974,0.5747103,0.14597693,0.23901075,0.6911299,0.012098264,0.37269592,0.11843907
0.36931556,0.34523934,0.7690151,0.8819323,0.7339318,0.6999396,0.28426418,0.27573022,0.49537098,-0.020110797,0.25043684,0.22597344
0.34533325,0.2081755,0.66179633,0.8470601,0.49564433,0.7087847,0.37094817,0.27226675,0.47698414,0.08571714,0.33733827,0.12691826
0.591535,0.4089536,0.86078995,1.0864788,0.5544057,1.1555587,0.5454868,0.3563978,0.47156993,0.03484509,0.31019133,0.27184823
0.25344515,0.18287644,0.6010924,0.8046156,0.5357716,0.6317714,0.33757788,0.27138793,0.53162456,0.15515557,0.3729381,0.07086932
0.22352779,0.24453509,0.76960284,0.88376087,0.9381794,0.47082084,0.1301346,0.23887232,0.6615999,0.051554665,0.37789378,0.13093239
0.41241938,0.34195542,0.73359805,0.8751537,0.59610504,0.78672254,0.40231127,0.29627967,0.4379023,0.07968798,0.27278712,0.19117811
0.23941733,0.1948051,0.8348781,1.0126455,1.020758,0.53347087,0.11659409,0.21417266,0.7739311,0.07310032,0.47397608,0.10543885
0.2627998,0.2831196,0.72561723,0.8377431,0.81693125,0.53675914,0.17477803,0.25542974,0.5740442,0.03693451,0.30828834,0.15355794
0.26511928,0.33100688,0.79879737,0.91968393,0.9675356,0.5307982,0.09732658,0.23825604,0.6281972,-0.037377138,0.31803906,0.1825267
0.12389921,-0.023778498,0.5866319,0.87687933,0.5657604,0.6120049,0.28393447,0.23242342,0.8108594,0.5014715,0.7416224,-0.08876619
0.16283175,0.15423383,0.5951305,0.7853774,0.6760479,0.5354781,0.17745103,0.225806,0.6532941,0.21610615,0.44419128,0.02604907
0.47766858,0.27452236,0.76766497,1.0841769,0.47867388,1.0926714,0.59420466,0.30496913,0.5722172,0.18565989,0.4521838,0.15026441
0.12304253,0.08777522,0.72187155,0.90304035,0.8551786,0.5177735,0.054386195,0.17155881,0.82195896,0.24575405,0.5704777,-0.002447418
0.49026173,0.30374235,0.7310816,0.95369303,0.4480102,0.943106,0.4816268,0.30714214,0.4357656,0.072600976,0.3380301,0.19744837
0.31722015,0.3291299,0.701585,0.89366496,0.7324041,0.6917885,0.32425615,0.29684964,0.57324463,0.10370078,0.32843155,0.14531733
0.20376171,0.27124488,0.7030679,1.0614297,0.8704455,0.84150505,0.142166,0.16982599,0.8265635,0.2665124,0.56865764,0.04111152
0.3733661,0.38089466,1.0230793,1.1488258,1.2370365,0.6457774,0.07101865,0.21501294,0.76250255,-0.1311987,0.39178416,0.2652348
0.28968108,0.33859867,0.7314035,0.87149805,0.80130994,0.60670274,0.21751656,0.25964773,0.5476555,0.0078614745,0.27599156,0.18326816
0.30436194,0.5437414,1.3299875,1.5646312,1.8598807,0.87070847,-0.2548627,0.111535035,1.0935624,-0.12865013,0.5715872,0.31628639
0.48317075,0.020999251,0.7875218,1.3483009,0.13136199,1.2997656,0.8696458,0.3556696,0.82686824,0.55534565,0.88436884,-0.034452736
0.7399517,0.17113261,1.0402049,1.7256486,0.14638844,1.7267655,1.0748856,0.45932716,0.91555375,0.6337621,1.0527021,0.08398995
0.30752534,0.19319269,0.61396575,0.83798265,0.4695159,0.70852906,0.3944615,0.24643087,0.51045305,0.18067114,0.39571822,0.08365012
0.3588463,0.2146798,0.6631632,0.8837639,0.4307611,0.7965295,0.42453492,0.27816135,0.49857143,0.09527367,0.3440572,0.11267144
0.21869442,0.2964133,0.7847432,1.1389474,0.93989146,0.88844836,0.09552815,0.20635444,0.88292885,0.308117,0.5982587,0.051786114
0.22632341,0.3259041,0.92623055,1.0525429,1.2577204,0.5433659,-0.08180648,0.12899464,0.7821538,-0.061525106,0.40202224,0.19729547
0.20937419,0.3113325,0.7154816,0.83800185,0.9265957,0.5095418,0.08665793,0.20625478,0.5884818,0.01669175,0.31270355,0.15199833
0.23870948,0.26050052,0.7294464,0.8550909,0.8542806,0.51821035,0.16267022,0.24439612,0.62347823,0.029039403,0.3313678,0.1237917
0.6994338,0.5547005,1.0059183,1.1714927,0.67639065,1.2011487,0.5561745,0.41905278,0.3608324,-0.13472521,0.17228676,0.3732008
0.25126958,0.30379307,0.68136847,0.8347358,0.74520075,0.61039865,0.27024755,0.28931245,0.5727349,0.15820077,0.34483647,0.1116809
0.23607253,0.37365335,0.85644275,0.99321175,1.0559502,0.6466097,0.0377165,0.2496427,0.70681024,0.022704624,0.37652874,0.17995496
0.18162683,0.22088476,0.75248706,0.88682055,0.9462322,0.4492013,0.08032112,0.23510262,0.7125452,0.09149809,0.4193032,0.11475888
0.13493338,0.04224045,0.63037556,0.8627313,0.6650007,0.55714995,0.19487058,0.20452172,0.77180624,0.37104917,0.63212574,-0.036108468
0.46787846,0.36677235,0.75715023,0.93091005,0.6262281,0.85214317,0.42147145,0.30306646,0.4474312,0.026559487,0.2839509,0.23076303
0.1929709,0.2734704,0.7238987,0.8615161,0.9388733,0.48281407,0.069466814,0.21006954,0.6378728,0.03856369,0.34689373,0.13951147
0.28634852,0.33124685,1.0355893,1.1498319,1.3521143,0.5587277,-0.046961144,0.179744,0.8831926,-0.06654178,0.46684468,0.20612039
0.2633363,0.31560624,0.7797409,0.9169798,0.88339794,0.5818709,0.15535754,0.26710677,0.6117413,-0.038244087,0.30484343,0.16324556
0.43891016,0.31911337,0.72590137,0.9081115,0.5530008,0.8482076,0.3713855,0.28060412,0.45563605,-0.0021876073,0.25610712,0.21832474
0.2746153,0.2979288,0.76800174,0.9009307,0.88741004,0.5949589,0.16750994,0.20057301,0.57208985,-0.033631004,0.3025381,0.17020896
0.189399,0.15012962,0.61161625,0.89494747,0.6489351,0.6328604,0.30424199,0.2387195,0.68686163,0.31835282,0.51138014,0.0046706963
0.51789546,0.6387556,1.4000102,1.5548751,1.7543017,0.9971695,-0.100641385,0.1519343,0.8578233,-0.32682282,0.40963513,0.45880836
0.2048742,0.15781516,0.67417395,0.8656471,0.7142272,0.60308635,0.20256062,0.16382426,0.6486163,0.124056846,0.39837605,0.04269251
0.15890333,0.1205533,0.5763586,0.8123356,0.6315844,0.55396056,0.26315498,0.23394814,0.6629191,0.27003664,0.49076667,0.013149546
0.19940618,0.2639897,0.7345036,0.8474593,0.9015373,0.47240484,0.10273689,0.24634823,0.65725034,0.07586211,0.3628878,0.123921774
0.36096483,0.39237654,0.77867407,0.9849128,0.8122618,0.83194375,0.36714652,0.32820433,0.58571,0.037191413,0.2994076,0.17084578
0.18294495,0.21022378,0.6022881,0.78815144,0.7238803,0.52141434,0.25610232,0.25712132,0.61738235,0.19819772,0.4007521,0.058804885
0.24611206,0.25163338,0.99562067,1.1799413,1.2365985,0.6213109,-0.0070828106,0.19534045,0.9300579,0.021934144,0.51709515,0.1492291
0.22001909,0.33767304,0.76854604,0.934409,0.9977176,0.60638124,0.10731628,0.23102714,0.6485907,0.05469901,0.3602264,0.14788228
0.27850556,0.3307075,1.0099591,1.1483235,1.3377271,0.54890996,-0.03410905,0.1703054,0.870997,-0.048784923,0.45764178,0.21659082
0.1425133,0.020182768,0.6217632,0.8598922,0.64859164,0.5265408,0.25433192,0.22799383,0.74451154,0.372948,0.6371721,-0.038836375
0.19955727,0.21624443,0.6810456,0.81240904,0.82081664,0.4671274,0.17673382,0.24872202,0.62421167,0.120370135,0.38499445,0.10045109
0.3120841,-0.19479911,0.6880162,1.2686963,0.14793736,1.153753,0.73391104,0.33614042,1.0332041,0.7998451,1.148478,-0.24377683
0.20850445,0.2823968,0.63283825,0.77149755,0.7507105,0.5550652,0.18351202,0.23821273,0.58491516,0.13497111,0.3319716,0.111514665
0.22431403,0.2915378,0.709053,0.82770795,0.8789741,0.5100238,0.10459512,0.20547983,0.5746685,0.00022932573,0.2982316,0.15809181
0.2944584,0.38614523,1.1236135,1.2742169,1.5287355,0.62669957,-0.13581787,0.11075249,0.94320166,-0.12132751,0.47453755,0.24657045
0.2257316,0.23230165,0.95128417,1.1065786,1.2386444,0.5217559,-0.0451396,0.18913725,0.88968176,0.02012414,0.49075717,0.16078869
0.2207203,0.38084233,0.75507534,1.101317,0.96455383,0.90307677,0.077700034,0.21265325,0.8394897,0.25790855,0.53320897,0.1020207
0.45524362,0.25308076,0.7677394,0.97525024,0.5371907,0.82393086,0.4101079,0.30142498,0.490106,0.096263036,0.38214374,0.20343734
0.2540814,0.28053346,0.69572145,0.86002374,0.7542292,0.61015457,0.22732987,0.27843416,0.60402304,0.06521094,0.31866276,0.100642934
0.3930663,0.39992163,0.7787995,0.92579633,0.79927754,0.7044669,0.30046815,0.29649302,0.49323046,-0.06338653,0.24935165,0.23693272
0.20356408,0.23807126,0.8635141,1.0037335,1.0730414,0.50777876,0.033365034,0.22421613,0.8121525,0.067215905,0.46464828,0.12966582
0.14264601,-0.0035462175,0.57639897,0.9186209,0.5199471,0.7215275,0.30297983,0.23809798,0.8497528,0.57234776,0.7898941,-0.10886001
0.3075633,0.15182412,0.62873876,0.88317543,0.42351332,0.7400961,0.43593776,0.27247536,0.5547461,0.25409958,0.48951477,0.052718062
0.2093078,0.29778978,0.7110393,0.8734714,0.8229258,0.6167477,0.16497578,0.27556694,0.65193266,0.12455131,0.3628319,0.11346249
0.18815614,0.17227797,0.83516157,1.014172,1.0238307,0.5271957,0.052496273,0.19148944,0.8294854,0.12384039,0.5055387,0.09096147
0.19622833,0.23416749,0.9595324,1.0795695,1.2718227,0.5130215,-0.12958276,0.14668386,0.9120507,0.018261295,0.509675,0.12349903
0.39200255,0.34105474,0.7817055,0.89111304,0.75441074,0.67767256,0.24573028,0.264424,0.4634169,-0.06291513,0.2438118,0.22387607
0.16236272,0.21954034,0.65145767,0.79756665,0.81337595,0.4629171,0.14811003,0.25290868,0.6430326,0.14275102,0.38457865,0.09341883
0.5076071,0.40470606,0.8589442,0.9776656,0.75438297,0.8499057,0.34265766,0.31659383,0.44551364,-0.06264597,0.25627467,0.2983767
0.22924395,0.14787747,0.780463,0.9450122,0.85753965,0.52457917,0.15970345,0.22555399,0.6818682,0.12387642,0.4617103,0.10896128
0.34596807,0.41277874,1.0890048,1.2250077,1.4409381,0.64862424,-0.09045036,0.13911873,0.8293043,-0.17753308,0.4139757,0.26407048
0.28179294,0.32784274,0.66934997,0.86517155,0.73718476,0.68845385,0.31465396,0.28980798,0.57282466,0.15910448,0.35471642,0.12969552
0.23935975,0.28722143,1.0008677,1.120306,1.3001614,0.53162473,-0.047372747,0.18476763,0.9010951,-0.0024776193,0.49098307,0.16392967
0.1554552,0.0049280245,0.62167865,0.97005236,0.5738177,0.7798078,0.26448345,0.21411836,0.92176914,0.5997894,0.8291396,-0.13007283
0.23229101,0.22585773,0.667797,0.784737,0.7627704,0.48165384,0.17684403,0.25331002,0.56607777,0.04549903,0.31846696,0.123102315
0.2716726,0.3309257,0.7220767,0.8610289,0.79155517,0.6596322,0.26680335,0.2776696,0.5490815,0.057843197,0.29221678,0.16804326
0.56455374,-0.033007182,0.8821059,1.49179,0.03921134,1.439046,0.9771407,0.41601008,0.8957273,0.66097546,1.0780796,-0.056260325
0.23354986,0.27061304,0.8417205,0.9334842,1.0381542,0.48039177,0.07665428,0.2256378,0.7188421,0.020904528,0.3964069,0.1414696
0.24388187,0.2716874,0.7126621,0.826692,0.81974435,0.5138748,0.17285968,0.2542069,0.5952795,0.051194392,0.32845753,0.13526194
0.2879034,0.27788177,0.6785209,0.8012596,0.69114316,0.5851429,0.24058774,0.25031027,0.5013575,0.028815886,0.27785334,0.15098292
0.2725187,0.3263395,0.80590975,0.91895294,0.9553026,0.57913625,0.09048991,0.20816806,0.59509116,-0.051972553,0.30232987,0.21214259
0.53764236,0.5924182,1.2392193,1.3818768,1.4476211,0.90613157,0.109379075,0.2536171,0.7638459,-0.30314827,0.34993643,0.4171779
0.23743162,0.28258923,0.83145726,0.9732691,1.0653516,0.53191125,0.036598135,0.19681165,0.7302843,0.004596057,0.37517932,0.1483179
0.475095,0.57164174,1.5183792,1.7164813,2.0713527,0.8495836,-0.20504563,0.10746831,1.1725907,-0.27548334,0.58233666,0.3900316
0.29020882,0.28590924,0.704644,0.840764,0.73705363,0.59258974,0.2742117,0.27232012,0.5408186,0.04840122,0.31042773,0.15366846
0.18009312,0.25589314,0.8243878,1.0016997,1.064644,0.573021,-0.0058418205,0.17962067,0.7761705,0.08779976,0.43939555,0.12882961
0.2407245,0.2650118,0.892278,1.0257773,1.1662039,0.4947224,0.004238136,0.19817653,0.8018904,-0.0017541865,0.4296102,0.16043325
0.20881258,0.18719262,0.63928705,0.8106401,0.7011001,0.53941065,0.24769376,0.24093574,0.60435253,0.14055528,0.39434993,0.06396826
0.71168506,0.44621512,0.9445446,1.2506099,0.49197668,1.3389711,0.6662103,0.40680468,0.4720429,0.0900015,0.40830213,0.3210943
0.25053287,0.027147887,0.55170584,0.9325786,0.3539457,0.80109257,0.50785697,0.2662301,0.7146309,0.4802108,0.7084179,-0.07319576
0.3258877,0.25104123,0.6698407,0.8793152,0.5348089,0.80184495,0.43139762,0.29993874,0.53174865,0.1268714,0.35460603,0.10071156
0.30288067,0.22090064,0.6390309,0.8248148,0.54048526,0.6665296,0.36384684,0.26395378,0.51225704,0.13109279,0.35510036,0.10394362
0.15077844,0.06913471,0.5792516,0.8711488,0.6198081,0.629184,0.22649865,0.22419104,0.75842893,0.3874633,0.6149744,-0.031550396
0.23663339,-0.045688227,0.58727705,1.0694124,0.3253281,0.8677612,0.5856312,0.3032793,0.82129186,0.57300735,0.8276435,-0.11511613
0.12324661,0.06837948,0.661564,0.8523845,0.7674717,0.47057056,0.18551996,0.22768563,0.7583348,0.28884718,0.5842347,-0.005522211
0.2203231,0.30313823,0.89065593,1.0479001,1.1793951,0.51559246,0.011120104,0.1815907,0.76392955,-0.050215814,0.4195965,0.18992141
0.34947318,0.3286259,0.71411806,0.8314029,0.6735425,0.66585404,0.30975503,0.280945,0.4815686,0.04278834,0.27112684,0.17740014
0.19172275,0.24990326,0.6491382,0.79292655,0.7844987,0.5113953,0.18513805,0.25282177,0.61009896,0.12300923,0.3456825,0.09044996
0.19341156,0.117124364,0.5608192,0.80665714,0.55232644,0.6023913,0.3312662,0.23441163,0.63673276,0.30335024,0.5140568,-0.004964347
0.28195655,0.31038436,1.0138851,1.1893935,1.3559997,0.5902628,-0.053932007,0.14279598,0.87656164,-0.06216439,0.4648424,0.19891578
0.15688127,0.17273326,0.593877,0.801782,0.7075913,0.53334326,0.22126056,0.2429364,0.6698809,0.251373,0.46251845,0.033457093
0.24926694,0.3246601,0.850398,0.9709281,1.083729,0.5048101,0.056667168,0.21994163,0.6967068,-0.054867916,0.35614628,0.18711756
0.15930744,-0.077221766,0.6306397,0.9527483,0.52422774,0.70394534,0.28796303,0.19457495,0.8448391,0.4668106,0.7525861,-0.10258744
0.18776548,0.26821887,0.73523164,0.86457855,0.92113614,0.5307222,0.025336213,0.20904729,0.6941709,0.08230989,0.38274914,0.1048596
0.19359037,0.053780578,0.5635857,0.9886528,0.47739154,0.83853024,0.429978,0.26386,0.8358204,0.5676669,0.77425116,-0.10668839
0.12775186,0.05540774,0.76010203,0.95113355,0.89117324,0.5508773,0.09097116,0.17091177,0.8775148,0.2952337,0.6599524,-0.024813712
0.2861487,0.06570156,0.5717587,0.89620733,0.29660714,0.7921909,0.5031181,0.27001786,0.61150134,0.31616816,0.54406846,0.003078389
0.25663823,0.15661599,0.634424,0.88240975,0.5422664,0.7185263,0.42942098,0.24025595,0.59449637,0.2469813,0.48515072,0.043107748
0.33470058,0.31632033,0.7177659,0.84186786,0.71874845,0.6231688,0.2742094,0.2802065,0.512398,0.021036074,0.27684173,0.18439305
0.17255858,0.093370244,0.56005025,0.82719177,0.5641538,0.5870981,0.30917004,0.25096425,0.6709208,0.33290783,0.5609789,-0.002239584
0.15587842,0.1705297,0.591438,0.77603096,0.6987258,0.4959456,0.20284921,0.23795947,0.63781726,0.22300822,0.43065402,0.04260764
0.21481892,0.24381214,0.808341,0.9393303,1.0260297,0.46093532,0.05866197,0.2255399,0.73176205,0.044212755,0.4140531,0.13743632
0.38342494,0.7163314,1.6425864,1.9316168,2.290751,1.1808118,-0.39151946,0.13958167,1.3165622,-0.1947273,0.6888371,0.41544572
0.24382728,0.33824503,0.9165034,1.1182034,1.1451985,0.725024,-0.012030381,0.15992458,0.79889333,0.03553681,0.44371027,0.14977184
0.4632344,0.36513877,0.7818363,0.9220789,0.6174936,0.8490543,0.38442725,0.30570388,0.44292358,-0.0063175694,0.26534992,0.24541062
0.5538024,0.41220084,0.81529665,1.0329,0.56401694,1.085183,0.54128414,0.37467957,0.45507082,0.041191056,0.27859467,0.24398153
0.23615827,-0.05070344,0.55453676,0.98428166,0.26221168,0.7935514,0.5559517,0.30020124,0.72626346,0.49013248,0.73550344,-0.06186168
0.3478975,0.42794454,1.0328777,1.188594,1.2904774,0.7001614,0.06568072,0.20513809,0.72168994,-0.22186896,0.3451328,0.27536938
0.2809937,0.3304679,0.75751424,0.8926625,0.88863385,0.5600858,0.17307873,0.2477934,0.57694995,-0.0366306,0.29465967,0.18949834
0.21123692,0.26091552,0.7614088,0.8776922,0.933918,0.48482725,0.08100978,0.2320094,0.6679503,0.043599725,0.35549146,0.13632017
0.21594396,0.20599476,0.8026814,0.94429827,1.004177,0.4531029,0.089056216,0.232362,0.7199041,0.08096101,0.4469141,0.119802676
0.15265703,-0.16993849,0.6668538,1.0110167,0.4293196,0.75912505,0.4053455,0.25909263,0.9296303,0.66616076,0.9664384,-0.18236682
0.34643608,0.24146855,0.6746043,0.89992565,0.5166092,0.7948711,0.4072372,0.27304476,0.5269331,0.08412076,0.3514191,0.11428904
0.16128318,0.18868871,0.6735215,0.84158725,0.8371122,0.5021086,0.080128744,0.172151,0.65635103,0.12812889,0.3949845,0.060180247
0.3263864,0.30922803,0.81181055,0.9052676,0.86458266,0.5764902,0.19600067,0.25690374,0.5892262,-0.0060428833,0.3281356,0.18989527
0.16655949,-0.033622183,0.5983601,0.9914476,0.49719983,0.8001898,0.390308,0.2326824,0.8992646,0.58669966,0.830774,-0.13277712
0.12952143,-0.0011311173,0.5922452,0.9368234,0.5568893,0.75236386,0.30811557,0.22387947,0.8772772,0.55121636,0.78148836,-0.11813954
0.40596655,0.32075956,0.74006414,0.87198955,0.64506054,0.7166287,0.31612295,0.28427956,0.4484923,-0.0072568334,0.2593659,0.21093413
0.27112937,0.36275357,0.840676,0.9883793,1.0607357,0.59548897,0.065680034,0.19384252,0.66628754,-0.023708686,0.3392961,0.21051894
0.25855434,0.46964335,0.93462294,1.0622828,1.1472578,0.78202593,0.022557959,0.29585752,0.75283957,0.026630737,0.41970128,0.23581581
0.1947207,0.059622042,0.55431306,0.8409424,0.45509335,0.6243135,0.3667407,0.26293468,0.6304362,0.32618144,0.53383064,-0.015759993
0.72121215,0.3437945,0.99715924,1.515373,0.34004784,1.5801399,0.882623,0.41745692,0.71005434,0.34546718,0.6929827,0.22300386
