TeamExp,ManagerExp,YearEnd,Transactions,Entities,PointsAdjust,Envergure,Language,Generated_Var_1,Generated_Var_2,Effort
0.32222897,0.48075393,0.59001774,0.10238244,0.61139333,0.21110524,0.570246,0.95438486,0.17619365,0.63784444,0.20107979
-0.038829327,0.8025446,0.46309808,0.16892354,0.120127454,0.059088096,0.3919584,0.72906953,0.15538411,0.82885355,0.17901638
0.67642295,0.8927982,0.5275607,0.13613999,0.20046365,0.093498796,0.3590527,0.92716044,-0.015470971,0.5906543,0.15271166
0.17248484,0.18997075,-0.04453134,0.2322893,0.16730003,0.124827445,0.5641563,0.91699874,0.2622284,0.9550108,0.18365875
0.38950938,0.87497735,0.32413632,0.14865305,0.10337615,0.058473013,0.33579844,0.9213744,0.03596067,0.77142084,0.15970194
0.017916977,0.29854003,0.38368496,0.20913632,0.17619258,0.12509793,0.41997817,0.9252131,0.23922256,0.7646834,0.15424426
0.22155932,0.26887423,0.051543023,0.13750404,0.11527506,0.042751614,0.36888087,0.60859215,0.19341996,1.0289282,0.14428973
0.8934251,0.44538227,0.8611369,0.31690276,0.27430323,0.21958429,0.67449284,1.0990857,0.022605024,0.11439049,0.4659035
0.23479488,1.0397636,0.44664606,0.24645357,0.15088694,0.13792738,0.5522127,1.067185,0.05765968,0.6208981,0.2592728
0.45857024,0.9420893,0.6206831,0.19035088,0.39484438,0.17003503,0.119756244,0.5663748,0.04215096,0.8484582,0.15424536
0.68179786,1.0020467,0.2195195,0.1102407,0.14160122,0.054754652,0.2899725,1.0521616,0.023375075,0.69950867,0.12963912
0.5155269,0.83960736,0.5392319,0.23157673,0.35324168,0.23669524,0.6992933,0.55159247,0.111556776,0.5036726,0.2414788
0.7466334,1.0571113,0.57140607,0.26112595,0.45340398,0.2756748,0.7457975,0.9602083,0.027906468,0.4706982,0.38161543
-0.012018099,0.9423105,0.68274146,0.280498,0.13016844,0.15995613,0.48753184,0.91046375,0.17173824,0.649286,0.23751247
0.056865193,0.48522073,0.63744545,0.2617377,0.22194871,0.1790756,0.4680339,1.0832609,0.2084649,0.5180586,0.23695308
0.71369916,0.9597033,0.531819,0.26398835,0.42539656,0.28722513,0.7055929,0.81956434,0.05779468,0.45986614,0.29562727
0.5477398,0.2648169,0.7159324,0.43104112,0.14871646,0.2464592,0.545182,1.1686392,0.09684149,0.2720465,0.42723614
-0.0049366057,1.2112218,0.5462293,0.2432789,0.18779624,0.12041709,0.6233835,0.89324784,0.16687344,0.788281,0.24872679
0.7335271,0.33240628,0.5459372,0.13842894,0.5002537,0.20014961,0.615201,0.9185692,0.06102988,0.48093012,0.18878207
0.42099017,0.3530092,0.16051751,0.37844867,0.2244072,0.23066,0.63223684,1.1358153,0.12477698,0.6384509,0.385596
0.63504755,0.90388936,0.616224,0.1547356,0.97506315,0.37544584,0.34875223,0.731349,0.10103288,0.80885977,0.37585372
0.024864115,0.30097276,0.52629566,0.28231663,0.19113044,0.1797207,0.42654064,1.0265937,0.25207403,0.6038873,0.17261934
0.71543545,0.3696667,0.48016667,0.19723804,0.4814108,0.22766216,0.6778733,1.023712,0.05138177,0.44226608,0.28805465
0.5246057,0.18080589,0.6121186,0.1983039,0.203362,0.14216688,0.5149829,0.8976406,0.116852075,0.46151322,0.12498966
0.58896416,0.3432949,0.7722996,0.28297886,0.19288072,0.18970913,0.5949573,1.0000892,0.07063501,0.25256753,0.3218035
0.75694126,0.9882154,0.44483703,0.18702863,0.3934917,0.20446576,0.74158204,1.0021788,0.006162581,0.4373887,0.36707982
0.666471,0.8925908,0.45821735,0.08982739,0.17772478,0.058432728,0.26010972,0.99863327,-0.017641189,0.5844782,0.106776536
0.7090222,0.99396473,0.43660092,0.1592108,0.2901466,0.13495849,0.39292106,0.97394717,-0.004742951,0.59630996,0.22619286
0.7711928,0.928568,0.4443177,0.12581939,0.1856577,0.07068507,0.27987552,1.0819218,0.08059058,0.56157804,0.089279935
0.13247837,0.44903085,0.62726384,0.04530338,0.5352689,0.1548807,0.5154892,0.92370296,0.22413325,0.6505487,0.1276673
0.76679665,0.8370012,0.5646665,0.28273818,0.4502101,0.30010828,0.69448364,0.8755627,0.014167621,0.380319,0.48983932
0.03315068,0.6525499,0.52662504,0.18715264,0.13639082,0.04741316,0.0676106,0.33785373,0.1600342,1.0697405,0.20956558
0.7297683,1.045301,0.61083156,0.6067718,0.54003626,0.5750028,0.7620792,0.8128917,0.061903037,0.41488212,0.7564766
0.23188323,0.34428084,0.2972428,0.25084886,0.3200997,0.2016673,0.6048317,1.074714,0.16964236,0.6323349,0.25894582
0.64543426,0.8444144,0.5617582,0.14793263,0.09813885,0.057547078,0.12058718,0.9504235,-0.011048557,0.619979,0.091906756
0.70033675,0.84407705,0.38922235,0.12587474,0.51506716,0.18132344,0.5081624,0.9552716,0.036885187,0.66833997,0.24329597
0.051797844,0.23097353,0.88375515,0.10910867,0.0576727,0.019225713,0.30905467,0.7037061,0.28769556,0.5334754,0.090505525
0.4949805,0.8934618,0.4311319,0.093109325,0.15947658,0.060715735,0.373158,0.96817833,0.0108814975,0.577466,0.12958986
0.5084767,0.98048764,0.5759172,0.107338876,0.64343446,0.21916121,0.4477885,0.86475796,0.063558586,0.71624255,0.27341643
0.13519673,0.97898203,0.7228685,0.03480054,0.89419734,0.2372801,0.26492265,0.6072546,0.20647617,0.93114233,0.2776211
0.027984515,0.28854153,0.35221982,0.1839508,0.27523482,0.14121494,0.49594048,0.9349685,0.26919737,0.7543718,0.1495356
0.7375495,0.5158798,0.3038989,0.21368714,0.23957159,0.15239708,0.57692575,0.9837592,0.03369916,0.48813692,0.2967137
0.5103557,0.9390413,0.56795716,0.14653619,0.49597228,0.2057374,0.45267972,0.8792566,0.041190796,0.6669825,0.26522115
0.0031953007,0.11424345,0.72629344,0.111658245,0.118053004,0.028150823,0.24535823,0.73061407,0.3405865,0.6609364,0.07250827
0.6854864,0.9751771,0.44137725,0.13094708,0.23272385,0.09454461,0.3795582,1.0455446,-0.005588291,0.6059738,0.18352476
0.52870905,0.7425089,0.012225127,0.3027806,0.19383737,0.1915144,0.7088792,1.0971966,0.07160249,0.6411317,0.38758737
0.9022512,0.7864138,0.575764,0.31274468,0.33437577,0.25165963,0.83142,-0.21041194,0.5154111,0.41825077,0.08213228
0.0317379,0.2732311,0.66940135,0.072516814,0.24183431,0.060672224,0.23710614,0.7911547,0.32258233,0.7084584,0.07148251
0.7317196,0.7551577,0.12384753,0.13030443,0.18420926,0.09434317,0.48529145,0.96940076,0.07214718,0.6181168,0.14430681
0.25943482,0.18882044,0.63345486,0.43151104,0.06239882,0.22913149,0.43350488,1.0660331,0.20079368,0.37570614,0.3060888
0.029469863,0.37708205,0.48556754,0.27325067,0.19872825,0.18302871,0.4551573,0.99699414,0.23656806,0.59461683,0.21502802
0.5953857,0.8378642,0.565372,0.13618578,0.57964,0.21909323,0.384325,0.8240152,0.047274463,0.71528673,0.25494078
0.7488897,0.8028059,0.59655064,0.124007925,0.17237253,0.06446471,0.33183336,1.04765,0.0061073406,0.47002676,0.10970682
0.7414935,0.91151094,0.5825008,0.32284003,0.6343777,0.3845262,0.35883224,0.69336057,0.021612003,0.6456953,0.41516748
0.6871503,0.51726043,0.82997453,0.28160217,0.18309294,0.18462315,0.61371875,0.9688789,0.048318148,0.18227372,0.36181206
-0.005213216,0.3092843,0.67571205,0.3493169,0.12959042,0.20773417,0.41868025,1.0598167,0.26575807,0.50292283,0.21024445
0.7906565,0.94995826,0.67032236,0.41454762,0.49842367,0.4162426,0.96958375,0.5993566,0.06229814,0.30458936,0.5632261
0.73255,1.0264379,0.49204323,0.19684392,0.37901142,0.19724491,0.6377773,1.032158,0.005550261,0.4910057,0.34531298
0.6942768,0.908193,0.6654588,0.5609005,0.50067633,0.53245056,0.60809255,0.66415256,0.06156826,0.38437873,0.6618245
0.24763846,0.19766076,0.3459819,0.29240698,0.2514501,0.20745486,0.5342872,0.9635487,0.18023615,0.652966,0.21868974
0.32122123,0.72290474,0.020643849,0.16927661,0.15009695,0.07257386,0.54776543,0.91318864,0.09897932,0.8893941,0.23601687
0.7430484,0.3550905,0.41422918,0.1753611,0.60374206,0.2536631,0.7531799,1.0229173,0.06499428,0.45729998,0.30214426
0.57297075,0.8212024,0.6256443,0.15994242,0.47422406,0.20128058,0.3358546,0.7573958,0.043811046,0.69952303,0.27963278
0.6848598,0.8136563,0.5954085,0.13866583,0.8973695,0.34146953,0.46508375,0.78700817,0.08093996,0.6989373,0.37259662
0.6381904,0.22899069,0.37700573,0.25701162,0.15445954,0.14494137,0.39237747,0.901596,0.062159617,0.5971928,0.19259077
0.038623415,0.056850422,0.7189466,0.14308764,0.07591386,0.032755706,0.30800754,0.7464389,0.32149765,0.6629406,0.050922554
0.34591168,0.09088119,0.8211253,0.2557173,-0.0018180329,0.09580003,0.39219275,0.94281775,0.18946642,0.3499195,0.17239213
0.719207,1.0466383,0.41793913,0.18659805,0.33049792,0.1625672,0.5692265,1.0036727,-0.0042186542,0.5539808,0.3163027
0.66981816,0.90600574,0.52762437,0.20629337,0.32545194,0.18563305,0.5147419,0.91646373,0.04136699,0.4363328,0.33195022
0.64766073,0.50630504,0.056036748,0.10530087,0.18927018,0.06421365,0.32602853,0.7826322,0.040173084,0.8322097,0.13864957
0.26226002,0.8073389,0.56212544,0.13247989,0.055530004,0.02511923,0.87862223,-0.6315105,1.0578287,0.46678266,-0.13860336
0.035330564,0.82814425,0.65576303,0.13300252,0.3465647,0.13763727,0.40175435,0.78423643,0.17400968,0.72770053,0.18180838
0.090555966,0.27450114,0.6291851,0.18405968,0.24660726,0.13759595,0.4557438,0.9889027,0.27568147,0.586908,0.0944862
0.7055611,0.9986578,0.27042514,0.17012867,0.2917332,0.1485441,0.5662721,1.0375228,0.007866573,0.595221,0.3062646
0.44562668,0.9642373,0.58805174,0.15199098,0.32586083,0.13764128,0.23152834,0.6972951,0.028732555,0.7559456,0.1857644
0.31850123,0.3484285,0.53187585,0.17841536,0.20838241,0.1321258,0.43368784,0.8895199,0.10336081,0.5753729,0.1608698
0.74405473,0.9842408,0.48915723,0.2924263,0.4469877,0.3104406,0.7819899,0.9116512,0.022008842,0.38732708,0.5184217
0.6902565,0.94790804,0.22779436,0.10307485,0.1273994,0.0358452,0.18572204,0.97692835,0.01137148,0.72387767,0.090783775
0.19670877,0.23733237,-0.049169954,0.2707785,0.17196037,0.14034382,0.62759507,0.9639191,0.22403048,0.88436973,0.20896009
0.64186245,0.37326914,0.23046768,0.15349819,0.45173395,0.17419739,0.7427611,1.0160273,0.076727174,0.5644641,0.22433302
0.6067736,0.40167025,0.56974316,0.23801558,0.44590935,0.25471246,0.664974,1.0053182,0.058322594,0.37377688,0.37761
0.611074,0.4476965,0.517772,0.2837523,0.37795904,0.24144782,0.64575636,1.1283048,0.061072595,0.4181931,0.3747975
0.66225463,0.809655,0.60307854,0.3991882,0.43418843,0.3916772,0.60731477,0.6605485,0.030631045,0.3871459,0.5084784
0.7561688,0.863106,0.4594208,0.25725344,0.31283644,0.19789383,0.669074,1.1183248,0.007689121,0.45385647,0.40863964
0.95891285,0.25592571,0.6138247,0.23336633,0.275615,0.15489572,0.66046715,1.0251292,0.049551517,0.31055045,0.30307227
0.74647695,0.97935086,0.42899612,0.1339511,0.23061232,0.09701538,0.2940111,1.0582427,0.012585216,0.59698546,0.15830623
0.22610666,1.0468818,0.5102127,0.16033344,0.25960022,0.125649,0.6094737,0.8905599,0.093582384,0.6552128,0.23192021
0.72284144,0.9496754,0.61188114,0.21963269,0.4049425,0.23621447,0.62259156,0.7872636,0.02070667,0.4453219,0.28489092
0.10013901,0.8197936,0.6499461,0.21134141,0.28386688,0.11238507,-0.059710003,0.32730016,0.16201003,1.0920155,0.23891151
0.68711215,0.99916154,0.30256572,0.09382297,0.1638181,0.05305873,0.32121974,1.0970538,0.020205678,0.62914073,0.14029503
0.17401503,0.574337,0.4652588,0.2640165,0.29724872,0.21151936,0.58979356,1.0757159,0.12980969,0.54729813,0.31449965
0.68836623,0.945815,0.6269118,0.5370788,0.4796184,0.50388074,0.5822776,0.71524173,0.043267496,0.4559299,0.6013992
0.64784294,0.30847692,0.48812893,0.44489247,0.32665148,0.31968233,0.6661774,1.1996982,0.07523632,0.3262078,0.5023406
0.20523596,0.48469913,0.6930383,0.2616759,0.18893911,0.18619289,0.6585042,0.93834376,0.19237815,0.40085557,0.24788386
0.083860174,0.63300925,0.7765829,0.13260919,0.493515,0.1523898,0.070805,0.39847955,0.28989822,0.9636443,0.23915279
0.8049436,0.7224434,0.6632769,0.13915947,0.15081285,0.06409206,0.25364313,1.0397092,0.01497399,0.4392544,0.10030065
0.6978062,1.045912,0.62753034,0.85831547,0.60089314,0.7806941,0.67789686,0.6655744,0.07886439,0.42110622,0.9362976
0.26308337,0.7609538,0.6191053,0.26454943,0.21449843,0.16785094,0.53455937,1.0867467,0.10789228,0.56344295,0.29103574
0.733785,0.9300505,0.571053,0.31868333,0.445063,0.31646523,0.62377685,0.8261152,0.013241507,0.44226635,0.468357
0.44386518,0.86062735,0.58199954,0.18037385,0.32496998,0.1678237,0.57117575,0.37850016,0.22754033,0.5694907,0.116991624
0.2083323,1.095249,0.59324837,0.14912972,0.21994595,0.09888451,0.4534979,0.8933452,0.08827721,0.6885274,0.15672141
0.79519707,0.4893551,0.39377114,0.08540654,0.90116155,0.27495265,0.5007184,0.82329756,0.095415324,0.7975378,0.24561784
0.7806345,0.9730128,0.6918369,0.6345001,0.4823591,0.5831736,0.93484366,0.4047448,0.13758428,0.3541521,0.5850606
0.6843422,0.37195104,0.932361,0.24303393,0.17559235,0.16050655,0.6148778,0.96471936,0.07695613,0.14084214,0.3092023
0.16606441,0.89650846,0.75066215,0.07778412,0.48252928,0.14363882,0.34977812,0.7213898,0.1733987,0.7567138,0.18670902
0.24400464,0.26621118,0.028988762,0.2776913,0.15514997,0.14153443,0.5510707,0.90952134,0.17522104,0.8079398,0.23871332
0.044635892,0.5328381,0.63082266,0.19106881,0.13865663,0.05665078,0.29513294,0.50937605,0.29761472,0.913174,0.19057357
0.52088255,0.15721293,0.6310192,0.26932415,0.16855781,0.16646297,0.49718603,0.969402,0.09956916,0.40355512,0.19976386
0.7474082,0.63463426,0.43190354,0.13569681,0.4908947,0.19772542,0.6579077,0.9615804,0.020620702,0.48872167,0.26688653
0.778787,0.30839583,0.47187918,0.24505465,0.53678024,0.25897482,0.7575775,1.111691,0.07171642,0.42870605,0.34698248
0.73351574,0.9094275,0.5100101,0.13826142,0.20759758,0.09144512,0.37727088,1.0221952,-0.00091679965,0.5360416,0.17240503
0.42811096,0.6580353,0.21862996,0.28226596,0.24648266,0.17934401,0.6918105,1.130139,0.08611785,0.6030238,0.3779597
0.10834725,0.4726962,0.5393549,0.33137214,0.13816102,0.1916749,0.4357578,0.9854045,0.16057111,0.6024145,0.24119884
-0.026889503,0.94674957,0.7412817,0.24059947,0.15628704,0.103727184,0.13653159,0.37685147,0.20535262,0.92573655,0.23515469
-0.040536568,0.91384244,0.5842807,0.22497901,0.2394485,0.15645617,0.54727596,0.9409144,0.18541184,0.6572395,0.24650681
0.21273716,1.0630116,0.12144448,0.21434881,0.11980697,0.08070021,0.6525189,0.94697654,0.063218065,0.81596005,0.258193
0.04761087,0.61178726,0.7606263,0.12647258,0.4331542,0.12618354,0.12936795,0.36235622,0.30806142,0.92650646,0.23418355
0.54819745,0.3133467,-0.24240428,0.2840708,0.14016384,0.15331246,0.54731315,0.8011114,0.10242137,0.8885779,0.27125996
0.085359916,0.41157076,0.6578572,0.223886,0.337622,0.17955841,0.50413674,1.1554539,0.26345053,0.5873909,0.20275533
0.74141157,0.83363146,0.35531652,0.19533542,0.3524982,0.2009762,0.7054142,0.9195644,0.0430676,0.4593758,0.3615863
0.22271556,0.30533227,0.10098174,0.37039363,0.18674797,0.20842592,0.5676651,1.0436583,0.19269942,0.7740756,0.32070833
0.30369622,0.35391325,0.5783942,0.12589236,0.2625986,0.093491785,0.32009035,0.7069438,0.1507609,0.69141173,0.13783881
0.7953204,-0.039054256,0.5370476,0.2428825,0.14281479,0.13257004,0.51264316,0.7971928,0.10877251,0.47040766,0.16184583
0.71075624,0.8920561,0.6960326,0.41260168,0.46417385,0.3971616,0.6924033,0.7539845,0.042357568,0.3097599,0.5853506
0.27345574,0.72718596,0.5415106,0.18691196,0.16523181,0.10994515,0.44906753,0.97749215,0.08973912,0.6298023,0.18349025
0.5799191,0.97339183,0.60849744,0.87935406,0.54644656,0.7674347,0.5105005,0.6417017,0.14592797,0.5097159,0.7744952
0.73114175,0.9504611,0.5294762,0.24156167,0.5911813,0.3099221,0.5885007,0.8012183,0.015289011,0.5350879,0.44422907
0.21627557,1.0080104,0.28250405,0.15465862,0.1592947,0.083255485,0.53590083,0.9250122,0.07763314,0.7242218,0.20204425
0.6655185,0.9789284,0.5130742,0.19841772,0.32634327,0.17589343,0.5526697,0.8935966,0.019271506,0.54602337,0.23547563
0.7374544,0.30772385,0.44861037,0.12717429,0.6031105,0.22233741,0.7453998,1.003535,0.07520365,0.4914016,0.21128395
0.74521023,0.8437192,0.5326315,0.13980985,0.28029272,0.13255638,0.54410833,0.95725584,-0.0049157147,0.4049014,0.22494009
0.78377223,0.73088133,0.6487658,0.17134342,0.2714521,0.1327516,0.422066,0.977967,0.0017190815,0.45207134,0.19296655
0.04044584,0.20184503,0.3645919,0.103341386,0.1371224,0.03263177,0.2865992,0.6383633,0.25623593,0.90099573,0.090970375
0.7285541,1.0123788,0.51494235,0.24707805,0.3688017,0.2413987,0.7279548,0.92561775,0.037330527,0.47841227,0.30630457
0.047802046,0.44527498,0.54983497,0.25206062,0.15139428,0.15099066,0.40671846,0.96620184,0.19856365,0.62984824,0.18112841
0.03346888,0.34170175,0.5340955,0.28130275,0.27041623,0.20208514,0.48701742,1.0802499,0.2486832,0.5803156,0.20931062
0.6721222,0.9814503,0.34931204,0.12254126,0.29001528,0.10563118,0.45971638,0.9857186,0.003729919,0.6302905,0.19195163
0.65710086,1.03552,0.36849216,0.10074863,0.59750926,0.15295368,0.19369718,0.7929424,0.009833846,0.9502472,0.25045425
0.5429544,0.8384099,0.54785573,0.13523442,0.54137385,0.21571675,0.5843647,0.9690218,0.05363172,0.58997154,0.28414825
0.6762939,0.68293965,0.74429303,0.20443757,0.19663109,0.14898574,0.6524311,0.8732089,0.049111817,0.21694043,0.27172706
0.49306083,0.4388622,0.7670427,0.1813655,0.22304113,0.14017914,0.45889258,0.78738856,0.09398974,0.447507,0.21470892
0.6740132,0.684083,0.7572357,0.20309143,0.24542965,0.14851704,0.5720145,0.9858325,0.037679885,0.34628364,0.25610435
0.7430231,0.8479356,0.40041736,0.22271521,0.34620374,0.19653839,0.6625179,1.074513,0.009680818,0.46094063,0.39403844
0.7100844,0.8931036,0.7379152,0.4773075,0.45478114,0.44012237,0.5991571,0.67896414,0.05686805,0.36507094,0.54449755
0.4098221,0.20758344,0.41132855,0.13192058,0.5478223,0.2181626,0.715696,0.96935785,0.1842605,0.60958946,0.13258183
0.7805877,0.74849236,0.45803258,0.20475146,0.41862744,0.2089501,0.6254802,0.96383655,0.023374619,0.520708,0.3197646
0.32704324,1.014638,0.7699182,0.09718667,0.8986104,0.26589918,0.13461833,0.55062973,0.16468273,0.975334,0.26598114
0.6924179,0.932078,0.36488476,0.268275,0.35487968,0.24094604,0.7466737,1.0066897,0.0116785765,0.4443294,0.48665854
0.8028401,0.9651313,0.76140004,0.5385627,0.52727485,0.50648373,0.8266813,0.8866964,0.052955393,0.23254478,0.8153384
0.77813935,0.6310581,0.2630851,0.118926585,0.1959124,0.09386632,0.4208489,0.94165677,0.06871031,0.5644883,0.13606712
0.7276714,0.96489185,0.6625046,0.53026694,0.6269013,0.5444636,0.47555915,0.6019068,0.062461518,0.5486419,0.5573293
0.71204364,0.9616019,0.46892986,0.1614882,0.29645827,0.14559177,0.45075837,0.98655945,-0.001346772,0.5401593,0.2525923
0.7000015,0.8878159,0.628178,0.19710806,1.4160808,0.54122794,0.24486163,0.7288953,0.187591,0.98503333,0.47298756
0.81475717,0.46650043,0.6645563,0.19232368,0.2882384,0.15941632,0.5546396,0.905625,0.031775415,0.27686125,0.28366992
0.037827797,0.38701773,0.7722537,0.41836998,0.20078821,0.24098755,0.50942224,1.2841836,0.31622836,0.58078444,0.27044192
0.40129745,0.857353,0.53125787,0.1395782,0.16208524,0.07893354,0.48624048,0.47207886,0.2528938,0.60927266,0.025184896
0.13901772,1.1055405,0.2151578,0.25728625,0.15812336,0.122076094,0.69823396,0.982116,0.09865582,0.7631704,0.29631132
-0.043609217,0.9832707,0.680884,0.21767098,0.1891795,0.12829094,0.5375038,0.80787134,0.21902703,0.63329643,0.21338823
0.25803554,0.97299266,0.43822253,0.13009052,0.38527545,0.12619263,0.44844067,0.8856044,0.098023444,0.80938786,0.234384
0.6654258,0.40765908,0.5024268,0.34585148,0.32427225,0.25650147,0.6537324,1.119776,0.051086605,0.35588998,0.43306905
0.3957495,0.99655205,0.59501714,0.053485785,0.7325802,0.22764681,0.3270764,0.7512031,0.08426342,0.8132458,0.24979067
0.0511832,0.65676564,0.64267397,0.07822199,0.29300353,0.09076704,0.4601377,0.7671114,0.21249256,0.64516956,0.15914036
0.66770124,0.6702404,0.71653974,0.34297493,0.37542534,0.32236493,0.471938,0.70101464,0.059706274,0.31992665,0.41884524
0.58336294,0.09921065,0.8112468,0.18856464,-0.048390903,0.04620704,0.23569903,0.8428302,0.07317891,0.31932008,0.09043485
0.3935445,0.7273917,0.43657035,0.11386967,0.53869385,0.17740607,0.5034576,0.91002077,0.11486595,0.73898196,0.22622585
0.7180043,0.3307736,0.6838676,0.16471924,0.1050076,0.06806046,0.20612288,0.7666471,0.028886024,0.5579218,0.10599007
0.7060451,0.65824664,0.6554417,0.27192616,0.15043639,0.18155558,1.1112925,-0.50758296,0.8464041,0.23291054,0.008350924
0.7482625,0.98704654,0.4791431,0.19167139,0.396572,0.20111738,0.7405926,1.0153178,0.020859234,0.41185093,0.38827968
0.55407435,0.3537467,0.61504793,0.31872335,0.2680873,0.247582,0.58105093,1.1066926,0.052856475,0.37799913,0.39559048
0.6969031,0.8711751,0.6250641,0.48499507,0.48446628,0.46279418,0.69202626,0.78264886,0.04464853,0.32436445,0.6899265
0.20923285,1.0373485,0.4565449,0.16945371,0.13590866,0.06890189,0.32909405,0.8235776,0.062664226,0.8083669,0.18066305
0.75741667,0.87248844,0.51295745,0.16700141,0.28315285,0.13012476,0.41597342,0.9964001,0.013766918,0.54701936,0.19722515
0.7301354,0.77127856,0.47446916,0.1849541,0.45133343,0.21916479,0.57602686,0.88948953,0.025675273,0.5087826,0.30273676
0.76320857,0.92896444,0.54330826,0.5322239,0.6829821,0.5513026,0.26733488,0.5062105,0.066533595,0.6905093,0.4579271
0.0118859485,0.12661025,0.74609566,0.112457186,0.15401752,0.025922839,0.31332192,0.81880677,0.35503316,0.6698636,0.056717798
0.6359781,0.23086135,0.463227,0.2111304,0.32184625,0.1864997,0.55849767,0.9021549,0.06696772,0.467928,0.21609327
0.20579886,0.31090528,0.29174727,0.20345436,0.31518307,0.16188869,0.5826792,0.9786858,0.18999049,0.7201624,0.18973008
0.8056733,0.5732423,0.59609616,0.36803144,0.4751978,0.368706,0.73902446,1.0008365,0.013835825,0.30674666,0.6103278
-0.023967952,1.0310172,0.6273107,0.18412855,0.2333227,0.12533665,0.5335231,0.8432666,0.16701707,0.69680035,0.20050657
0.032349356,0.39939582,0.53566104,0.12176414,0.1318806,0.033749405,0.2014308,0.53482026,0.20373234,0.8617697,0.14265145
0.11124181,0.53316975,0.48446217,0.32229108,0.30143577,0.2382419,0.57668936,1.1571786,0.18206576,0.5555476,0.3568978
0.06691599,0.46373552,0.24474987,0.2612743,0.19916727,0.15861697,0.55405253,1.020349,0.20503378,0.7276862,0.2295762
0.38563114,0.38743535,-0.0026126541,0.29629463,0.1599717,0.16472514,0.5708057,0.9490034,0.124746986,0.77288914,0.28799012
0.7206568,0.9980995,0.42900392,0.15957454,0.37159136,0.16854462,0.7492618,1.0949658,0.009875556,0.46429422,0.3437422
0.55122685,0.98968667,0.46050912,0.114278674,0.2071323,0.09123714,0.47004142,1.000665,-0.010984458,0.554007,0.14487122
0.7428133,0.980883,0.4400211,0.13629211,0.23036449,0.094224826,0.27816832,1.0704027,0.05309629,0.57424325,0.16598853
0.32065153,0.6725174,0.13180359,0.23691778,0.17153709,0.13390085,0.58499897,0.99292266,0.09360282,0.7464215,0.27288482
0.44400632,0.6752721,0.6511982,0.17465964,0.29519045,0.17285162,0.5955052,0.8044727,0.09107287,0.48013666,0.21100375
0.7300668,1.0088081,0.28853345,0.1610842,0.29244736,0.13826439,0.5666749,1.0146517,-0.003668415,0.57931787,0.28430822
0.76924604,0.7619228,0.73236966,0.26230168,0.3644555,0.23873092,0.5803936,0.87243557,0.014714275,0.35060316,0.39208868
0.10190077,0.3687459,0.77331567,0.08136211,0.26867753,0.067683294,0.27033877,0.6921762,0.25034437,0.65617156,0.1362775
0.9811201,1.1067017,0.6796732,0.3439711,0.56675005,0.3813871,1.1018112,0.95005,0.03121,0.18337989,0.7068281
0.032724038,0.76251435,0.5789244,0.18717384,0.32535464,0.16066644,0.50972944,0.96133596,0.1793561,0.6660043,0.22136495
0.8178816,0.9970962,0.5469944,0.2600727,0.4466706,0.29027027,0.901069,0.7768964,0.04484313,0.3456563,0.42250597
-0.014633223,0.2245988,0.8397058,0.12656933,0.12322106,0.046487316,0.3843312,0.88393056,0.32749572,0.5289344,0.06804372
0.48544466,0.92920196,0.4733934,0.17452265,0.14967863,0.08082181,0.031279735,0.7335138,0.023099437,0.8612164,0.13772216
0.016928144,0.5605901,0.6499206,0.11793211,0.3073154,0.10192628,0.3716599,0.7609372,0.24889743,0.7242729,0.1625254
0.7077038,0.7598796,0.32151175,0.21317537,0.24009119,0.1378413,0.5515388,1.0822634,0.018000666,0.5868996,0.2683881
0.77385753,0.94761,0.5411778,0.20636925,0.49609515,0.23903799,0.33197978,0.83803374,0.005200298,0.6413656,0.28120703
0.4287877,0.95220447,0.62175715,0.11905481,0.52173585,0.19027588,0.2988419,0.7583979,0.067097284,0.77105975,0.21569458
0.7499677,1.0298047,0.65266144,0.5952591,1.1361794,0.7605838,0.3758267,0.65717614,0.11661471,0.78135103,0.74389994
0.4285844,0.87101775,0.30606106,0.20236792,0.18702574,0.12518677,0.50247705,1.0409241,0.03643506,0.63436645,0.25291443
0.07929088,0.30437684,0.43200412,0.124018386,0.26334217,0.10808548,0.4259743,0.84771687,0.22861363,0.7639909,0.13180989
0.7442116,0.95888096,0.62022454,0.37643486,0.4767263,0.38341564,0.67443275,0.78801566,0.033702053,0.41787893,0.51420707
0.6405286,0.97318166,0.34147736,0.116367295,0.24247418,0.094550766,0.502292,1.0582298,0.0034639207,0.5779115,0.20712346
-0.015726984,0.9098747,0.7548508,0.20572208,0.13734137,0.09265508,0.3109045,0.43377322,0.33349064,0.7605256,0.19382223
0.088681325,0.5476993,0.77369153,0.08704357,0.07203644,-0.0033431053,0.29159653,-0.055328824,0.56791943,0.6633438,0.026662877
0.3585804,1.0676702,0.2798623,0.14470015,0.16520017,0.06675811,0.5039279,0.9794078,0.037718304,0.7591338,0.20120174
0.45052785,0.90951854,0.33148038,0.1088438,0.097045235,0.029698182,0.23462671,0.93506783,0.010064155,0.706971,0.0955183
0.07483399,0.21944019,0.5630529,0.176603,0.20524481,0.11163768,0.40476665,0.97552395,0.28841078,0.6319702,0.09536475
0.84870726,0.3349093,0.68671775,0.1706663,0.2619274,0.120124854,0.5345912,0.97121817,0.029080437,0.33512837,0.17238602
0.7665582,0.83653015,0.63183445,0.12785378,0.11983182,0.048176616,0.1076081,1.0727618,-0.007467275,0.60006034,0.06244473
0.35511732,0.35488504,0.15795298,0.34362403,0.2033581,0.20154989,0.6090525,1.0876589,0.13928463,0.69303024,0.3281813
0.23878044,1.0234499,0.30232513,0.15405194,0.16421404,0.04877905,0.35995573,0.72893476,0.036641616,0.9331014,0.19654298
0.039165117,-0.07065874,0.7616674,0.065136686,0.073942535,-0.04968282,0.080380835,0.3782092,0.4527898,0.797652,0.10854285
0.34202147,1.0192293,0.6142557,0.12910734,0.40974665,0.1506877,0.27363327,0.7055951,0.055982817,0.7712656,0.18380055
0.71478224,0.9402691,0.5685117,0.20897914,0.23345788,0.13625379,-0.033569135,0.78355736,-0.009189079,0.7895557,0.115395315
0.46203983,0.93618596,0.57510465,0.21341465,0.37427756,0.22753876,0.63576484,0.69311017,0.07500532,0.55326873,0.27594167
0.4285407,0.2299126,0.38030097,0.38644722,0.22304325,0.23800397,0.5624632,1.1164598,0.1216606,0.5188753,0.38431165
0.5786769,0.9789907,0.5762392,0.18446927,0.21163459,0.13177478,0.61698383,0.6926537,0.13211103,0.51413757,0.1251767
0.77372885,0.8945165,0.16865474,0.15296677,0.12417703,0.060903072,0.18048376,1.0024768,0.046728592,0.7606803,0.11949939
0.93140084,0.3083474,0.9074624,0.14671588,0.16719419,0.067895934,0.3642894,0.948775,0.035262793,0.21111318,0.11758261
0.70637035,0.89415914,0.11090213,0.11187178,0.14056684,0.037929308,0.2126305,0.9837078,0.042969696,0.83517134,0.11822681
0.5798026,0.33543313,0.49458334,0.27861163,0.51937485,0.28231084,0.71740377,1.1754528,0.11718664,0.47566813,0.35749143
0.5717175,0.4115639,0.7453421,0.30592713,0.25432277,0.2332482,0.62682915,0.9583427,0.056246646,0.26504207,0.3977172
0.17327818,0.70243865,0.2539378,0.2726696,0.17466846,0.14548343,0.55709445,1.0576377,0.1413589,0.76182616,0.28285733
0.81611836,0.31592217,0.7520171,0.17115475,0.09371221,0.06616464,0.2405311,0.94959354,0.028938893,0.3709383,0.10515823
0.61768395,0.8037439,-0.059346754,0.109082,0.13716358,0.07315301,0.56344026,0.9629886,0.06803025,0.67933327,0.15290205
0.31566876,0.7584934,0.24011335,0.22132906,0.15717544,0.12215338,0.5248962,1.0057747,0.08270906,0.7269866,0.24185151
0.7704731,0.49157655,0.44130757,0.103484854,0.8022907,0.27938187,0.5918189,0.87047267,0.07082592,0.62736017,0.26314798
0.79611164,0.343864,0.52214843,0.2291566,0.39249176,0.2128063,0.66347396,1.0335313,0.039806213,0.38600612,0.3319193
0.66933763,0.97007287,0.49024513,0.14272977,0.23188688,0.11002031,0.4397195,1.0712373,0.004791047,0.56088597,0.19134215
0.87541336,0.6791169,0.73515433,0.16210467,0.24749851,0.11591174,0.589969,0.9956095,0.0080659315,0.25100842,0.26567474
0.68173254,0.9836949,0.31345236,0.12251674,0.24900389,0.098425224,0.42291644,0.9596072,0.006445843,0.6359509,0.1756053
0.66811055,0.99073523,0.5396601,0.16453339,0.19719534,0.107792646,0.3287553,1.0028975,-0.009890958,0.6062224,0.17986226
0.039809942,0.94809175,0.3501704,0.29268825,0.15367275,0.16238105,0.67267394,1.0396092,0.11767881,0.6753535,0.28879318
0.101184554,0.3526152,0.38225532,0.13389853,0.2525678,0.09410895,0.39417845,0.7979457,0.20628162,0.82614046,0.14256838
0.18966834,1.0336651,0.4972934,0.14797606,0.24693425,0.10693286,0.54961616,0.88703966,0.08930321,0.6830445,0.18733937
0.8031789,0.70374906,0.6028407,0.33395368,0.48656604,0.33176225,0.73032784,1.0418091,0.020012064,0.38600698,0.5590485
0.023287073,0.44307613,0.7539142,0.15840371,0.13081783,0.047649458,0.06288539,0.32371667,0.29759946,0.8938826,0.18975148
0.7492513,1.0012656,0.18426515,0.15593608,0.29119843,0.12958235,0.61459583,1.0366423,0.024960984,0.64571464,0.26234916
0.79785126,0.6547854,0.57408345,0.2972365,0.97755885,0.4882862,0.5651446,0.8323167,0.09143298,0.6207293,0.45752206
0.59517837,0.95930654,0.44831392,0.11653426,0.30079556,0.11477476,0.38295633,0.9298295,-0.0073953043,0.68734807,0.19302785
0.7256287,0.72067636,0.44957754,0.11276534,0.1388848,0.053088263,0.23521647,0.9850763,0.017756395,0.5429241,0.07145135
0.21653476,0.42097574,0.8450463,0.22634147,0.17226903,0.15039212,0.6758802,0.8243419,0.24257055,0.32348344,0.21146199
0.031128667,0.9796634,0.61330503,0.14764957,0.14286809,0.084113635,0.6408159,0.636844,0.27832434,0.57380706,0.109255195
0.49201286,0.9899494,0.328888,0.20110954,0.2007482,0.12800224,0.54701924,1.083736,0.020622421,0.6194128,0.2958602
0.72803843,0.84098446,0.56906945,0.3224651,0.67365766,0.3624196,0.17746015,0.34361053,0.11314853,0.90763324,0.20322943
0.10559726,0.51055884,0.22964837,0.2095565,0.082463466,0.04233979,0.328421,0.4643083,0.16647081,1.1030822,0.23886392
0.73062104,0.4828998,0.25290108,0.119155824,0.36513215,0.12515442,0.48992604,0.8810199,0.0471768,0.65010476,0.16950113
0.6931282,0.94479585,0.4433017,0.20294054,0.36548254,0.20216009,0.6713118,0.98162866,0.0017695627,0.45653263,0.38961977
0.6130132,0.5049997,0.58694524,0.21521504,0.45066577,0.2399579,0.6183224,0.9037164,0.060212534,0.4701007,0.30896562
0.6607689,0.9975529,0.11060242,0.13467109,0.13588198,0.0856859,0.45518672,1.0838348,0.06894874,0.6760937,0.17769739
0.17171055,0.68501955,0.4963339,0.3123266,0.28340262,0.21885896,0.621636,1.166197,0.15248072,0.59012717,0.36333904
0.67445403,0.972124,0.41489318,0.2715513,0.33859208,0.23187646,0.72595257,1.090962,0.019700572,0.42341965,0.44804165
0.68187267,0.010060897,0.56436944,0.23961271,0.021184089,0.092647836,0.3468861,0.71704984,0.06582702,0.4448621,0.15364537
0.03774999,0.48757195,0.5839241,0.16419786,0.19519249,0.10703653,0.38155264,0.92909443,0.19570571,0.694323,0.14900437
0.4509644,0.28075984,0.49895528,0.1979795,0.4290154,0.20406397,0.62740177,1.0477026,0.13945849,0.53147125,0.19728816
0.6559633,0.7998792,0.4569841,0.14888369,0.15334333,0.08468216,0.26447627,0.98830944,0.0019433185,0.58172846,0.15635279
0.76426893,0.5288591,0.5158318,0.2616193,0.5541971,0.3162893,0.6392201,0.8594195,0.04287148,0.45227054,0.38291168
0.751766,0.9396491,0.5894879,0.44027674,0.863261,0.54564345,0.3461952,0.68880934,0.061420783,0.722747,0.5842309
0.83380646,0.6917284,0.5481388,0.12545627,0.12900025,0.04204073,0.10598491,1.025019,0.041913714,0.52590567,0.028502688
0.81295556,0.956491,0.46163097,0.29864344,0.4616863,0.3002646,0.8552383,1.0850613,0.013818441,0.33776778,0.61085427
0.62667054,0.9766504,0.27159312,0.19000445,0.26156035,0.1545564,0.63027114,1.0307468,0.017532954,0.5297274,0.3336764
0.3822037,0.3171244,0.4242264,0.23509835,0.44330132,0.22637397,0.66256213,1.1114401,0.14247754,0.55694723,0.27923384
0.70038074,0.94022787,0.63860846,0.43170124,0.48303607,0.42705542,0.644982,0.70609194,0.049770437,0.4046409,0.5342932
0.39751816,0.14467289,0.4538892,0.24865295,0.0483182,0.118300885,0.38505012,0.81618613,0.10600541,0.5364935,0.16944356
0.79143655,0.4046228,0.504112,0.1541469,0.710705,0.2839728,0.722035,0.97182924,0.062175572,0.5145877,0.2713953
0.10217649,0.39564815,0.6213655,0.34129784,0.21410292,0.21969116,0.49083623,1.1541139,0.20762958,0.49481994,0.28637758
0.6578058,0.58619165,0.3174713,-0.016101958,0.9632464,0.26249254,0.621227,0.8897895,0.1455413,0.6977732,0.27380118
0.5627012,0.14605907,0.65631187,0.3384195,0.1625305,0.20016384,0.5052882,1.0343027,0.09861443,0.32561445,0.3202615
0.09032625,0.38554794,0.36710617,0.37306008,0.23583195,0.24777323,0.5372793,1.1498796,0.2042228,0.5689347,0.33472693
0.835299,0.3505471,0.52882695,0.16163999,0.58513427,0.23885371,0.7192682,0.9860734,0.060759116,0.469645,0.24687624
0.77569133,1.0565577,0.52218086,0.23393358,0.44001117,0.24342005,0.82339287,1.0028762,0.017254211,0.40187287,0.4379991
0.7194428,0.9569269,0.45328042,0.1979072,0.33165288,0.18354434,0.547332,0.91479146,0.026063265,0.52923155,0.30974957
0.24276137,0.38088065,0.6551301,0.15110646,0.21789256,0.11331011,0.40066984,0.89916193,0.146824,0.5888603,0.15474917
0.18055591,0.74569106,0.05911637,0.21572345,0.14454813,0.086818874,0.6032485,0.7756315,0.1232128,0.89508986,0.23525167
0.97493005,0.46440247,0.966395,0.38958266,0.30627102,0.28107965,0.7137063,1.1018353,0.017822815,0.06634189,0.6106827
0.13200061,1.0597289,0.37676245,0.15105018,0.1387711,0.06344047,0.5570258,0.9309117,0.100543484,0.7155534,0.18955407
0.0069684163,0.121108174,0.6101724,0.07701853,0.23426497,0.037110314,0.27828375,0.75841147,0.33995292,0.82046723,0.04635365
0.19242927,1.0204775,0.3207781,0.2597696,0.18886387,0.14637318,0.64823335,1.0529791,0.085492104,0.6740947,0.3483531
0.31832656,0.2370972,0.31271797,0.097273886,0.6184225,0.21298963,0.72868526,1.0226119,0.22841991,0.6523948,0.142259
0.7037832,1.0103039,0.43452558,0.090469,0.17385466,0.048539683,0.3285017,1.1344073,0.013324213,0.5769823,0.09334372
-0.04606445,0.97402555,0.66258746,0.16262831,0.11231101,0.063371666,0.38903904,0.5214123,0.30025735,0.7686585,0.14648879
0.6800808,0.6376315,0.21320125,0.11140452,0.55011505,0.1707061,0.43595967,0.8189215,0.057946958,0.84770787,0.24690747
0.8119542,1.0380802,0.53797925,0.3843837,0.4592906,0.37236446,0.97198004,0.948142,0.01715172,0.28833368,0.63797295
0.68407625,0.9245006,0.46590155,0.09300205,0.18583798,0.059362017,0.30861676,1.0314573,0.0026023574,0.5481025,0.108907625
0.21465394,0.14995465,1.1475877,0.21474059,-0.041742653,0.07356791,0.5146292,0.98798084,0.28895304,0.1168379,0.20249328
0.5490201,0.8794584,0.42404085,0.3802405,0.34255308,0.29899544,0.8118876,1.1873796,0.050302483,0.38303953,0.56891084
0.7259225,0.88930506,0.6052351,0.39279145,0.64826477,0.4557581,0.4571978,0.6839111,0.0193131,0.5776167,0.5168499
0.5100169,1.0692009,0.50438124,0.15215875,0.28778666,0.12572552,0.51145095,1.0195001,0.0053300527,0.6447568,0.23463753
-0.027098596,-0.085987166,0.7932763,0.064792216,0.082447626,-0.048465118,0.11862828,0.44324774,0.4590902,0.84046865,0.07120837
0.044155978,0.50980145,0.6199024,0.033107344,0.63542867,0.1822991,0.3988932,0.8054736,0.2674656,0.7638328,0.17743184
0.5886356,0.699363,0.63138855,0.1990315,0.27126077,0.16999638,0.28944156,0.6549181,0.0152521655,0.618896,0.17816606
0.0044540167,0.030974532,0.9066582,0.08686906,0.08047918,0.0149084665,0.3767253,0.7607692,0.3893406,0.4878601,0.046625003
0.103535056,1.1052272,0.2990544,0.23254563,0.16164182,0.11593721,0.6533488,0.97638845,0.10494886,0.73872364,0.292939
0.40158045,0.28063023,0.50978404,0.38702804,0.21421698,0.24013937,0.5623394,1.123225,0.120972864,0.45849216,0.38664937
0.6994052,0.9269758,0.55307966,0.164394,0.27384162,0.14693135,0.438351,0.8868307,0.0014376743,0.5236949,0.17699763
0.34465736,0.84856415,0.11538249,0.16551553,0.09854574,0.0367684,0.24676147,0.7129671,0.06196325,0.99630284,0.17439544
0.00868357,0.29779127,0.64805543,0.05837628,0.46922132,0.08382575,0.098194845,0.4760233,0.32704434,1.0383397,0.2123991
0.31698537,0.835405,0.5348399,0.32919675,0.2981274,0.23267439,0.68152714,1.1406236,0.11676122,0.54090023,0.4091278
0.7373916,0.97268116,0.6506545,0.5080734,0.8439414,0.6135747,0.40057382,0.6410443,0.05557069,0.6566877,0.63483673
0.36979678,0.91066885,0.43476695,0.16937792,0.3049289,0.13674262,0.52151436,0.9657531,0.061408073,0.6602433,0.24979264
0.5327357,0.9356431,0.50942934,0.22274543,0.28803605,0.20956464,1.0431205,0.27184603,0.36125255,0.37954566,0.15745991
0.6703558,0.92378265,0.50516874,0.23031704,0.33073205,0.20802705,0.44390765,0.95300734,0.037286658,0.50181293,0.30704567
-0.023300335,0.8514536,0.68616253,0.19969872,0.18314938,0.118459746,0.42883945,0.8184626,0.21606612,0.71303326,0.18045458
0.56963325,0.934992,0.5383853,0.13434222,0.4689221,0.17709646,0.40250468,0.9121093,0.042012848,0.7005952,0.22888485
0.9386093,0.8041472,0.46770954,0.17581499,0.1496058,0.05954604,-0.07165722,1.0843387,0.03350552,0.71655965,0.077347234
0.054876797,0.32261992,0.41915354,0.08709799,0.5114304,0.16498885,0.49345905,0.9190462,0.28930563,0.8108464,0.13483089
0.7274867,0.90885204,0.5306243,0.13541722,0.22351547,0.0969436,0.18442705,1.0111781,-0.0068716644,0.6294758,0.10403359
0.757482,0.74028754,0.62330264,0.39826763,0.48779112,0.37792897,0.6634513,0.94106936,0.04541691,0.41717,0.56563604
0.72719806,1.0357206,0.42694342,0.11748746,0.24003485,0.07451632,0.48854065,1.1226217,0.0135663,0.5596194,0.18892807
-0.017080292,0.9618543,0.6807485,0.19586931,0.23225501,0.12946047,0.48897493,0.8968452,0.16800343,0.7004886,0.19356865
0.04083006,-4.405901e-05,0.49659362,0.069175944,0.11033653,-0.0052351505,0.22822839,0.56730133,0.33625138,0.8971998,0.0556782
0.06328977,0.2988154,0.41800708,0.18722011,0.36845776,0.18099223,0.52573025,0.9856664,0.2543563,0.69376504,0.16994467
0.7554273,0.7921322,0.5930784,0.22320217,0.37064305,0.20533262,0.40025148,0.853656,0.005666526,0.52271247,0.2774437
0.71043503,0.99603343,0.5033729,0.18392219,0.34001794,0.16520643,0.44192243,0.9314561,-0.01598676,0.60008717,0.25614175
0.7316695,0.9921169,0.32525262,0.11242975,0.27754882,0.09374684,0.35553646,0.9883213,0.014339154,0.6612034,0.16802484
0.7631167,0.87155974,0.28627855,0.110761315,0.2888157,0.104815364,0.4533292,0.9921995,0.02700996,0.59535235,0.1750646
0.18845564,0.32598305,0.39539108,0.13710214,0.5211451,0.19674592,0.622479,1.0175873,0.22728537,0.66389835,0.17010894
0.3579346,0.20399454,0.32051748,0.13049495,0.44793853,0.17909028,0.66379577,0.9339199,0.18407881,0.6463427,0.13210014
0.38987064,0.7837716,0.603916,0.116195306,0.58887553,0.18869902,0.22641987,0.6650312,0.11390351,0.8831611,0.23682773
0.4252919,1.0808307,-0.007199306,0.20051995,0.118092015,0.07835214,0.6161437,1.0654892,0.05933795,0.82239765,0.21827838
0.7435497,0.3680382,0.5099774,0.2188422,0.49452075,0.24019687,0.70373195,1.0634384,0.05230767,0.429262,0.3196185
0.6083565,0.5560223,0.2438726,0.11136809,0.3857393,0.14920434,0.68942714,0.9920722,0.045644257,0.52121437,0.22858056
0.6331626,1.0563173,0.6447841,1.0132037,0.66418076,0.9062488,0.4792925,0.5800008,0.1334182,0.55339026,0.92746526
0.29847658,0.8235925,0.3270941,0.17227578,0.13586782,0.08229423,0.42035925,0.9570034,0.06324834,0.7870208,0.20032999
0.013352446,0.3273138,0.9069822,0.08157162,-0.007805763,-0.07710786,0.19021913,-0.3979496,0.8776668,0.67427623,0.044828422
0.080502816,1.0149283,0.7584412,0.1140888,0.55251324,0.17823055,0.24031164,0.57021713,0.16556552,0.891282,0.22812486
0.44935948,0.9444714,0.2965317,0.24740969,0.3050178,0.19217,0.7202865,1.0651234,0.051867522,0.5792938,0.3825423
0.7043727,0.9448752,0.37907407,0.11903286,0.17419598,0.06881236,0.3114041,1.0492014,0.016255777,0.5893997,0.1374353
0.65200365,0.30568352,0.42694345,0.19406587,0.2742404,0.14756995,0.5346868,0.9077607,0.05029339,0.51513314,0.17577055
0.6718476,0.9414515,0.5442055,0.18266325,0.29081768,0.16807184,0.4684811,0.88521713,-0.0025903299,0.5301084,0.22879645
0.28647846,1.0219933,0.21590403,0.15698665,0.17099194,0.076776944,0.6323854,1.0038556,0.05631947,0.69517803,0.23450798
0.07467614,0.3806764,0.50200045,0.352524,0.18688422,0.21755125,0.49596933,1.0983236,0.20049457,0.60876626,0.25834462
0.108735286,0.7417479,0.43763757,0.11172968,0.35243952,0.1240588,0.44456437,0.77231187,0.13795617,0.77500004,0.20725024
0.7240703,0.4158555,0.72220695,0.26153597,0.32083175,0.2296748,0.5931343,0.8944303,0.011379576,0.26779693,0.37591
0.7168082,0.9852613,0.58565277,0.5587556,0.64391,0.5650206,0.5360687,0.7020063,0.060276464,0.5431932,0.66568696
0.7084307,0.9567844,0.50123495,0.3034716,0.41597277,0.29743505,0.619324,0.895357,0.0121345045,0.4862113,0.44232237
0.44302005,0.9028486,0.111393824,0.16265303,0.13118885,0.060358044,0.42875206,0.93206954,0.0516441,0.8302147,0.19493917
0.720059,0.95677644,0.5418863,0.25028244,0.33878675,0.22732769,0.38309574,0.90942925,0.004081747,0.59778935,0.25778076
0.719218,0.21570227,0.1869407,0.12785584,0.6456714,0.221626,0.79970723,0.9882908,0.14648111,0.7427781,0.20210457
0.43256146,1.0162169,0.4421379,0.12105502,0.15193914,0.059684336,0.26203954,0.90933615,0.0057566627,0.7267924,0.14262249
0.68238646,0.96338296,0.41886663,0.14714205,0.26571023,0.121802635,0.5387645,1.0260087,0.012143456,0.4948832,0.24632952
0.51032233,0.78684604,0.30559137,0.250799,0.24316128,0.16556334,0.632373,1.0933979,0.044656675,0.5818064,0.32608443
0.24493016,0.9387265,0.6404394,0.16974075,0.24160112,0.107079625,0.2744407,0.5297742,0.13132238,0.7905089,0.10148776
0.026826985,0.31108084,1.0229743,0.057344545,0.058899358,-0.03474652,0.64621073,0.4814109,0.64659697,0.32457075,0.00684331
0.2048878,0.38223523,0.46213272,0.07451065,0.5653499,0.16061136,0.40554905,0.7613291,0.2198948,0.86913955,0.1780305
0.7310187,0.8340598,0.6070258,0.30279875,0.4169412,0.31005716,0.7181572,0.60376245,0.04747577,0.4269011,0.38196746
0.040609807,0.6394265,0.7981659,0.13123281,0.22832198,0.0725244,0.19512938,0.41606805,0.28601798,0.7571889,0.16635728
0.6466197,0.7989399,-0.09963286,0.17465904,0.15629604,0.10218495,0.64866054,0.9815484,0.082087494,0.7060433,0.21184453
0.7285384,0.31160206,0.44241473,0.18759756,0.40121794,0.1845701,0.62727094,0.9781674,0.05563194,0.4718154,0.23987329
0.80135584,0.7981192,0.27287138,0.110012874,0.23525386,0.08191843,0.34134302,0.9917266,0.038861785,0.67717886,0.10651711
0.56977147,0.8105726,0.65566075,0.18838713,0.59588224,0.27946407,0.48035005,0.7140529,0.07035274,0.60350263,0.3149047
0.3246416,0.6406985,0.57349795,0.078487575,0.7455866,0.23806395,0.5463329,0.9630394,0.17215042,0.67885923,0.2306807
0.10052753,0.701977,0.3712214,0.18388481,0.15631527,0.09081459,0.46263343,0.8447518,0.14576885,0.79462993,0.19338512
0.7292528,0.91092795,0.627809,0.51730335,0.48483086,0.49364507,0.6307498,0.5833981,0.033481807,0.4066001,0.59913063
0.7826129,0.83044285,0.49871412,0.19310074,0.42999172,0.20323995,0.57930785,0.99440026,-0.0014757694,0.5433708,0.2975221
0.66510576,0.43867764,0.42024186,0.3086959,0.39766875,0.25815046,0.69062155,1.1319422,0.052819453,0.43316188,0.4200289
0.809779,1.0428895,0.4215528,0.2780774,0.45724586,0.27662706,0.9586429,1.0905389,0.013990036,0.42091298,0.5790728
0.7874896,1.0990213,0.65695393,0.66333747,1.4163444,0.8883866,0.28661788,0.6983529,0.16063657,0.9508766,0.8154276
0.25402087,0.44150004,0.36087948,0.19409354,0.20738499,0.13546637,0.47093162,0.9279513,0.12655151,0.6642937,0.17728494
0.017883621,0.30266044,0.82352626,0.13089666,0.1355255,0.053177,0.29354808,0.7215583,0.33777407,0.65577596,0.09585437
0.6291445,0.49813956,0.45813328,0.28444347,0.4972792,0.28749013,0.701301,1.1532904,0.07918197,0.4451064,0.4446341
0.71343136,0.72438455,0.33929986,0.35920066,0.33636373,0.28296116,0.7416223,1.1667432,0.036350466,0.37770832,0.5487407
0.13911156,0.8419563,0.71801907,0.11780879,0.4994496,0.18672404,0.4494664,0.7948266,0.17934777,0.72354937,0.21191508
0.32611328,0.80020946,0.3087484,0.16125807,0.12178715,0.04056563,0.07845526,0.60684115,0.058702372,1.0139942,0.15464571
0.71530175,0.5929804,0.14922509,0.16805981,0.18109192,0.09521269,0.43631446,0.94386476,0.04495903,0.6895416,0.17340009
0.0046507567,0.2822684,0.6346158,0.4033821,0.119668014,0.2369408,0.41862163,1.0784134,0.27170408,0.49798062,0.24721819
-0.035646886,0.9650974,0.5813505,0.1696778,0.23418304,0.11816663,0.51884466,0.8607436,0.17120019,0.71441895,0.2014767
0.75655997,0.82157123,0.59278136,0.32536313,0.4920229,0.3335876,0.54898995,0.7914604,0.007468389,0.48811954,0.433715
0.58924454,0.26157722,0.4722432,0.3259072,0.21626921,0.22176632,0.5238752,1.0125568,0.052843332,0.3872551,0.3477512
0.69500965,0.67485934,0.43262002,0.10625091,0.5003001,0.17069718,0.56602603,1.0134059,0.035850935,0.5721129,0.20059839
0.6563705,0.9855246,0.32755452,0.11389084,0.2407223,0.08784771,0.53665566,1.1128793,0.010737693,0.5999792,0.207061
-0.060809612,1.1624582,0.6062048,0.22684059,0.18764457,0.13311443,0.6452691,0.87711036,0.18578754,0.6786401,0.2255098
0.20907623,0.68474984,0.28376514,0.32675236,0.1682696,0.20094903,0.580443,1.0565648,0.10379204,0.62681556,0.33181804
0.79026437,0.6745502,0.679112,0.25749287,0.43725634,0.27578682,0.67302036,0.7847973,-0.0041017924,0.39266074,0.39211068
0.44267488,0.7243827,0.2773292,0.19108249,0.21923624,0.12192117,0.49929285,1.0396626,0.06605964,0.72754794,0.223149
0.68645644,0.14526883,0.058763817,0.12351382,0.16984378,0.068943076,0.44115013,0.67759186,0.06865005,0.77269226,0.13211526
0.3108139,0.93331385,0.5192053,0.06956206,0.75492185,0.22001326,0.22089924,0.59684104,0.119230516,0.96270996,0.27206844
0.25376981,1.0632496,0.5000418,0.14108674,0.22461775,0.09215395,0.51750785,0.9205498,0.07666157,0.68358666,0.17105582
0.77427524,0.78910595,0.83162475,0.417239,0.40925342,0.37070632,0.52667594,0.7412137,0.0405001,0.3433301,0.47775567
0.2844891,0.76275295,0.6796245,0.17038466,0.5909531,0.2021832,0.013410881,0.36909688,0.17507881,1.0145453,0.26690292
0.79240966,0.8994052,0.45113268,0.32990456,0.47891223,0.3276409,0.89865553,1.0756361,0.031835306,0.34602684,0.62971276
0.11526744,0.2793345,0.15835479,0.16096327,0.1667771,0.081471056,0.4570882,0.7907015,0.21486546,0.880194,0.123276524
0.1908911,0.60973907,0.8011972,0.1348153,0.27419856,0.119882956,0.5110497,0.53904295,0.27371275,0.52216107,0.122309804
0.7329493,0.8999466,0.5405812,0.11621411,0.19684826,0.06449891,0.23084405,1.0455638,0.02260383,0.6000731,0.068998784
0.44131655,0.7252294,0.6391799,0.20180827,0.34644958,0.19168682,0.5323192,0.9623329,0.05877155,0.5450131,0.24819088
0.74499846,0.40189326,0.4586932,0.21554592,0.5938767,0.27112657,0.74477404,1.0477217,0.069346875,0.4331516,0.3523803
0.035774373,0.7610346,0.7204368,0.11128348,0.04816345,-0.0020953193,0.52910525,-0.14857984,0.76438195,0.62021244,0.030561892
0.20651045,0.892035,0.47962156,0.1435847,0.1246729,0.07109574,0.3318724,0.8459552,0.07210965,0.7498828,0.15355983
0.6343738,1.0299956,0.22967845,0.25607505,0.29904985,0.20194627,0.794839,1.1627607,0.03726292,0.5279296,0.43249348
0.0014351457,0.41339785,0.74086034,0.17771158,0.21401203,0.10624349,0.39856407,0.98210824,0.2627588,0.6034561,0.1258782
0.6848198,0.6618687,0.4072307,0.17911243,0.29231915,0.16158447,0.5886995,0.956173,0.0079153925,0.4626574,0.29206145
0.7496148,0.89838725,0.22942083,0.1201804,0.17000462,0.06167307,0.07921115,0.92789394,0.014487197,0.7391474,0.10510205
-0.012917012,-0.13618366,0.84424233,0.09964673,0.039014455,-0.031198509,0.21254662,0.5629678,0.4384972,0.7707312,0.06637356
0.9995338,1.0195602,0.5223452,0.6223177,0.3715869,0.514709,1.2505008,-0.44669312,0.69158846,0.30719054,0.275028
0.0337428,1.054608,0.5692486,0.16172509,0.20393358,0.10481684,0.7276128,0.6053289,0.28636113,0.62915343,0.13499674
0.72699493,0.894712,0.6119653,0.36928493,0.58293575,0.41684234,0.3911786,0.6386885,0.027082808,0.57320845,0.4373091
0.7353917,0.48208514,0.4770816,0.18037938,0.52321565,0.22521207,0.7121648,1.007406,0.050378542,0.4376932,0.29530564
0.64488286,0.5588223,0.20903589,0.29116476,0.26632684,0.20861931,0.6403702,1.0531512,0.04359862,0.5251643,0.37095085
0.7692169,1.0000494,0.60022616,0.3351137,0.489904,0.355322,0.78486174,0.8614015,0.03404758,0.35269433,0.5515066
0.26209033,1.1029083,0.48536116,0.16668841,0.16564555,0.09419818,0.51484233,1.0133395,0.056573596,0.6350257,0.17866543
0.72981507,0.6292908,0.52210885,0.22627155,0.31805834,0.17194046,0.5489273,1.0537974,0.022567099,0.48818442,0.2728544
0.11110201,0.2396445,0.39949372,0.120970994,0.14485008,0.04145639,0.33947575,0.6675104,0.24586171,0.8699874,0.10216345
0.043331504,0.54043144,0.8105075,0.06746361,0.049235456,-0.024896063,0.41966286,-0.080408715,0.6735028,0.5677402,0.018120494
0.73082554,1.0111896,0.4492548,0.117825225,0.19569169,0.06569046,0.24451044,1.1208613,0.005281807,0.6426841,0.11712253
0.064893305,0.55744463,0.6193411,0.023681317,0.7417357,0.20199056,0.37598178,0.8409491,0.28682485,0.81598693,0.21095961
0.6804157,0.7565971,0.38669825,0.21278994,0.32930398,0.18903145,0.6206591,1.040646,0.006146355,0.4828034,0.33737907
0.42954397,0.9479601,0.3424943,0.13954301,0.28602725,0.110400625,0.51544887,1.0344588,0.05053088,0.71093774,0.22707945
0.4750269,1.0078092,0.109890595,0.13855956,0.14537758,0.05981377,0.54330087,1.0747356,0.053862758,0.72793,0.18696886
0.023725048,0.24318582,0.6409588,0.16943634,0.2528798,0.1204492,0.3941426,0.9871703,0.3125769,0.5785155,0.08019298
0.73124486,0.9358146,-0.025912013,0.18061952,0.21425135,0.13553831,0.68244576,1.0243713,0.10006007,0.6638119,0.22314134
-0.013458073,0.13823125,0.8734292,0.08050893,0.2072745,0.0059698597,0.132578,0.436386,0.44105473,0.77972925,0.14177033
0.6992095,0.76174766,0.63501257,0.3278442,0.40573213,0.30734885,0.6842479,0.9185984,0.021910839,0.3204299,0.50659347
0.28134698,1.0795872,0.41032544,0.13881482,0.19807363,0.08394503,0.5209829,0.97726524,0.06398035,0.6855004,0.2024655
0.8585433,0.6820386,0.73720276,0.16142814,0.14620432,0.069434054,0.14500587,1.0024433,-0.00076858304,0.50934595,0.09027746
0.96451545,0.5586262,0.9106753,0.40592772,0.3952663,0.31284893,0.77782595,1.1287708,0.024450067,0.13008067,0.64129895
0.058201864,0.045068387,0.17223597,0.11648896,0.1426965,0.029072423,0.38222954,0.7075496,0.3155044,1.0104935,0.055395003
0.1044742,0.6909816,0.6993993,0.16724439,0.123656265,0.080681264,0.3901989,0.9219798,0.119560525,0.58719236,0.14384672
0.48074514,0.34141862,0.5075893,0.06963454,0.7761605,0.25714272,0.5235081,0.823997,0.19533364,0.69433594,0.17387283
0.73206085,0.97139966,0.07190393,0.118361294,0.13564852,0.062021144,0.33407485,1.0457852,0.0803948,0.7450139,0.08245921
0.22153291,0.2724173,0.8681017,0.32999766,0.11334166,0.18175605,0.50405407,1.1184065,0.19604537,0.29383454,0.30287609
0.6299647,0.55920684,0.55320543,0.29797173,0.31083113,0.23353063,0.619707,1.0874141,0.03235624,0.3913967,0.40476048
0.81643593,0.37250665,0.7759371,0.37054256,0.2736921,0.2512778,0.65477115,1.1613344,0.027441366,0.14817938,0.5141014
0.22128758,1.0096419,0.48629326,0.14260757,0.37392205,0.1479356,0.5896838,0.9438067,0.09945284,0.68937707,0.28260976
0.28222126,0.55768466,0.6668022,0.09540577,0.4255092,0.15639082,0.36958203,0.797193,0.16308759,0.6668272,0.18632373
0.2838291,0.39643115,0.5527322,0.34379408,0.19432081,0.21955621,0.5120214,1.0813222,0.112902425,0.5058683,0.29043975
0.7192922,0.46015534,0.46228424,0.20752758,0.5892256,0.26063532,0.7288269,1.0500724,0.06968961,0.47292835,0.355393
0.7462001,0.8768649,0.6126803,0.29112467,0.37860855,0.27784592,0.44514832,0.68150723,0.022699973,0.48882785,0.3028966
0.7147079,0.7875119,0.4844299,0.32360736,0.42552668,0.29673064,0.7242378,1.0220973,0.028215956,0.3949342,0.54608864
0.76605296,0.82817394,0.4801396,0.2158324,0.37065926,0.21244243,0.582416,0.94544506,0.0008747658,0.4974552,0.34265876
0.213795,0.9223945,0.36965495,0.18907952,0.22291645,0.056574255,0.0042174384,0.43904632,0.084405646,1.2263448,0.23738712
0.5604589,0.27618518,0.5019434,0.189565,0.113644734,0.10210848,0.34639427,0.8261113,0.044735353,0.53879935,0.1724776
0.71513045,0.10195853,0.6865463,0.2844068,0.12840074,0.15477481,0.45429254,0.9431524,0.0455927,0.27149293,0.2752019
0.2752341,0.13278046,-0.04702245,0.121468514,0.16899191,0.058828905,0.47931126,0.63773185,0.21572891,1.0273993,0.13205361
0.061391436,0.70409864,0.38071617,0.25102976,0.15255684,0.13455251,0.544019,0.84961575,0.16939588,0.7162498,0.23412633
0.018195637,1.0807835,0.6026912,0.28307557,0.16707076,0.10916011,0.553589,0.73484385,0.1976446,0.8726803,0.26216397
0.055085108,0.94404685,0.5809031,0.17435841,0.12393197,0.07308406,0.23766777,0.5885477,0.14437754,0.8227055,0.1649496
0.67518747,0.918336,0.5804853,0.5367329,0.540773,0.5314269,0.55282456,0.6660932,0.050161283,0.470387,0.6130031
0.26239333,0.65488356,0.55877864,0.11538346,0.58030283,0.21410044,0.5442136,0.98043877,0.16220008,0.64659077,0.2388967
0.75061417,0.9850639,0.49697214,0.32502726,0.474968,0.34298635,0.8230039,0.7845143,0.023674686,0.42047176,0.46969464
0.7182491,0.9371382,0.44341657,0.13932258,0.2520444,0.11664732,0.35338795,0.9346282,-0.0032983506,0.5870314,0.18377167
0.5819032,0.9591001,0.19988567,0.1242865,0.16467337,0.063876264,0.38992172,1.0010357,0.038088944,0.75413644,0.15720409
0.39242852,1.0684605,0.3534995,0.14937215,0.20676808,0.08223555,0.621869,1.0800561,0.03887494,0.65896666,0.22799519
0.78761744,0.51380146,0.743429,0.20789893,0.29874903,0.18359813,0.4293309,0.81083596,0.0437602,0.27332938,0.27616873
0.6704749,0.41426086,0.4298779,0.041930255,0.95347166,0.28959358,0.6687227,0.961286,0.15115286,0.6320503,0.23846227
0.5968414,0.36232746,0.61088985,0.17332238,0.19028072,0.10463175,0.34893498,0.84358805,0.0435748,0.53565514,0.15467033
0.69789916,0.9804746,0.34167406,0.118226066,0.22223422,0.08746768,0.4368357,1.0363221,0.028363315,0.56814086,0.17923051
0.08137519,0.9082935,0.74232364,0.19066797,0.22013173,0.14454679,0.6365899,0.6383575,0.26779047,0.522253,0.15886696
0.04070402,0.34586802,0.5781569,0.19982728,0.22001651,0.130526,0.39092818,0.98317546,0.2689608,0.5885028,0.141018
0.7579162,0.87688583,0.55900025,0.38615605,0.43009517,0.36931407,0.70159465,0.41959643,0.11140796,0.48002732,0.32629564
0.6464075,0.85316014,0.47672433,0.106098026,0.1869651,0.07121456,0.24831077,0.9836023,-0.013101906,0.5814236,0.11748983
0.20149297,0.3897039,0.36736935,0.4342939,0.24626474,0.28356332,0.5935992,1.20544,0.18464611,0.5461915,0.40357074
0.7394942,0.9820756,0.5222273,0.23892035,0.39082783,0.22936644,0.4633643,0.8772931,-0.009703719,0.58006,0.3061124
0.7755999,0.58330464,0.623354,0.21539485,0.35181543,0.21204133,0.5494663,0.8727586,0.018705366,0.40583736,0.30232507
0.6794584,0.8109295,0.5460718,0.23910381,0.40180933,0.22740424,0.15590143,0.5216903,0.051169656,0.7344956,0.122956626
0.0071273968,0.50762975,0.6371501,0.133225,0.15852964,0.061551083,0.14307347,0.5472143,0.21672377,0.85364366,0.14883168
0.6219256,0.620092,0.32835698,0.1597448,0.44312924,0.1676366,0.58851904,1.0662472,0.07817949,0.6601924,0.23200646
0.022344291,0.22301865,0.8690611,0.061873708,0.10779642,-0.008249238,0.25972113,0.46643853,0.3784586,0.6362233,0.07134714
0.891329,0.41224587,0.770167,0.17169802,0.26029244,0.11895107,0.4968699,0.98051673,0.025393218,0.28774375,0.1888713
0.64099425,0.7503087,0.28745043,0.18299222,0.27585748,0.14314535,0.56467754,1.01128,0.030903963,0.569161,0.27210787
0.7707261,0.7896905,0.6832162,0.21021535,0.3178287,0.19349153,0.47320473,0.81628615,0.0077926824,0.40965253,0.26144984
0.70461303,0.30974048,0.5347078,0.21267909,0.07895578,0.10224265,0.42739668,0.8795468,0.024545893,0.38850808,0.18196897
0.08169775,0.23149815,0.34015387,0.21191767,0.26520362,0.16686419,0.54862756,0.99437094,0.24857678,0.6962922,0.14766747
0.74989915,0.9089574,0.585991,0.24948351,0.6828145,0.3380404,0.28720462,0.6959659,0.010359058,0.72973156,0.3510415
0.67754275,0.7472461,0.6148048,0.2595464,0.38064572,0.25602323,0.5472465,0.81270057,0.03822681,0.38682976,0.3940051
0.6580242,0.3786673,0.47723898,0.09326422,0.7184288,0.25178984,0.64328766,0.9237964,0.09999703,0.55649024,0.21192023
0.5837993,1.0734551,0.15312922,0.12944148,0.13714302,0.05447485,0.5335225,1.0817275,0.023805138,0.6875109,0.1689649
0.80500513,0.22064117,0.7675019,0.30464238,0.2374716,0.20590854,0.5782833,1.0533161,0.03368586,0.16438483,0.38717958
0.5545499,0.8512022,0.61559254,0.14695702,0.24541175,0.118472144,0.2570237,0.7407547,0.03468855,0.64350253,0.16272783
0.7278237,0.5525237,0.48936307,0.14009777,0.6962789,0.2716167,0.67812246,0.94252366,0.06821069,0.525774,0.29528078
0.34241992,0.87287295,0.3118586,0.17634672,0.15470949,0.074525535,0.35558513,0.930211,0.06168735,0.83128816,0.2014615
0.06773997,0.9523536,0.5828902,0.17142749,0.15357026,0.101105765,0.4344961,0.9328512,0.12173278,0.6783494,0.17150487
0.82065606,0.42262062,0.49125335,0.10302037,1.04016,0.35740453,0.7746547,1.0026125,0.1277189,0.5845015,0.3308343
-0.013656631,0.4590612,0.5121953,0.121818855,0.19810186,0.0732144,0.32694238,0.77327996,0.22102611,0.7891088,0.14473093
0.077760234,0.66866606,0.7663225,0.038621034,0.52457386,0.13690509,0.33707777,0.7415786,0.25849596,0.73279893,0.1461314
0.43110734,0.8480193,0.23089652,0.2199687,0.17978117,0.13033414,0.5807843,1.0503682,0.045153253,0.6432705,0.29038763
0.78302014,0.463183,0.66081303,0.21656291,0.27986178,0.16167139,0.5017043,0.9838333,0.021524552,0.37155643,0.24072206
0.70493764,0.80435973,0.5244165,0.29759595,0.3641389,0.25682974,0.677374,0.032885153,0.35827094,0.51991034,0.10286914
0.17939354,0.83800906,0.70137835,0.21252362,0.08794724,0.022860914,-0.08922017,0.018268414,0.41085175,1.0774876,0.11834541
0.6766574,0.009359889,0.73753965,0.20961344,0.068544835,0.0907567,0.38323548,0.81697905,0.094789706,0.41279173,0.10699343
0.7115211,0.43126667,0.63324934,0.20000066,0.3017853,0.18169457,0.5222733,0.88381755,0.014008763,0.39240953,0.24782008
0.10499844,0.22674978,0.562609,0.39444163,0.14859188,0.23297513,0.46079597,1.1179179,0.27190086,0.47951877,0.27558863
0.07967386,0.82626927,0.6471826,0.2274114,0.37390038,0.20532368,0.5880754,0.99829817,0.1873054,0.5962109,0.28496537
0.08121194,0.3967846,0.51189536,0.15486863,0.3818387,0.16646768,0.50207865,0.98435235,0.2318837,0.6859854,0.17663811
-0.006416559,0.4329005,0.7562878,0.25183564,0.09738614,0.040656786,-0.19561309,0.005978197,0.35078508,1.176148,0.24164006
0.65295076,0.21905549,0.4620735,0.27359483,0.48882815,0.26798838,0.73830086,1.1049533,0.118819416,0.4659958,0.30428872
0.69751173,0.92862,0.48381644,0.25723046,0.33926377,0.25296116,0.85899484,0.57319874,0.17144766,0.43290016,0.22110221
0.01683455,0.35523045,0.8925675,0.0705713,0.051453196,-0.053594485,0.060730923,-0.105135165,0.592041,0.7569544,0.09430355
-0.032656655,1.0650388,0.5080337,0.19276914,0.10463469,0.085631885,0.52677965,0.84345835,0.14783652,0.69959205,0.17956002
0.49567056,0.85930455,0.31202012,0.25455725,0.26241362,0.17987445,0.6652047,1.1472486,0.053852387,0.58029205,0.3596718
0.7910213,0.8625756,0.61531335,0.26461065,0.33246306,0.22105427,0.67866915,1.040952,0.008830188,0.33403397,0.44058222
0.62752336,0.99296147,0.4534804,0.2648331,0.34717765,0.23211287,0.6879117,1.013339,0.017022103,0.4618283,0.4484185
0.73615444,0.90491146,0.6321364,0.44129255,0.5057274,0.43870038,0.63911945,0.5716811,0.03936052,0.44675478,0.51706666
0.72881275,1.0548345,0.39551535,0.16358115,0.29900366,0.13402724,0.5797325,1.1079952,0.016973292,0.53128344,0.28530493
0.65027153,0.8691536,0.46118003,0.07316093,0.16430607,0.038802616,0.27045593,1.0045351,-0.00993926,0.5622017,0.087647624
0.90463287,1.0692927,0.61681956,0.3521899,0.5342577,0.36857635,1.0357187,0.96910197,0.044359572,0.21651936,0.66363674
0.43337226,0.14813763,0.7022208,0.1646171,0.03782936,0.058250498,0.31424206,0.7914584,0.113935016,0.5018218,0.10029589
0.0022234619,0.45342413,0.40326542,0.15836701,0.18902715,0.08102113,0.41406766,0.79713905,0.2230584,0.8386799,0.14345688
