Transactions,PointsAdjust,Effort
0.18669814,0.1660658799639528,0.22334105
0.21066877,0.21525245291514716,0.24683927
0.47424644,0.4611010576660635,0.4814847
0.25027525,0.15060760903645656,0.22153914
0.13448265,0.15378378922702737,0.17527497
0.1813511,0.10037473602248416,0.24257384
0.13587701,0.12036762722205763,0.15629196
0.30926192,0.2294537537672252,0.307944
0.08189351,0.09516445570986734,0.10603838
0.20837256,0.22729101363746082,0.22443268
0.0686184,0.049861322991679384,0.0958992
0.24381539,0.2761025565661534,0.3163721
0.33601105,0.15461385927683155,0.3743842
0.1842325,0.0549142732948564,0.27384135
0.24592443,0.16271444976286698,0.26683253
0.24554312,0.13223355793401348,0.27343127
0.2866367,0.1899255513955331,0.22541717
0.3269931,0.30488123829287433,0.35361335
0.68440175,0.6522625391357524,0.68601775
0.1341037,0.1317377779042667,0.18692838
0.1448786,0.11223132073387924,0.18277496
0.25695658,0.19350706161042372,0.25743392
0.22816586,0.15264939915896394,0.22301601
0.5577212,0.4759629285577758,0.5774462
0.63399273,0.5898114353886861,0.6463675
0.11624911,0.1358980481538829,0.112983264
0.29093271,0.29764698785881927,0.3180468
0.17069437,0.23928940435736426,0.25065392
0.18857145,0.14743441884606512,0.22031587
0.35325962,0.219703183182191,0.35187963
0.2681137,0.17119844027190642,0.24672168
0.2722519,0.14910553894633233,0.25359577
0.13061354,0.17232325033939502,0.23897988
0.25924575,0.21603329296199758,0.27245134
0.29316363,0.23446938406816306,0.37579173
0.22071019,0.1646405698784342,0.19873229
0.24930467,0.08781853526911212,0.32645312
0.26920503,0.1824267909456075,0.24548186
0.3281216,0.1846031310761879,0.28189766
0.25514707,0.11636186698171203,0.22893229
0.24345087,0.11457819687469181,0.2029967
0.29264414,0.3502555710153343,0.36864236
0.24651895,0.26541997592519856,0.297544
0.24867275,0.24254484455269068,0.26942617
0.2923354,0.3108122186487331,0.32719916
0.28397307,0.23690596421435786,0.3172103
0.604042,0.5929225355753521,0.5968138
0.17085086,0.21648937298936238,0.25712147
0.348313,0.35876542152592533,0.4021399
0.086479746,0.07180494430829666,0.11513753
0.268382,0.29237107754226466,0.32719684
0.38235897,0.34735768084146085,0.39000335
0.2486058,0.17077744024664643,0.24003884
0.19553335,0.17623297057397824,0.20597619
0.2598533,0.1898275713896543,0.27005598
0.42186284,0.42939772576386354,0.44531265
0.32855695,0.37489157249349436,0.37540188
0.18179327,0.2514807150888429,0.26633123
0.1898565,0.18745641124738469,0.21338902
0.31693077,0.16866536011992161,0.2706069
0.15684739,0.164899149893949,0.20250686
0.17199886,0.19160935149656108,0.22476204
0.28439516,0.09634957578097454,0.30373862
0.19694316,0.21342869280572158,0.24228814
0.26298922,0.1650173799010428,0.21579999
0.26248977,0.3195900791754048,0.34400132
0.25928915,0.17765681065940864,0.20566027
0.54605335,0.54639883278393,0.5382243
0.1310744,0.14624108877446532,0.15052366
0.2527852,0.21124650267479017,0.2860538
0.27965227,0.22781857366911443,0.2807144
0.2466514,0.2777122766627366,0.3301989
0.28411713,0.16992291019537462,0.29832852
0.09024784,0.09245482554728952,0.16104448
0.19973916,0.16331363979881838,0.22563395
0.48140693,0.47732218863933135,0.48616675
0.42547554,0.47778498866709934,0.3731596
0.24290705,0.20816713249002797,0.24546929
0.44658178,0.4639304278358257,0.47378927
0.055145785,0.08784093527045611,0.117488764
0.5424782,0.5121094907265695,0.5518133
0.23836033,0.3098023185881391,0.30909455
0.22608876,0.10454140627248439,0.20701529
0.15054338,0.15099926905995614,0.1860778
0.35225654,0.20951069257064156,0.3402032
0.33211398,0.3753375625202538,0.40007895
0.32167488,0.3533388012003281,0.3731833
0.2259118,0.15153155909189353,0.26356077
0.28705412,0.1899065113943907,0.26692998
0.24286477,0.29049981742998904,0.31045946
0.78112614,0.8014945880896753,0.765561
0.34490046,0.22720234363214065,0.33030355
0.29386878,0.15633330937999856,0.24679622
0.19138293,0.19403095164185713,0.24623288
0.5812301,0.5891389053483344,0.572959
0.22224319,0.1422785885367153,0.22496095
0.16005883,0.17964051077843066,0.20871386
0.09619312,0.07188749031324942,0.10518538
0.28375328,0.1330246979814819,0.28745142
0.13453563,0.16254090975245458,0.19393207
0.07827202,0.06712415402744924,0.14804786
0.16179214,0.06950456417027386,0.25861168
0.40206176,0.4293598257615896,0.4457079
0.24700883,0.15473370928402255,0.23385479
0.2736253,0.3103713886222833,0.3340241
0.17347263,0.2476165748569945,0.25323066
0.2933529,0.270594716235683,0.31780255
0.19129333,0.20916894255013657,0.22829822
0.08441587,0.10062797203767833,0.12179181
0.3995775,0.36597397195843834,0.41952842
0.31342724,0.24151989449119368,0.3186209
0.32545474,0.17721040063262403,0.27633354
0.29498845,0.12115657726939465,0.2805331
0.6198618,0.5778437046706223,0.63977206
0.10556363,0.1581564094893846,0.14957853
0.16951299,0.12864752771885166,0.2145309
0.3492415,0.3322313599338816,0.3286245
0.111185595,0.07263151435789086,0.13322143
0.15751134,0.11603344196200653,0.20979047
0.2506729,0.1663895099833706,0.2515012
0.13667883,0.14595857875751475,0.17585357
0.19760044,0.16078973964738438,0.2755351
0.20244199,0.14851531891091915,0.20440519
0.06632131,0.1409513084570785,0.1699388
0.24844418,0.1383692383021543,0.22913925
0.3382956,0.36741059204463555,0.37881848
0.2660733,0.14224191853451512,0.2567802
0.26262933,0.2443856146631369,0.26867762
0.33015424,0.287453817247229,0.3163614
0.13372998,0.14213912852834773,0.19821803
0.23405112,0.12593225755593546,0.25105396
0.2634252,0.28275485696529146,0.15786666
0.53015035,0.46336932780215967,0.5247541
0.7878338,0.7432531445951887,0.76413697
0.10116205,0.1425653785539227,0.16733754
0.48667037,0.3446263906775835,0.5455313
0.66160065,0.6857996411479784,0.6742306
0.5144793,0.5125483307528999,0.5323978
0.31060877,0.26410701584642093,0.36781895
0.64160365,0.6138095068285704,0.67192125
0.16553512,0.1395536283732177,0.17171332
0.3835892,0.31642849898570996,0.37142402
0.19036946,0.1618476897108614,0.27401578
0.23457,0.26648937598936256,0.2763369
0.26442647,0.2891619973497198,0.29515025
0.086781934,0.09926498595589917,0.10361225
0.17089802,0.22499638349978301,0.22218074
0.16261938,0.14546536872792212,0.16049685
0.20500693,0.2136365628181938,0.2134302
0.10619922,0.11862964111777848,0.13234942
0.36109352,0.3466114207966853,0.37462047
0.4111191,0.427439565646374,0.4399747
0.20744874,0.12104124726247484,0.20759274
0.24427506,0.16604942996296582,0.24664807
0.046616934,0.0792594597555676,0.10928195
0.20805039,0.17543977052638624,0.21398965
0.19701031,0.1634975798098548,0.18949074
0.34500152,0.20253646215218774,0.30945176
0.19552153,0.23457984407479063,0.23284715
0.53915983,0.522468231348094,0.5625918
0.21541685,0.15551011933060718,0.20923047
0.174469,0.18523299111397945,0.20751004
0.29084742,0.24305891458353487,0.3234518
0.24248424,0.25740501544430094,0.2629002
0.16126125,0.15448882926932975,0.1930526
0.14987458,0.1624848097490886,0.22763272
0.04591188,0.045455566727334,0.05769793
0.2301043,0.16604498996269942,0.25183678
0.32311887,0.3003470480208229,0.34359482
0.2552613,0.08742937524576253,0.27202553
0.26050746,0.24286924457215467,0.30475476
0.29285327,0.15266370915982258,0.27568117
0.047635898,0.09212635552758133,0.10933472
0.12123927,0.10308279618496777,0.10733553
0.34700364,0.3292639197558352,0.40559602
0.13757452,0.1390340383420423,0.26083183
0.36760858,0.3982677438960646,0.39536703
0.12944353,0.07279000436740025,0.119852506
0.37463242,0.3549722212983333,0.3800925
0.3712309,0.3162159489729569,0.3670398
0.25836518,0.2215481432928886,0.27829677
0.1590411,0.165200149912009,0.17599566
0.16990417,0.12349284740957085,0.15330017
0.08163443,0.14590400875424053,0.14530739
0.32810766,0.13233739794024388,0.32249063
0.25560498,0.160399449623967,0.23164411
0.25827497,0.18622025117321508,0.27204806
0.24708197,0.2516047150962829,0.24515215
0.32638314,0.13492852809571168,0.3188113
0.1468967,0.11623439697406383,0.1609465
0.3568279,0.28972537738352266,0.35658386
0.15502995,0.15538348932300936,0.1923871
0.26168448,0.277396616643797,0.30247357
0.26135522,0.30936439856186393,0.23060574
0.27636874,0.20799338247960297,0.26750633
0.4578414,0.4151691749101505,0.46069607
0.66117865,0.6969058918143536,0.6712707
0.14452133,0.1700479802028788,0.21413898
0.2873128,0.214241232854474,0.2685431
0.24571605,0.1698800901928054,0.20471886
0.4105127,0.32513399950803995,0.4164334
0.21312696,0.14866477891988675,0.2474949
0.228919,0.23746645424798726,0.25084004
0.19941285,0.057413488444809306,0.21961395
0.75713396,0.755932615355957,0.76869005
0.14427726,0.21977481318648878,0.24102028
0.11095618,0.1662295299737718,0.17488578
0.14260668,0.07201348432080906,0.15216959
0.2513428,0.23910108434606506,0.2752683
0.36153892,0.34296077057764623,0.3649817
0.25852314,0.17218751033125063,0.2345756
0.28162897,0.274284316457059,0.2372744
0.3909952,0.36918618215117094,0.40167508
0.16801359,0.12380940742856444,0.16780108
0.34969446,0.25694461541667696,0.350046
0.49012434,0.541938032516282,0.56588084
0.06873244,0.10158321609499296,0.14111035
0.68436533,0.6972862418371745,0.70031905
0.12458156,0.10189410211364613,0.12696987
0.35763654,0.2482499048949943,0.35796714
0.6097223,0.6095472965728379,0.6253743
0.2815712,0.3027423781645427,0.28084382
0.22689341,0.17834231070053866,0.21619917
0.15863189,0.10314231218853874,0.20040932
0.0927099,0.1407385084443105,0.17015202
0.2125583,0.27285991637159496,0.28439924
0.23743567,0.15651380939082857,0.26837978
0.07715692,0.13186547791192868,0.15762109
0.37706262,0.3183167490990049,0.36825103
0.13689555,0.14896572893794374,0.16413149
0.04003138,0.028622091717325503,0.20251676
0.17267187,0.06747703404862204,0.20037849
0.25925228,0.21676525300591518,0.27513292
0.22032286,0.17413315044798902,0.21883664
0.15758649,0.18474189108451347,0.2221473
0.11708222,0.1406786984407219,0.17108686
0.26936716,0.20319466219167975,0.2801312
0.4618277,0.4779026786741607,0.46592215
0.50963986,0.41659232499553955,0.5235294
0.31856537,0.32523831951429916,0.33408192
0.43631095,0.42343512540610756,0.42642775
0.18378788,0.16159357969561478,0.189141
0.42901647,0.3754012225240734,0.40416247
0.21977448,0.25721909543314575,0.28145686
0.22227472,0.2143564128613848,0.2607544
0.86501926,0.8728803923728236,0.8509817
0.60770017,0.6382593882955633,0.64518374
0.2145373,0.2538789952327397,0.2851223
0.11015572,0.05161649309698959,0.092759594
0.36959118,0.2932101375926083,0.34807727
0.28400183,0.24148954448937268,0.31231612
0.13802865,0.11052016063120963,0.17942786
0.13107419,0.12765618765937128,0.23682348
0.24322523,0.20117177207030634,0.22798999
0.59970117,0.6291134377468063,0.5763092
0.17638193,0.20626589237595355,0.21837881
0.22584063,0.14868988892139334,0.2152092
0.122125864,0.09721439183286351,0.1416343
0.21655229,0.24107171446430287,0.2626613
0.54910964,0.46722328803339724,0.5258514
0.3064235,0.3001333180079991,0.30483094
0.13202165,0.08443724106623447,0.119316645
0.027230017,0.04521050271263016,0.11293786
0.126472,0.13017815781068948,0.20189087
0.049829222,0.05694024341641461,0.14336932
0.14892481,0.1067162764029766,0.13847739
0.35818106,0.323966399437984,0.3582609
0.7438294,0.7170534430232065,0.72333527
0.19989109,0.1967350518041031,0.21749194
0.30225813,0.1601770096106206,0.28146118
0.12592171,0.14527810871668653,0.1650559
0.13173151,0.09556317573379056,0.17519806
0.12737168,0.15538248932294935,0.16499266
0.11830376,0.15286297917177874,0.22795151
0.11639938,0.04055186943311217,0.10868925
0.21925625,0.23198708391922504,0.23580492
0.2558341,0.21770547306232838,0.24569272
0.16669527,0.15675387940523275,0.18770748
0.51337165,0.3378634402718064,0.5906687
0.30840215,0.31716131902967915,0.32926565
0.38505703,0.4430204565812274,0.4488902
0.14169267,0.15232767913966075,0.20965613
0.41564852,0.42868187572091254,0.41649038
0.09813891,0.1391384983483099,0.11192976
0.36361057,0.2503736750224205,0.3781609
0.3838061,0.4114872746892365,0.43074703
0.2452261,0.11918277215096633,0.22189908
0.22944435,0.1447384486843069,0.28732893
0.45947862,0.47480842848850574,0.49223867
0.09628502,0.08954512137270727,0.124346614
0.47791678,0.4292443257546596,0.4830241
0.1804282,0.09258807555528453,0.23217174
0.09935431,0.1322088779325327,0.18038018
0.15359947,0.1623213397392804,0.18597832
0.33481547,0.2788870467332228,0.3187024
0.4093377,0.26656334599380077,0.43613577
0.62943906,0.5949138356948303,0.6102156
0.33170784,0.266321715979303,0.323894
0.2175912,0.1407807384468443,0.24713442
0.14762126,0.1945600016736001,0.22101292
0.23310378,0.14485010869100653,0.25515088
0.232887,0.2218143933088636,0.2719757
0.3565231,0.20322854219371253,0.44326243
0.30674246,0.23612818416769105,0.25021237
0.10008388,0.07813463068807784,0.12688418
0.17660464,0.19625803177548193,0.23672312
0.23602754,0.2175408630524518,0.2665949
0.32586214,0.25197771511866296,0.29829228
0.13754897,0.12454194747251686,0.21502514
0.30967802,0.23354685401281125,0.3134259
0.36856097,0.3813542928812576,0.37101054
0.37574512,0.3458571207514272,0.37372124
0.18928453,0.12875280772516848,0.26436126
0.1907464,0.1371993082319585,0.2051949
0.18569171,0.13734294824057688,0.17978631
0.45952797,0.49038666942320014,0.46188396
0.22605328,0.20156289209377354,0.2504745
0.13520683,0.14608850876531054,0.17551081
0.08873827,0.09213068552784114,0.12437871
0.2755552,0.272486316349179,0.2951207
0.22528481,0.23886044433162668,0.24581589
0.29998946,0.3048671682920301,0.3267595
0.23428452,0.1294879677692781,0.2694493
0.4893319,0.42988967579338055,0.4670357
0.055843662,0.07410052444603148,0.09381861
0.090369634,0.1106407266384436,0.1853808
0.23504253,0.13253610795216647,0.23467815
0.22282873,0.11555511693330703,0.2569887
0.12393865,0.07314189438851366,0.17936336
0.18691447,0.17557780053466804,0.21219575
0.38572657,0.4119016747141005,0.40294486
0.26149493,0.18360071101604267,0.23767763
0.2641442,0.2813464568807874,0.3030611
0.19485742,0.2493272749596365,0.2659672
0.22781387,0.18606821116409267,0.2437179
0.05846871,0.109860916591655,0.12929717
0.060138125,0.1384033683042021,0.16584742
0.26153916,0.31154681869280915,0.33481798
0.2511652,0.20138703208322192,0.24229495
0.14687037,0.1735824304149458,0.17955379
0.3278606,0.3328135199688112,0.35675335
0.18902847,0.15290006917400417,0.10572873
0.32542273,0.3813084928785096,0.37756205
0.24314845,0.19415128164907688,0.257134
0.1323046,0.106933416416005,0.16308586
0.32948232,0.15304303918258236,0.29358193
0.10751103,0.0815896348953781,0.13995309
0.19896516,0.22403696344221782,0.23977447
0.33493745,0.1659436799566208,0.3228844
0.1881339,0.1440762486445749,0.22244282
0.17571045,0.1084782265086936,0.15851322
0.49198538,0.4651937779116267,0.5098295
0.5089758,0.45622476737348605,0.500784
0.119408265,0.15134898908093936,0.1894369
0.24330427,0.23021429381285763,0.2927383
0.18869019,0.07376391442583487,0.21754692
0.15642741,0.12101902726114165,0.17507511
0.26020968,0.19956111197366672,0.25388095
0.3420918,0.262982715778963,0.36557418
0.15437263,0.1882687112961227,0.23188137
0.14574349,0.17405898044353885,0.22598001
0.12768918,0.10829686649781199,0.14258121
0.22462644,0.12942365776541948,0.25539345
0.43312275,0.4722609283356557,0.47557795
0.51897717,0.5387495323249719,0.5615753
0.13619193,0.12814511768870707,0.18541741
0.49049503,0.4966710298002618,0.50596696
0.02239149,0.06167685570061134,0.1478721
0.36337358,0.4070601444236087,0.42414698
0.28875226,0.1330394079823645,0.2402755
0.29209462,0.1120949567256974,0.27790788
0.5131684,0.47980082878804975,0.5363379
0.046380654,0.030657811839468713,0.12888178
0.22135392,0.23378150402689027,0.25503376
0.14401294,0.07262625435757526,0.2242077
0.44327492,0.3181233890874034,0.48866737
0.25911808,0.14076710844602652,0.24280708
0.35446197,0.3775237426514246,0.38257942
0.22997312,0.1667364200041852,0.20502909
0.097814076,0.14076683844601032,0.10444517
0.23101422,0.25948674556920476,0.24494998
0.10698388,0.0705364982321899,0.15365493
0.11599097,0.17519181051150864,0.19236298
0.1649843,0.18954917137295027,0.2062993
0.42686623,0.44848730690923844,0.47227305
0.48483938,0.4019219541153172,0.5274912
0.24637735,0.28219164693149884,0.29802287
0.39979237,0.41885324513119476,0.43195352
0.31045675,0.27102191626131494,0.31526232
0.3201627,0.16622268997336143,0.26094428
0.23487133,0.20244880214692812,0.22936599
0.14561562,0.16289587977375278,0.19036134
0.37479138,0.34717845083070703,0.38368922
0.4046222,0.41293342477600553,0.43323836
0.24262145,0.15478213928692836,0.29781088
0.2172347,0.17775517066531024,0.21623623
0.13588817,0.07747135064828103,0.22043577
0.07878346,0.08250678095040687,0.120163195
0.43740207,0.4177192950631577,0.4448958
0.6459613,0.5740227344413641,0.6751386
0.15640822,0.1098104765886286,0.1913295
0.30182144,0.17206206032372362,0.2835756
0.20660357,0.21079389264763357,0.22442682
0.24170676,0.1622235397334124,0.28081915
0.276515,0.17678505060710303,0.28705978
0.4827355,0.39613240376794423,0.51637644
1.0,1.0,1.0
0.56799746,0.5710222342613341,0.5820662
0.28960666,0.28393037703582263,0.3078501
0.8139242,0.708166582489995,0.84395605
0.23902771,0.27147163628829823,0.29434803
0.061487522,0.06254432375265943,0.1034195
0.22578214,0.30427531825651916,0.3066592
0.1881454,0.22891509373490562,0.21689759
0.20034967,0.21405212284312736,0.23562855
0.2621205,0.17113901026834064,0.24936464
0.031964086,0.1111877066712624,0.12932822
0.11378821,0.10550247633014859,0.2196939
0.2184048,0.23729923423795407,0.23528728
0.28516293,0.16103750966225058,0.27018046
0.24785718,0.23432064405923866,0.22642617
0.38346708,0.37848594270915653,0.40743563
0.27553177,0.3084155485049329,0.34282866
0.31722313,0.26388908583334514,0.3372577
0.29636994,0.12429363245761796,0.32981837
0.59744745,0.5730175343810521,0.57707906
0.016768612,0.020812203248732192,0.11248538
0.23922569,0.17111682026700922,0.21254824
0.14961106,0.07407966444477987,0.13517791
0.1604051,0.25422854525371275,0.23635735
0.30404532,0.17130887027853223,0.24661411
0.20508555,0.19088986145339168,0.2008139
0.21550432,0.18330247099814825,0.24720973
0.16683416,0.17696917061815023,0.20985167
0.49595356,0.43346389600783375,0.49180064
0.29303822,0.17338250040295003,0.27267817
0.3211106,0.30163945809836745,0.33294594
0.16000213,0.16434889986093398,0.18951537
0.46713394,0.44784265687055946,0.4532579
0.3531993,0.39489387369363244,0.3781344
0.20707825,0.14603350876201054,0.29361558
0.15590651,0.12910284774617087,0.18423125
0.28970027,0.22878988372739303,0.3508333
0.15210073,0.13253166795190008,0.1799316
0.34536457,0.30957995857479753,0.39420146
0.2533179,0.18430979105858747,0.21604618
0.19542143,0.22235420334125222,0.2575118
0.34201685,0.18422545105352706,0.31364235
0.16626687,0.11622207697332462,0.18576157
0.056515362,0.0668005980080359,0.085859776
0.09527187,0.10621420137285208,0.12144564
0.31532356,0.2509689450581367,0.2870124
0.111439005,0.13608547816512867,0.1304548
0.28990513,0.19561369173682153,0.23869766
0.24581616,0.1973107418386445,0.25078508
0.37041402,0.40590717435443047,0.42953014
0.3030131,0.2698007961880478,0.31417271
0.23641564,0.17947565076853905,0.2592342
0.08214043,0.11493628689617721,0.19139378
0.26802343,0.20684196241051775,0.24030675
0.08930118,0.1123849217430953,0.21220212
0.106606975,0.14556356873381412,0.16031703
0.091777444,0.12923323775399428,0.21867773
0.2981634,0.20387832223269936,0.32462102
0.16812392,0.18286825097209505,0.21130785
0.27036202,0.20020034201202053,0.31624585
0.16947876,0.16335149980108998,0.19908538
0.4097982,0.27645139658708384,0.42323864
0.16394877,0.10161977609718657,0.16205218
0.16365646,0.15700330942019858,0.1801409
0.18257442,0.14545073872704434,0.2445959
0.20464063,0.20432032225921934,0.26020807
0.28603372,0.32280693936841637,0.34312156
0.2250294,0.23782253426935207,0.25370726
0.18762313,0.24340878460452708,0.2570767
0.30920172,0.12671130760267846,0.28540197
0.45995444,0.39853819391229167,0.4633889
0.33242592,0.14210787852647272,0.3610697
0.31873342,0.34131177047870626,0.32618308
0.1655698,0.1992259019535541,0.16399354
0.18386084,0.15309790918587457,0.17606415
0.20186207,0.19301535158092112,0.2491028
0.44590533,0.4349030860941852,0.42781118
0.19757494,0.0800150348009021,0.20772174
0.26718137,0.3237717394263044,0.34024835
0.6812683,0.6552632893157974,0.68330693
0.059417088,0.07822762869365772,0.09045848
0.45434737,0.4227085053625103,0.47494367
0.051364735,0.09122981547378893,0.11804112
0.06510024,0.026151587569095257,0.104457304
0.32379472,0.1974835818490149,0.26528493
0.14153375,0.08002095480125729,0.13452876
0.25032735,0.2549190652951439,0.2532754
0.20371729,0.12376520742591246,0.22969617
0.32267645,0.23739594424375668,0.3101816
0.2230007,0.22388521343311282,0.24147037
0.26403624,0.17478430048705804,0.29928342
0.30787337,0.20742602244556135,0.30300462
0.2550203,0.2756133565368014,0.30012518
0.21572533,0.1385171783110307,0.305604
0.12319646,0.10949192156951529,0.22693479
0.29459187,0.3081981384918883,0.34890085
0.1984956,0.20335621220137273,0.19974448
0.1794792,0.10955650257339015,0.15831335
0.21361262,0.14040540842432453,0.20031735
0.5929213,0.5817880949072858,0.54064906
0.20311518,0.09227965553677935,0.22330834
0.39073378,0.34653320079199207,0.4060391
0.5242984,0.5389165023349901,0.50381523
0.46032053,0.36820396209223777,0.5008659
0.120698534,0.14689982881398972,0.10715899
0.08050443,0.09127369547642174,0.14176661
0.34434003,0.378928382735703,0.39922315
0.06850012,0.0970005898200354,0.11775546
0.20937142,0.18776184126571047,0.22461626
0.4001832,0.3614149916848995,0.42497438
0.32882768,0.28399647703978864,0.3337928
0.33979207,0.3698478821908729,0.41019636
0.2399874,0.1376542382592543,0.25583738
0.13888805,0.16138522968311378,0.13465387
0.11622346,0.10449356626961398,0.16855794
0.24202898,0.24144800448688028,0.27312016
0.20748252,0.1433784586027075,0.23817584
0.24152258,0.2686338861180332,0.29151046
0.12841074,0.1356838881410333,0.17107458
0.109763384,0.1328083179684991,0.16141884
0.15116437,0.07764304465858268,0.115816884
0.08589118,0.11733991704039504,0.15334073
0.15920585,0.09307295558437734,0.14058931
0.28037244,0.23256573395394406,0.28000227
0.28779477,0.22059375323562522,0.2988445
0.2348889,0.1672190200331412,0.28129056
0.105696835,0.10512112630726758,0.1251047
0.15739903,0.18638236118294169,0.2006949
0.2811324,0.15037437902246276,0.25843793
0.26286793,0.2972220678333241,0.310563
0.20046821,0.21178746270724777,0.2359352
0.1819498,0.1380076982804619,0.22580117
0.52558446,0.5100384706023082,0.50477076
0.09471163,0.10354030621241837,0.20313106
0.090904646,0.10510726630643598,0.21254943
0.16499457,0.163716449822987,0.19833037
0.089906335,0.08482347908940874,0.18780303
0.19872421,0.16064414963864898,0.2185208
0.18567798,0.20358151221489074,0.233089
0.16802427,0.12671330760279848,0.15735102
0.02071239,0.09611858976711539,0.10808492
0.32871172,0.20177967210678033,0.3327926
0.3815083,0.24657997479479848,0.42604837
0.25766647,0.1675240800514448,0.23276775
0.23811728,0.22930765375845924,0.26010057
0.3624376,0.4138888048333283,0.41286385
0.25069213,0.15217713913062836,0.2315098
0.15242484,0.061129990667799436,0.14812785
0.42290854,0.4546782072806924,0.43068698
0.24105465,0.278104216686253,0.29203305
0.41409326,0.41245996474759794,0.44011816
0.48198092,0.4630474277828457,0.49531865
0.28215325,0.17005877020352622,0.2843996
0.12664205,0.19665873179952392,0.21617474
0.12774302,0.12978086778685208,0.17727375
0.19758287,0.1709051202543072,0.21881832
0.43506444,0.4556935273416116,0.48156482
0.18251872,0.23780281426816888,0.26094657
0.23162383,0.23284149397048964,0.28684214
0.22008868,0.1949767416986045,0.28440633
0.07575999,0.18726461123587668,0.19604589
0.17016186,0.17107392026443521,0.21519363
0.18839094,0.15039456902367415,0.23518796
0.23074752,0.1640831198449872,0.20256251
0.24001123,0.20848163250889795,0.25338495
0.039526425,0.05799685347981121,0.17982855
0.25274304,0.22953055377183323,0.27325135
0.4029361,0.4409190964551458,0.4414067
0.48962408,0.49591350975481063,0.504044
0.34745005,0.23115403386924202,0.33535585
0.38893986,0.36978974218738453,0.3923468
0.22202629,0.17915999074959946,0.20780447
0.12723815,0.11407916684475002,0.14488588
0.12701929,0.05617883337073,0.09324091
0.17530328,0.1324716279482977,0.15993662
0.66091627,0.536383782183027,0.72866124
0.14167254,0.168347650100859,0.18982068
0.32570902,0.3002053380123203,0.33979812
0.12721184,0.18718025123081508,0.2058769
0.18224457,0.1925905715554343,0.22835597
0.15269673,0.14739427884365672,0.18826666
0.60007054,0.5766667346000041,0.6004947
0.26148188,0.17792016067520963,0.25498608
0.04320153,0.04291508957490538,0.12729932
0.2145574,0.22242985334579118,0.24004893
0.22415331,0.14395295863717752,0.2379415
0.51245856,0.55773133346388,0.5442265
0.3742963,0.33760502025630124,0.4037513
0.063186154,0.1122903467374208,0.11999414
0.25504106,0.18384969103098145,0.27445197
0.16693738,0.10387617623257057,0.15866117
0.13357244,0.1744770204686212,0.2146088
0.18391123,0.23790070427404225,0.24825302
0.28344825,0.1964702917882175,0.28170836
0.12348616,0.08898653533919212,0.15142594
0.21911447,0.08556904513414271,0.25142708
0.33785242,0.3365383601923016,0.38240698
0.2229039,0.1083351465001088,0.212133
0.22726652,0.18050988083059286,0.29367638
0.14671509,0.11258060675483642,0.16463706
0.1508216,0.04829489689769381,0.17397122
0.25545084,0.11482370688942242,0.25120524
0.26049787,0.16367637982058278,0.29097965
0.11617811,0.05895118753707125,0.0
0.465164,0.330732899843974,0.47888008
0.13683157,0.15514930930895857,0.1580847
0.1284791,0.20040121202407274,0.20071773
0.057119902,0.08569992514199551,0.10540152
0.12698132,0.17566411053984662,0.14534852
0.14116846,0.21521517291291037,0.23785704
0.2201998,0.14731514883890895,0.27406684
0.54605746,0.48171248890274937,0.61332184
0.22936979,0.1971865218311913,0.2820111
0.10896786,0.20564477233868636,0.21768217
0.24944836,0.12986003779160227,0.37136802
0.17607763,0.1447237386834243,0.1824509
0.18049243,0.12419509145170549,0.18426788
0.19966573,0.18781355126881308,0.24240881
0.26086903,0.28792153727529224,0.2641564
0.25764364,0.12328978739738725,0.28101146
0.01918067,0.000172834850370091,0.15987429
0.22209045,0.14776443886586635,0.26600656
0.09122247,0.11217520673051241,0.164725
0.053932726,0.04345425460725528,0.20584998
0.25619376,0.24029539441772368,0.29374054
0.10242263,0.059691783581507014,0.16295879
0.3669422,0.39797168387830106,0.3935762
0.09236997,0.09202000552120033,0.17034638
0.105132714,0.08943778536626712,0.1396802
0.47194284,0.41532962491977754,0.47606564
0.37529188,0.34964015097840906,0.4409463
0.35558742,0.2651139959068398,0.37493485
0.2801962,0.22644677358680643,0.2588079
0.2923326,0.18149842088990525,0.26792732
0.13802567,0.1655644099338646,0.22016029
0.2257131,0.12301265738075945,0.23011428
0.17121416,0.1363576481814589,0.20891623
0.10916358,0.06517883791073029,0.08923787
0.32959384,0.3921056035263362,0.4058655
0.21284479,0.17053735023224104,0.24481367
0.12664637,0.112061316723679,0.16325733
0.32200462,0.23308116398486983,0.3759268
0.15435973,0.09186398051183883,0.12722977
0.2520942,0.1392983883579033,0.255692
0.42357332,0.46143438768606326,0.48209852
0.22937655,0.16641326998479622,0.19286503
0.2510908,0.2794413467664808,0.28797615
0.38253832,0.31548751892925114,0.38154545
0.18402314,0.23749242424954545,0.24644984
0.3867759,0.34530147071808825,0.432236
0.17153877,0.1662287099737226,0.21597669
0.26281345,0.3222942193376531,0.32948068
0.17426242,0.1908352114501127,0.22966434
0.4906978,0.46238122774287366,0.46533522
0.36681312,0.3239636594378196,0.38326135
0.23108527,0.26207245572434734,0.22373813
0.29326636,0.31540374892422496,0.3398314
0.34907395,0.3642060718523643,0.35842678
0.23075722,0.1613466096807966,0.24243538
0.19239694,0.17623592057415524,0.1692539
0.060060054,0.109549216572953,0.1827234
0.23591062,0.16678211000692658,0.27125213
0.54858,0.57079683424781,0.56305414
0.18811344,0.09600039576002375,0.17914368
0.101303846,0.1121354917281295,0.20726919
0.47728938,0.4471759768305586,0.47700813
0.36106253,0.2467579948054797,0.35530382
0.15807989,0.11714664702879882,0.14823753
0.20403142,0.19467946168076772,0.22965609
0.20050526,0.2789885867393152,0.29547244
0.56073755,0.5764975845898551,0.57185894
0.14041024,0.2139993028399582,0.23119953
0.3247962,0.2852453471147209,0.313255
0.13233086,0.20291521217491273,0.20982929
0.0728867,0.07602738456164308,0.11554213
0.60360986,0.6060787763647265,0.6042459
0.34407693,0.1865669011940141,0.4325444
0.20066506,0.13132937787976268,0.203023
0.23685414,0.2416039144962349,0.18457495
0.1704906,0.23263512395810745,0.24978766
0.26340073,0.21767288306037297,0.26180753
0.32150453,0.2501054150063249,0.32240048
0.054690793,0.09224432553465954,0.07564716
0.39455432,0.3602638416158305,0.4359228
0.041738056,0.03333759900025594,0.088122986
0.22323456,0.19447416166844972,0.20056635
0.27048764,0.2957561177453671,0.3239958
0.041605733,0.06031551561893094,0.15727818
0.18947421,0.1667519600051176,0.1932464
0.18460214,0.15606475936388556,0.215965
0.17947054,0.12064025723841544,0.24045886
0.11002299,0.0816675349000521,0.12599121
0.24847262,0.1933369916002195,0.27578104
0.22600298,0.12357295341437721,0.26060608
0.47126,0.3637205018232301,0.46753454
0.26738226,0.1370968782258127,0.28758684
0.3446452,0.36200322172019334,0.35055378
0.2854773,0.20166775210006516,0.27083176
0.18890062,0.1088683965321038,0.2532952
0.30503422,0.18676793120607588,0.27931905
0.3002969,0.17174015030440903,0.25696436
0.4664262,0.4419412265164736,0.4373432
0.24182121,0.24849440490966432,0.31122753
0.48497933,0.4119164847149891,0.46264538
0.22688255,0.2462663547759813,0.2625485
0.27524695,0.25179769510786176,0.27020785
0.24993217,0.18770930126255808,0.23677409
0.19160277,0.20443879226632752,0.240248
0.23420975,0.1700372602022356,0.23951036
0.23526463,0.2260382635622958,0.28743777
0.45086336,0.4778850086731006,0.44525248
0.14380324,0.14628024877681495,0.1734845
0.3600248,0.33835522030131326,0.40567982
0.26231706,0.14020808841248533,0.26929876
0.20239028,0.17949824076989446,0.2348066
0.26494393,0.163473449808407,0.2643693
0.1407102,0.16360200981612058,0.19864659
0.15153313,0.060255039615302375,0.1619453
0.18069753,0.19825531189531873,0.22890781
0.43794864,0.4230032853801971,0.50040203
0.17984672,0.15409268924556138,0.24490896
0.2064839,0.228794083727645,0.26433766
0.04955525,0.09234196554051793,0.18814647
0.2592607,0.18316973099018388,0.23882116
0.211095,0.1927287815637269,0.21925673
0.112210974,0.12162402729744164,0.1692981
0.09088042,0.11845866710752002,0.14467514
0.19255617,0.22933359376001564,0.23731196
0.20048511,0.14479236868754214,0.1979557
0.11913434,0.14117059847023591,0.19096051
0.1993005,0.14466493867989633,0.18431696
0.27842385,0.18833382130002926,0.26684502
0.25729895,0.1421141685268501,0.25159836
0.39702356,0.45943342756600564,0.4573337
0.06095843,0.059507000570420035,0.11895573
0.18567884,0.1346914280814857,0.18750662
0.068501085,0.10165930609955837,0.121409
0.25596976,0.17892563073553786,0.19799234
0.05056882,0.09802686588161195,0.1304449
0.123046026,0.15853061951183717,0.18726046
0.14901376,0.20634548238072895,0.21572082
0.1593889,0.1670232400213944,0.18433733
0.2236223,0.20348660220919612,0.25935006
0.23511167,0.1127800267668016,0.29318848
0.24616867,0.17434276046056563,0.23338686
0.34363815,0.12088376725302605,0.32740384
0.68978816,0.6859800011588002,0.7010757
0.38060582,0.3788507527310452,0.42567348
0.1998294,0.1106697266401836,0.24641798
0.1580625,0.07187881031272862,0.18987788
0.30455714,0.2982323978939439,0.32581806
0.16454832,0.1631256697875402,0.2083915
0.15745586,0.18193015091580905,0.18371809
0.2993181,0.15595543935732636,0.248974
0.1673907,0.09531969571918174,0.16313092
0.14916678,0.14884754893085295,0.17281738
0.45884627,0.4338348260300896,0.4682436
0.30836934,0.14736365884181954,0.2960785
0.33686054,0.37629180257750816,0.408834
0.3671186,0.24370513462230808,0.37647787
0.056159943,0.08846200030772003,0.12475865
0.06373057,0.04892216893533014,0.08593833
0.12346477,0.06847070410824224,0.129225
0.40527207,0.4466312467978748,0.46871397
0.06905426,0.11325738679544321,0.14890505
0.27582878,0.24351942461116546,0.3184566
0.18226203,0.15930352955821178,0.16956697
0.15121049,0.09699521581971295,0.1729138
0.20704994,0.2448182246890935,0.25149792
0.17764716,0.1103124066187444,0.19246821
0.12777981,0.12494363749661826,0.14716771
0.1561669,0.18141721088503265,0.22037433
0.20173118,0.26032464561947877,0.28032133
0.25100338,0.2232761233965674,0.27484685
0.24412696,0.21379685282781116,0.28592703
0.6095558,0.5974442358466542,0.6029878
0.26643103,0.17964492077869523,0.33338
0.632231,0.5945843356750601,0.6073687
0.16811326,0.10447034626822077,0.16481693
0.45239216,0.4736875884212553,0.5268147
0.28263626,0.18147864088871846,0.2346056
0.5309775,0.5138608308316499,0.5657487
0.062419184,0.07605822456349347,0.12695438
0.124276616,0.1659136099548166,0.19047636
0.22556655,0.12988284779297088,0.21435243
0.20568493,0.18749313124958789,0.21685745
0.34247845,0.3016852881011173,0.36538225
0.20361239,0.14491771869506312,0.25219414
0.19455752,0.284591217075473,0.2898202
0.2935074,0.20237420214245214,0.27051353
0.23067455,0.18001833080109986,0.24664728
0.29660925,0.3151714689102882,0.33819085
0.23378631,0.15020348901220934,0.29153237
0.054663345,0.11883173112990388,0.16015904
0.65857244,0.643833198629992,0.6707263
0.092003554,0.13074641784478508,0.12857747
0.14771198,0.1362405181744311,0.2201513
0.0,0.05934495056069704,0.08643187
0.18883207,0.08616838517010311,0.16051197
0.26296788,0.19893905193634315,0.25061837
0.17975992,0.06292797377567842,0.24412817
0.28413543,0.20102766206165973,0.2476348
0.07745804,0.10592160635529639,0.11268685
0.33777076,0.29116387746983263,0.37587878
0.16506507,0.1370588182235291,0.16163433
0.23112571,0.2413050344783021,0.2574142
0.052667752,0.10160545109632707,0.13538466
0.3091577,0.32761485965689163,0.33066237
0.32315183,0.22803284368197063,0.30021045
0.24655879,0.2751737965104278,0.30329767
0.25887764,0.1701148302068898,0.2562019
0.027572326,0.03575307014518421,0.07718036
0.20204267,0.1389313683358821,0.23206359
0.21786442,0.09052229543133773,0.2811971
0.082111895,0.09131457547887453,0.11739212
0.45360893,0.4677267680636061,0.44368812
0.18716726,0.10732854643971279,0.2076542
0.27185905,0.20352573221154394,0.30647993
0.31701666,0.19212339152740351,0.31824636
0.15815118,0.16861191011671461,0.21633305
0.5805982,0.5322705319362319,0.6032338
0.26885092,0.1869741512184491,0.26191503
0.3003567,0.33622976017378564,0.2767163
0.2613181,0.2776462566587754,0.29999092
0.20443183,0.1394414883664893,0.1968455
0.3783244,0.3972650738359044,0.42782566
0.20917451,0.275644416538665,0.3068933
0.27951145,0.2986088879165333,0.33041498
0.17962016,0.14933981896038914,0.17988406
0.29519093,0.19869896192193773,0.2655949
0.3142951,0.285724817143489,0.3238336
0.7469583,0.7015163720909824,0.73874176
0.302014,0.35616942137016533,0.3806033
0.19532341,0.12214998132899887,0.23044086
0.15516397,0.16876746012604762,0.22871919
0.3428741,0.4135217948113077,0.4100103
0.10127069,0.06782211406932685,0.083347775
0.31371492,0.270265616215937,0.32473993
0.16960703,0.18953666137219968,0.19270462
0.20962077,0.09805924588355476,0.22186154
0.4474823,0.4373833262429996,0.45746425
0.26560885,0.29218627753117665,0.32737958
0.28351998,0.18212831092769866,0.28241184
0.1877977,0.13489531809371907,0.22981676
0.19490567,0.2185676231140574,0.2359897
0.057534825,0.08017901081074065,0.15153927
0.24485518,0.16585338995120338,0.21312253
0.31590816,0.2172095430325726,0.33666268
0.5404971,0.4577062074623725,0.5363098
0.05825038,0.08199097491945849,0.09931386
0.12859909,0.1964151217849073,0.22729105
0.26129496,0.14617963877077833,0.246524
0.1489735,0.11916383314982999,0.12849215
0.45178026,0.4215711252942675,0.48134547
0.6821992,0.6801578408094705,0.6735539
0.18754473,0.1881749012904941,0.2129317
0.07607862,0.08127734487664069,0.1042045
0.22102296,0.19900461194027672,0.20675816
0.3922432,0.38376467302588035,0.44363147
0.13015494,0.12442680746560845,0.18551359
0.15939544,0.14540495872429754,0.22212747
0.2885073,0.20966288257977297,0.33044162
0.16816498,0.18125271087516265,0.18595234
0.18343149,0.1372606382356383,0.16726731
0.26429343,0.23575773414546405,0.24575137
0.09588341,0.09235475054128504,0.16236952
0.22949225,0.1614076096844566,0.1965702
0.22311553,0.18712903122774188,0.21527725
0.29896897,0.3360015701600942,0.3611907
0.08751421,0.02983480179008811,0.09087472
0.31818628,0.35041486102489167,0.37330368
0.21081172,0.20196366211781971,0.21623555
0.1875714,0.225675983540559,0.25714418
0.14272003,0.06138610368316622,0.13974524
0.33235338,0.13866684832001092,0.32078156
0.51078725,0.5004606300276379,0.56373835
0.1355952,0.164717699883062,0.18576625
0.541228,0.497137249828235,0.6192463
0.1610597,0.12662830759769847,0.1776274
0.4306227,0.44802066688124004,0.45177606
0.24365269,0.11464101687846102,0.31609544
0.28087956,0.16004004960240298,0.23134492
0.18899411,0.20213149212788953,0.21786886
0.20839539,0.1438146486288789,0.24146914
0.27103364,0.15777507946650476,0.25840303
0.26868296,0.1698806701928402,0.2402828
0.17978692,0.1630199097811946,0.20448999
0.28655455,0.31870783912247036,0.31260854
0.61002153,0.6175501370530082,0.6065228
0.50738776,0.4749115284946917,0.5034977
0.53158224,0.547908932874536,0.5375803
0.266653,0.29162286749737204,0.32632387
0.55823267,0.521956131317368,0.55015284
0.47050107,0.4091536245492175,0.50657
0.24679057,0.2733682864020972,0.2855228
0.09798658,0.14458944867536694,0.18050244
0.26213253,0.34927460095647606,0.35580292
0.31165424,0.1614352396861144,0.27237678
0.23193887,0.25048731502923893,0.2964169
0.1449752,0.059573983574439014,0.14975974
0.20873053,0.21335478280128697,0.2345945
0.62656957,0.5984146359048782,0.6110674
0.5048238,0.5015550300933018,0.52838546
0.4227869,0.40013502400810147,0.42446098
0.515677,0.4619982277198937,0.5670962
0.24820538,0.1670501800230108,0.30917946
0.6124801,0.6186574371194463,0.63323814
0.2657808,0.29213341752800503,0.3238981
0.2948954,0.3040205682412341,0.34408638
0.14126433,0.03838350230301014,0.17076153
0.5315109,0.5026978301618698,0.49469617
0.30827814,0.14474097868445873,0.28317901
0.13063382,0.19358347161500833,0.18593743
0.13267127,0.18288311097298665,0.21020027
0.061952654,0.10106757106405427,0.14478736
0.08564785,0.07752677465160647,0.15748307
0.4891733,0.3598081415884885,0.5519921
0.32681683,0.3180133590808015,0.37290898
0.20657611,0.17070430024225802,0.22404663
0.31596297,0.1678155800689348,0.26700795
0.25954056,0.17990292079417525,0.21721946
0.47687155,0.3666803720008223,0.49115387
0.15493898,0.12654579759274784,0.15127079
0.28299364,0.18698820121929208,0.28702742
0.22019866,0.1632508397950504,0.25757626
0.1759017,0.0827866149671969,0.18370289
0.18529397,0.17268443036106584,0.22506069
0.798262,0.7786826467209589,0.7725238
0.2182124,0.20163913209834794,0.25117496
0.1792501,0.17563250053795004,0.24354446
0.41822124,0.4078473644708419,0.49045852
0.28722936,0.23425911405554684,0.28380415
0.21175605,0.18649101118946065,0.22884536
0.19224341,0.2540492152429529,0.27721572
0.18016763,0.15540393932423635,0.18069206
0.3151266,0.17338356040301361,0.32165495
0.057003852,0.056374061382443684,0.07875037
0.13758177,0.17756567065394024,0.22345355
0.17412108,0.1673254100395246,0.2086951
0.20037903,0.15212223912733436,0.23499508
0.15594245,0.20353065221183916,0.2417485
0.33802396,0.34805804088348247,0.39784494
0.16478497,0.16065574963934498,0.1983776
0.19408035,0.15429857925791476,0.20833701
0.42017996,0.3933096435985787,0.4439809
0.24567938,0.16743611004616663,0.2643103
0.28969735,0.12157476729448605,0.25597292
0.53277653,0.5696784341807061,0.56010306
0.3254615,0.36564307193858436,0.3800259
0.5415575,0.534124232047454,0.5568657
0.4568292,0.4696790881807453,0.49590024
0.3998199,0.40364065421843925,0.40763745
0.34634405,0.17864979071898746,0.35555506
0.12853508,0.06768589406115365,0.2468782
0.18474665,0.08348800000928,0.19291721
0.25913897,0.2469447148166829,0.290946
0.26279107,0.18315513098930786,0.24352035
0.24137746,0.14766921886015313,0.28295922
0.2718739,0.14560927873655674,0.24864921
0.10851975,0.1313480478808829,0.1895511
0.72739816,0.7177820430669226,0.73342633
0.17005384,0.22495871349752283,0.25733936
0.22203784,0.12748600764916046,0.30822077
0.22603235,0.3089792585387555,0.33093607
0.060328644,0.09328955559737334,0.14017566
0.18955147,0.20759648245578896,0.23901622
0.18820325,0.10807099048425943,0.22966589
0.295753,0.16980598018835882,0.29190198
0.15559089,0.09085468045128083,0.18849869
0.31456313,0.18052497083149827,0.3177747
0.2009847,0.24262551455753087,0.24873814
0.2833373,0.17565251053915062,0.27855244
0.18463,0.2380458442827507,0.24770531
0.3706848,0.29065026743901606,0.38713872
0.2973907,0.12253466735208005,0.2650351
0.28513676,0.3093663385619803,0.30005923
0.08068805,0.0807944448476667,0.12372817
0.26676387,0.1355258081315485,0.29148123
0.20410275,0.12230961733857704,0.21223883
0.24649075,0.21157993269479597,0.25255314
0.12183108,0.1317505779050347,0.17047314
0.2399857,0.1962985917779155,0.20647648
0.17067537,0.15641488938489337,0.18909562
0.26252896,0.1925871115552267,0.25009638
0.22270937,0.23084446385066784,0.22708832
0.2900167,0.29076863744611825,0.337949
0.30907965,0.2534144152048649,0.33812287
0.19257253,0.16977666018659962,0.22345643
0.23272353,0.1651768599106116,0.2427626
0.4212091,0.4362101861726112,0.42422467
0.1327293,0.0844884150693049,0.117919564
0.37823695,0.37632360257941616,0.41489044
0.5144475,0.42306912538414754,0.5445169
0.22171658,0.18066146083968765,0.2529434
0.46107173,0.4300727458043648,0.44724128
0.37074494,0.3366865702011942,0.38112545
0.37755072,0.3625366217521973,0.37541518
0.06898743,0.0449427766965666,0.09856027
0.27409726,0.18303668098220088,0.22360855
0.15394859,0.08014853480891208,0.09988827
0.23205566,0.17625891057553464,0.24364892
0.28838593,0.17720545063232704,0.3491132
0.33351272,0.33300249998015,0.3719964
0.15915512,0.168405350104321,0.18763013
0.4697954,0.4257141855428512,0.45925555
0.19050422,0.15775008946500535,0.18114622
0.6099144,0.6015808960948538,0.6442651
0.20801342,0.1702451402147084,0.23832335
0.57018536,0.55220633313238,0.59320617
0.013258703,0.054148118248887094,0.09433438
0.26640767,0.27537916652275,0.2948782
0.16736354,0.20725706243542374,0.24904458
0.15975186,0.09921819595309175,0.14461976
0.30616823,0.2534084452045067,0.30400994
0.22744823,0.17922289075337344,0.24037234
0.32156938,0.32471047948262877,0.3736167
0.22953996,0.17329405039764303,0.22222808
0.17506124,0.13484775809086547,0.16957013
0.19783165,0.1385125883107553,0.22026736
0.1648185,0.20176705210602314,0.23230958
0.30920562,0.282668616960117,0.3612642
0.6436847,0.6263487675809261,0.6109939
0.32453024,0.18239636094378167,0.32194746
0.17547195,0.1649455698967342,0.24001347
0.52236235,0.5561836333710181,0.5565607
0.33491743,0.23565115413906926,0.3254525
0.6488442,0.647434098846046,0.63897693
0.30331594,0.25054655503279327,0.30031088
0.0962041,0.03230402193824132,0.22631666
0.32810593,0.3361705701702342,0.32140273
0.2056189,0.21112599266755955,0.25100785
0.25605345,0.1878885112733107,0.26826626
0.25638422,0.17894271073656265,0.28382513
0.20026655,0.25741238544474315,0.25772795
0.23861465,0.2565862153951729,0.22996679
0.3752367,0.37568692254121533,0.41831225
0.51871294,0.5139818308389099,0.4971652
0.40898454,0.32452557947153476,0.4014849
0.20119034,0.26077319564639173,0.2790183
0.15887511,0.1617000397020024,0.2174922
0.12229824,0.11341523680491422,0.14477858
0.18382438,0.15589033935342037,0.24148175
0.28141707,0.20896419253785156,0.27004874
0.27828622,0.21945564316733862,0.23130105
0.29327264,0.1599045795942748,0.30030033
0.14814007,0.23729629423777765,0.24718432
0.2052424,0.17604355056261303,0.18987815
0.21677259,0.1675098100505886,0.23216832
0.21536294,0.11340965680457941,0.24450149
0.22100936,0.2447530946851857,0.26831976
0.5142285,0.46350522781031367,0.53029054
0.20426133,0.17427575045654506,0.26784077
0.5417448,0.4719171283150277,0.5379333
0.3105386,0.15180540910832455,0.29249007
0.23382851,0.2468955548137333,0.2771312
0.21516708,0.23786410427184626,0.26480427
0.5336785,0.48323512899410775,0.5571506
0.2973799,0.26241965574517934,0.33019292
0.26200277,0.19425158165509493,0.22317381
0.19427136,0.13844839830690392,0.21165144
0.20135655,0.1670148600208916,0.2578747
0.4304179,0.3806022928361376,0.42663878
0.40897608,0.3622303217338193,0.43940893
0.06694688,0.08902614534156873,0.18357724
0.35261893,0.3875436432526186,0.42070854
0.25030166,0.25679244540754675,0.29015946
0.6416036,0.5583750935025057,0.66651934
0.23694175,0.1337584480255069,0.26536813
0.087141216,0.07887182873230972,0.100662164
0.075881355,0.10073484604409078,0.09085246
0.18973395,0.1880252512815151,0.19446373
0.37172914,0.3219402893164173,0.3855875
0.24319655,0.13912566834754012,0.2676632
0.21984887,0.20469059228143555,0.25225818
0.3914392,0.23601415416084928,0.43558726
0.1385997,0.09820952089257125,0.16405639
0.16265629,0.0802304648138279,0.18020706
0.27709216,0.23094806385688382,0.26421663
0.6880271,0.6523810991428659,0.6666633
0.2698695,0.2181228530873712,0.28228617
0.39973545,0.37925034275502056,0.43255892
0.217183,0.1704194202251652,0.23453335
0.13049224,0.19950653197039192,0.13209087
0.18412633,0.21093674265620455,0.22922207
0.24959065,0.19810988188659293,0.22727697
0.14090711,0.15326760919605656,0.21875851
0.17852879,0.20654062239243737,0.22781663
0.2578597,0.26595176595710596,0.3149147
0.24463339,0.3044114182646851,0.31281394
0.16676886,0.15475129928507797,0.20986168
0.17057298,0.13111160786669648,0.24769093
0.24442494,0.11861369711682182,0.2703429
0.09466875,0.15755463945327838,0.16698708
0.17880845,0.17639327058359625,0.23746535
0.05470433,0.07653410459204628,0.10168385
0.17481516,0.25737418544245116,0.2609334
0.1405458,0.1117310867038652,0.16782169
0.2518723,0.23502255410135325,0.27442807
0.30669188,0.2919069175144151,0.33043715
0.27844357,0.15521875931312556,0.26940107
0.06256573,0.05150759909045595,0.07485198
0.26009032,0.18087664085259847,0.315786
0.40501404,0.3190261891415714,0.4951239
0.15965763,0.09973125598387536,0.13248517
0.3296793,0.37815802268948134,0.42755935
0.19258708,0.19739468184368092,0.21267343
0.25716788,0.1646318098779086,0.2547905
0.24402419,0.21318922279135336,0.27517092
0.13678896,0.17605756056345365,0.16247599
0.30284932,0.25329317519759054,0.28485054
0.32344815,0.3394908203694492,0.35060298
0.2975905,0.18151232089073926,0.29331303
0.21433702,0.18285121097107265,0.21651167
0.11311728,0.09869802592188155,0.12332447
0.23946616,0.17155621029337262,0.23339204
0.24499875,0.25734664544079877,0.29999968
0.24642234,0.1641871098512266,0.23402862
0.25271082,0.32106609926396595,0.32921624
0.21504852,0.23411747404704844,0.24321873
0.3559743,0.17762872065772323,0.296657
0.25370076,0.19986978199218694,0.22443274
0.1937499,0.21162638269758297,0.22428083
0.38319504,0.37957587277455235,0.43897855
0.17219836,0.1739744904384694,0.21780986
0.124047585,0.13517773811066428,0.1664341
0.4915371,0.5040009902400595,0.5006946
0.16520298,0.1415776084946565,0.20123038
0.17390034,0.21156227269373637,0.21995057
0.34379968,0.34230708053842485,0.37568045
0.043272927,0.05852386751143206,0.16344413
0.25057042,0.22680608360836502,0.2402613
0.2704243,0.17980851078851065,0.27943614
0.20422304,0.14141881848512913,0.21706021
0.60546863,0.5867867352072041,0.55786407
0.11719351,0.07960480977628859,0.18672211
0.24234475,0.22483827349029642,0.22677265
0.22560838,0.22893403373604201,0.2415975
0.2335267,0.09484705569082334,0.26273614
0.35745287,0.2464873347892401,0.36416745
0.19383031,0.15801390948083457,0.2284112
0.23138657,0.16580549994833,0.21834879
0.16847321,0.20124081207444872,0.18895507
0.23048091,0.1666710100002606,0.22644678
0.23925722,0.2982112978926779,0.30880052
0.26427752,0.17196252031775125,0.25131315
0.58250105,0.5335384320123059,0.5723299
0.28754604,0.2985683179140991,0.3192095
0.5490069,0.48373342902400573,0.5775807
0.43293458,0.3654679219280753,0.48969764
0.12115352,0.20945109256706557,0.22521141
0.2718314,0.16843608010616481,0.2961337
0.23981293,0.09694202081652126,0.2608356
0.33965367,0.1686139801168388,0.38622084
0.29599297,0.28367953702077225,0.30714563
0.23002784,0.09363358561801513,0.3464829
0.62979734,0.6138093868285632,0.57593745
0.26485714,0.286418917185135,0.31143123
0.2340043,0.18234689094081344,0.21048456
0.14428592,0.17531867051912023,0.21458504
0.30606353,0.1739633104377986,0.29267085
0.20253935,0.11948964716937883,0.19421944
0.17001525,0.19295361157721672,0.21687922
0.326801,0.3125859987551599,0.35883096
0.3428265,0.3136207988172479,0.3252078
0.07941257,0.11769898706193922,0.14877446
0.2242997,0.1910718314643099,0.21983464
0.17221057,0.09386099563165974,0.12379195
0.39258444,0.37157120229427215,0.40804103
0.28883874,0.3261384195683052,0.3158966
0.28963315,0.31389756883385417,0.3147197
0.27226573,0.23902712434162746,0.3235941
0.2806818,0.29146863748811824,0.2849942
0.13204087,0.11516503190990192,0.21681844
0.19741058,0.1961154017669241,0.20943455
0.40455955,0.35930707155842434,0.44502696
0.31450048,0.263150415789025,0.29236156
0.08358502,0.08310372898622374,0.11026143
0.060017414,0.09512009570720575,0.09392742
0.09326309,0.11178997670739861,0.1507726
0.34946162,0.25640261538415693,0.39379025
0.4549725,0.44703122682187363,0.47016492
0.12157222,0.12904084774245086,0.1646687
0.24457483,0.1451422687085361,0.23421097
0.24238831,0.07795201467712089,0.2447346
0.23849283,0.1385552783133167,0.20457919
0.27044308,0.20632751237965075,0.27067557
0.32700187,0.16288179977290798,0.29954246
0.1521987,0.1629515397770924,0.19916968
0.26054466,0.1643574598614476,0.243386
0.12995647,0.17324528039471684,0.2054102
0.17763315,0.17697760061865603,0.20211186
0.30155954,0.3030878481852709,0.33145005
0.34546942,0.34313758058825483,0.38037893
0.14044,0.006640300398418024,0.11228057
0.34432232,0.385435783126147,0.42615783
0.0039784014,0.0,0.10387443
0.12857805,0.2457381347442881,0.2554192
0.25326687,0.20680606240836374,0.25472265
0.15522453,0.1108432766505966,0.15238322
0.35545433,0.323773199426392,0.40517685
0.15763327,0.15755823945349437,0.17641918
0.4739796,0.383093082985585,0.54715914
0.19282132,0.17712257062735426,0.20955962
0.3669684,0.3471588408295304,0.36639088
0.19180888,0.14367442862046573,0.2589255
0.17473915,0.1374682282480937,0.1621285
0.055896927,0.020646629238797756,0.0876415
0.22582796,0.2690995761459746,0.26240912
0.15678291,0.11739545304372719,0.21374539
0.19093716,0.1108997266539836,0.18390702
0.19900715,0.18400305104018308,0.23658477
0.3008603,0.20761607245696434,0.2909289
0.23498484,0.19532604171956253,0.22154368
0.5337529,0.5219212313152739,0.5338837
0.064799905,0.08933924536035473,0.13157699
0.316825,0.1921697215301833,0.32638225
0.277144,0.28210295692617743,0.24475837
0.1842573,0.11857858711471524,0.21733673
0.21249919,0.1607242296434538,0.29049486
0.5669405,0.5736461344187681,0.5802429
0.37651676,0.29058321743499305,0.41197392
0.39471972,0.3651260619075637,0.40666693
0.22344741,0.18241414094484848,0.24118353
0.13806796,0.1371122982267379,0.22068435
0.19409755,0.23545299412717965,0.276881
0.15582806,0.08538638512318311,0.13256654
0.2506029,0.2770631766237906,0.33035967
0.2261458,0.1670475100228506,0.20158067
0.2741934,0.170475250228515,0.22239372
0.2845633,0.20861223251673394,0.24484454
0.18732631,0.24044755442685325,0.26357737
0.14164212,0.15739322944359377,0.18596293
0.079660505,0.09474707968482478,0.08877672
0.15492047,0.1906169514370171,0.1896268
0.2701932,0.18880333132819987,0.26831752
0.49308926,0.40730258443815504,0.5408334
0.18122934,0.1906463314387799,0.25142276
0.08193269,0.111425766685546,0.17074962
0.18757436,0.20423093225385594,0.22359659
0.1107388,0.10940573256434395,0.18598521
0.876546,0.8521541511292491,0.8225932
0.29437926,0.27015037620902255,0.34744316
0.19810241,0.12738003764280226,0.21028958
0.3794046,0.33406394004383644,0.3728646
