data,cplx,stor,tool,actual
0.6685686,0.20698243930175605,0.20505268230316093,0.24659917534008244,0.5787465
0.23609295,0.33286636671336334,0.3789337527360252,0.3778023322197668,0.37101144
0.74279046,0.16375078362492163,0.17494575049674502,0.1789346121065388,0.6730588
0.6026039,0.2930514206948579,0.37582298254937896,0.3141051685894831,0.51799953
0.6912719,0.06854929814507019,0.0562931033775862,0.06913250308674967,0.6455306
0.29681838,0.2910552708944729,0.3344381200662872,0.3740152925984707,0.44755036
0.4493491,0.1509454349054565,0.20011098200665892,0.18124900187509982,0.44210434
0.572784,0.08550848744915125,0.09691006581460396,0.16530387346961264,0.5381676
0.2845439,0.22876298712370127,0.23071165384269923,0.24652007534799245,0.41898423
0.47447723,0.11791242820875716,0.11847657710859463,0.198962010103799,0.45618576
0.4943392,0.14710344528965547,0.20470209228212555,0.1506740549325945,0.45769972
0.731434,0.1719607228039277,0.17998228079893686,0.1801032219896778,0.6810067
0.6296333,0.20777929922207006,0.21449001286940075,0.24704298529570146,0.53345406
0.6843933,0.0711903228809677,0.07152429429145767,0.10877044912295508,0.71721876
0.4823515,0.13670529632947034,0.2401538044092283,0.18767206123279387,0.61859965
0.23995787,0.2553247244675275,0.28729261723755706,0.31720236827976317,0.36006188
0.73213285,0.07890751210924878,0.07019722921183376,0.11501975849802414,0.693774
0.4797942,0.16454238354576164,0.1937364416241865,0.1539596146040385,0.42784816
0.4558973,0.3185746081425392,0.43985548639132915,0.3327348467265153,0.524235
1.0,0.2625084537491546,0.2403704144222249,0.22952506704749326,0.8548126
0.6169796,0.03873255612674439,0.03807211228432674,0.11596883840311616,0.534249
0.5836441,0.1513384148661585,0.1902929314175759,0.1735845626415437,0.48905432
0.5266059,0.022725549727445025,0.07288367037302022,0.09579696042030394,0.605484
0.53505677,0.20869505913049408,0.22719533363172004,0.2620923237907676,0.49586028
0.57205707,0.009209572079042792,0.03343147200588832,0.100404639959536,0.56329536
0.543069,0.012316463768353623,0.06889737413384245,0.11407302859269713,0.56827104
0.51388156,0.18567003143299685,0.2509194750551685,0.24415180558481941,0.6098184
0.37686068,0.100018579998142,0.12586176755170606,0.1729388627061137,0.50272363
0.54303455,0.03970548102945189,0.09280008556800513,0.10879181912081809,0.55328923
0.56232285,0.05812408918759108,0.0834922550095353,0.11873029812697018,0.6024432
0.5766348,0.07245823275417672,0.10429698625781918,0.14476524552347544,0.48781347
0.4373489,0.1339140066085993,0.1668304900098294,0.20500305949969405,0.42052975
0.50951225,0.1920251907974809,0.1929762515785751,0.21804616819538317,0.49090827
0.521815,0.12411518758848122,0.1389330983359859,0.19081734091826588,0.6216198
0.33992177,0.23907089609291038,0.29668034780082086,0.2709702529029747,0.48011446
0.2683749,0.48801903119809686,0.5249361314961679,0.4386242761375724,0.20966977
0.62211394,0.03947609305239069,0.03582954614977277,0.09180005481999451,0.5586061
0.33708268,0.19385363061463692,0.20445819226749154,0.23834816616518337,0.43287182
0.44672033,0.12878270712172926,0.12081078724864724,0.17449735255026474,0.45499897
0.51103234,0.12404431759556822,0.15457961927477717,0.1424017957598204,0.5815876
0.8994578,0.30576610942338905,0.3404879804292788,0.27708177229182274,0.77882016
0.5210997,0.22664642733535725,0.2989944379396663,0.2227679877232012,0.5432573
0.04152885,0.7048314295168571,0.7611211456672687,0.7549155245084476,0.026699781
0.47441936,0.11283637871636211,0.19841168190470093,0.1924608807539119,0.6108806
0.20821139,0.3643778635622136,0.39779838386790306,0.43360181663981834,0.2971419
0.31291056,0.2556104744389526,0.27357181641430894,0.24537304546269545,0.30613768
0.5921166,0.2701032729896727,0.32748909964934597,0.30814274918572504,0.6105658
0.47913814,0.12368948763105123,0.18720997123259828,0.17459546254045374,0.6062284
0.5118445,0.11512692848730714,0.14905417894325076,0.18612484138751587,0.5014364
0.39737934,0.12944467705553228,0.22969235378154124,0.2112424788757521,0.48275346
0.59062374,0.11667175833282416,0.17405767044346024,0.14928139507186047,0.79818493
0.43368065,0.2608289739171026,0.34962078097724686,0.23624352637564736,0.44567156
0.6800368,0.1406873659312634,0.1683893601033616,0.14499508550049142,0.5987558
0.49346057,0.10753305924669407,0.15347514920850897,0.11902327809767219,0.57602924
0.3908566,0.36266116373388363,0.36820980209258813,0.3506989149301085,0.39888567
0.24415776,0.3503526949647305,0.4387415263244916,0.39580066041993395,0.33105224
0.3134321,0.3138871686112831,0.3591236215474173,0.3552997944700205,0.41430464
0.59842706,0.18818534118146588,0.21258093275485598,0.24306712569328742,0.54362375
0.62497663,0.047811325218867474,0.04050639543038373,0.07149868285013171,0.5903857
0.5152944,0.3319118668088133,0.3384925903095554,0.33610268638973134,0.54982096
0.40939403,0.15030498496950148,0.21478076288684578,0.2337587266241273,0.423074
0.67421913,0.11252375274762472,0.17553092053185526,0.10329027967097203,0.7331453
0.6630975,0.045194115480588444,0.07030931421855885,0.11263351873664812,0.581471
0.45887494,0.14427955557204442,0.23597987415879246,0.25640151435984854,0.72923917
0.5099271,0.22444135755586422,0.24045266442715987,0.25460647453935253,0.4059441
0.7073443,0.20445269955473003,0.26136459568187576,0.24438569556143042,0.5444016
0.34359223,0.27816194218380574,0.330179649810779,0.30751636924836306,0.4500113
0.4120923,0.10684009331599066,0.1366950082017005,0.13224048677595132,0.4714836
0.19840924,0.300334389966561,0.334458250067495,0.3798330020166998,0.4247322
0.29364562,0.29047829095217087,0.3532253211935193,0.34694769530523045,0.4492312
0.42588145,0.13653542634645738,0.23688955421337327,0.20403674959632503,0.67991734
0.50587314,0.10364730963526902,0.18535037112102226,0.17437373256262673,0.6316087
0.09771606,0.45830175416982455,0.4682325980939559,0.4947902105209789,0.3479815
0.19665584,0.4708526529147347,0.5246970314818219,0.5452698454730154,0.43579736
0.613013,0.408771209122879,0.43410977604658657,0.49308468069153194,0.9999999
0.5264933,0.1514009948599005,0.20215339212920352,0.20505825949417406,0.56281817
0.67804307,0.037473168252683174,0.03068855584131335,0.10457150954284904,0.69519955
0.7591015,0.2722272927772707,0.3042859582571575,0.30140223985977604,0.68445617
0.4344584,0.3445053655494634,0.39998480399908826,0.34950121504987847,0.6685516
0.47489777,0.2802293319770668,0.3885967233158034,0.3404559159544084,0.5788594
0.83961725,0.13397075660292432,0.17215518032931082,0.17025493297450667,0.7033762
0.30721197,0.31057750894224906,0.40358265421495926,0.301734119826588,0.24941109
0.6189241,0.17774297222570276,0.278638916718335,0.22802082719791728,0.4703914
0.62526417,0.2326563667343633,0.34687724081263444,0.2560927043907295,0.5674513
0.63558155,0.06535589346441065,0.08090115085406904,0.12323756767624322,0.5895999
0.5100754,0.1502210049778995,0.18502749110164946,0.20561931943806805,0.4694475
0.057117105,0.5938798806120119,0.6439182386350943,0.6066535693346431,0.15110815
0.6422982,0.01815801718419828,0.012718082263084936,0.05883290811670919,0.6215324
0.51678574,0.14325650567434942,0.28196759691805584,0.20994881900511808,0.5074949
0.49246678,0.17518360248163975,0.22831298369877903,0.24708256529174344,0.5472117
0.609607,0.06284102371589763,0.08582491514949492,0.1109346939065306,0.72417337
0.49621493,0.05252953874704612,0.06845897810753869,0.12185941781405822,0.5222471
0.2815871,0.32785933721406624,0.40419628425177706,0.3259352674064732,0.34600377
0.4148717,0.18944664105533587,0.26108427566505654,0.24634347536565243,0.33917928
0.49276054,0.13796831620316838,0.15862072951724376,0.18805627119437285,0.52210706
0.53453565,0.08758171524182846,0.08122107887326474,0.14323233567676644,0.4957356
0.43333423,0.20772409922759008,0.24324359459461567,0.28309330169066976,0.6091197
0.36877343,0.13218118678188132,0.14175367850522072,0.20921704907829508,0.46046406
0.5739634,0.16671223332877666,0.15945429956725798,0.19603948039605196,0.4951945
0.66369724,0.033172991682700825,0.02233460634007638,0.09776269422373057,0.6191725
0.47662807,0.2662167533783246,0.3214020192841212,0.31908216809178314,0.6040039
0.50125766,0.23796409620359035,0.28657497719449865,0.30877156912284304,0.5843059
0.56971353,0.07444193255580674,0.06299159377949563,0.1207830779216922,0.4934287
0.5563468,0.04840322815967718,0.07615283456917007,0.058228844177115574,0.46969342
0.48704523,0.24651766534823347,0.28433361706001703,0.31758276824172316,0.49653262
0.49620897,0.044854575514542444,0.09707010582420636,0.12688808731119128,0.5318392
0.55605006,0.04293202970679703,0.08504504510270271,0.13643623635637636,0.5574845
0.44149372,0.07940819205918079,0.06328037779682268,0.15211348478865153,0.5046467
0.32069308,0.22665715733428426,0.2960578377634703,0.2504036749596325,0.44452918
0.63505185,0.07634230636576936,0.10730297043817823,0.13623462637653735,0.6009471
0.43473166,0.1900850609914939,0.1915152514909151,0.24553773544622642,0.39258677
0.7320292,0.18525876147412385,0.1868827712129663,0.19455341054465894,0.6572942
0.44529477,0.19644518035548195,0.29678113780686827,0.2419116858088314,0.5260943
0.46340644,0.16323383367661665,0.22493238349594302,0.22208062779193719,0.5432458
0.6729022,0.18532861146713883,0.18486289109177348,0.2418684158131584,0.59609497
0.5619292,0.03789725621027438,0.10532546631952798,0.12443639755636024,0.6018086
0.59537536,0.06786396321360368,0.14786765887205952,0.1693677430632257,0.65098566
0.38997847,0.31196366880363313,0.3902496234149774,0.299130170086983,0.40079856
0.6144894,0.13242639675736032,0.17303667038220025,0.204094569590543,0.4536381
0.33508813,0.13250584674941532,0.11870507112230427,0.23753288624671137,0.48696625
0.58458245,0.24375206562479343,0.2761448765686926,0.2689372031062797,0.5113017
0.7399955,0.3486553951344605,0.3489446209366773,0.3434602856539714,0.5527074
0.4299245,0.15764684423531555,0.1568394694103682,0.23314050668594932,0.4728127
0.45146003,0.2227376177262382,0.25446499526789973,0.2814003518599648,0.53363425
0.44869348,0.13623644637635535,0.14212263852735832,0.20696095930390404,0.41220883
0.47389975,0.27329927267007276,0.31637251898235114,0.33225580677441935,0.6270987
0.40669125,0.10453774454622554,0.14795488887729336,0.14635322536467746,0.4917044
0.6038927,0.06601547339845265,0.12587482755248966,0.1609963339003666,0.5368972
0.7052387,0.45775775422422454,0.5127765807665948,0.4477663152233684,0.5656227
0.7104115,0.0711696968830303,0.09210411552624694,0.09331723066827692,0.7361143
0.5670204,0.0709703789029621,0.14298847857930871,0.1395394960460504,0.6425491
0.6847867,0.10812904318709568,0.15877381952642916,0.12498544750145525,0.54646504
0.33883014,0.2944092705590729,0.31726469903588195,0.3136419386358061,0.37822232
0.6927868,0.0895753110424689,0.12714252762855166,0.15054143494585648,0.63671845
0.1541424,0.4205065279493472,0.4544021772641307,0.46172095382790457,0.22418018
0.68463707,0.3384999661500034,0.3715067222904034,0.40841700915829904,0.55696994
0.3776044,0.7612630538736945,0.797484747849085,0.7387325261267473,0.3080531
0.5772605,0.11687679831232016,0.16030422961825377,0.10502599949740005,0.6368132
0.48714614,0.0820352617964738,0.10264650615879037,0.12405057759494223,0.53452986
0.7475403,0.45459602454039755,0.5537157332229441,0.44807065519293443,0.5063428
0.5753301,0.09271522072847792,0.15455750927345055,0.1929271007072899,0.72513515
0.24048647,0.3363783963621603,0.3773108926386536,0.3770576322942368,0.2851285
0.61014575,0.09627028037297194,0.08875927532555652,0.1109291789070821,0.5337566
0.37768734,0.3515259648474035,0.4696378281782697,0.3279088372091163,0.35730636
0.42858925,0.19017447098255288,0.2496360649781639,0.26950005304999464,0.7410472
0.25272632,0.2903148509685149,0.3004518380271103,0.36890854310914567,0.28146958
0.24720603,0.298092070190793,0.3548152112889127,0.3598655640134436,0.5422076
0.7545297,0.16740269325973067,0.1918430115105807,0.2083500391649961,0.6343018
0.37663564,0.2765600723439927,0.32447369946842197,0.27536181246381874,0.28466275
0.18479018,0.49767552023244793,0.5492042629522558,0.5573457442654255,0.2235029
0.42383346,0.25509327449067254,0.3026730581603835,0.27743462225653776,0.5270569
0.3314245,0.26040149395985057,0.32230671933840316,0.3125011687498831,0.3068694
0.39065626,0.3411402058859794,0.4118008847080531,0.39471551052844894,0.627823
0.4426991,0.1515524548447545,0.20647723238863394,0.22645459735454024,0.418113
0.51902235,0.2609980739001926,0.30680467840828074,0.37049176295082364,0.7244606
0.5614905,0.06570842342915766,0.07828480469708829,0.1217646178235382,0.57529074
0.59282374,0.06144040385595961,0.06749690004981401,0.10343517965648202,0.5462162
0.6708329,0.08427181157281884,0.1130465067827904,0.1012362438763756,0.66264
0.5638668,0.37712609228739075,0.3987966439277986,0.35874208412579156,0.575631
0.6361103,0.030925986907401306,0.014355391861323513,0.09371360062863994,0.6061667
0.39407116,0.2218630978136902,0.25712646542758794,0.27588633241136673,0.5335882
0.27733886,0.3199173680082632,0.39296672357800344,0.3533957246604275,0.35171908
0.52315915,0.07931210806878919,0.09957552597453156,0.13437123656287633,0.47107816
0.48516345,0.16718758328124164,0.1952808017168481,0.20356509964349,0.47838968
0.21405192,0.5747744425225557,0.6785524907131495,0.6585928741407125,0.16260785
0.5520614,0.09727605027239497,0.19850735191044114,0.20052120994787898,0.759781
0.5606276,0.056562388343761164,0.12287557737253466,0.13844381615561838,0.6259239
0.28653216,0.33786379621362034,0.42600306556018397,0.4217872178212782,0.46041715
0.5291696,0.0912767858723214,0.09129879547792774,0.15368826463117355,0.5060859
0.19160844,0.5668036433196356,0.5883309352998561,0.6343247365675263,0.38399673
0.44250268,0.34455608554439143,0.4594764975685899,0.4523814547618545,0.9061389
0.5332932,0.16346086365391363,0.18342627100557626,0.18718425128157487,0.5006902
0.5736011,0.34613340538665943,0.34346940060816405,0.34750422524957747,0.38720775
0.28220603,0.3732079826792017,0.5084930305095818,0.40581490941850906,0.3455249
0.6205412,0.14924986507501348,0.15047985902879155,0.13224999677500032,0.61107695
0.44292817,0.23473585652641435,0.2723699363421962,0.2311651468834853,0.34144276
0.55057055,0.023376223662377633,0.05593374735602484,0.07889463711053628,0.5335064
0.42521012,0.25043737495626245,0.31337805880268355,0.31821611817838813,0.4043063
0.44692853,0.2229173277082672,0.2690353561421214,0.3275457872454212,0.649611
0.47599554,0.17824019217598078,0.20663477239808636,0.19681642031835797,0.39999425
0.5986118,0.02522244747775525,0.051790896107453764,0.07394420260557973,0.58554053
0.3767963,0.22471857752814223,0.2447866346871981,0.24906918509308149,0.36363912
0.6475489,0.025977191402280858,0.025440634526438074,0.07430838756916124,0.620974
0.67265815,0.03359585664041433,0.07854629071277745,0.07265754773424522,0.62321013
0.41463616,0.18377353162264684,0.1995358619721517,0.22080329791967018,0.4142173
0.57872427,0.05724605427539457,0.08123404487404269,0.10849140915085909,0.62791413
0.38044286,0.30801676919832305,0.33974006038440363,0.33777412622258735,0.3996682
0.39714172,0.18125362187463778,0.276238516574311,0.2830391716960828,0.60884935
0.33568826,0.2802159719784028,0.3087372985242379,0.2800526319947368,0.3124811
0.45475006,0.14909489509051047,0.16254479975268799,0.202957369704263,0.4511052
0.5485666,0.04846676515332348,0.06819221809153309,0.11420177257982274,0.52906966
0.42155766,0.09335198066480192,0.09203312552198753,0.13085870691412932,0.47412878
0.6594245,0.07501866649813334,0.12752402765144166,0.12797648720235127,0.5994237
0.7170021,0.047821725217827474,0.05241489714489383,0.08968027503197248,0.7442866
0.39355898,0.1486624651337535,0.14712173882730434,0.22860399713960025,0.48921472
0.7021756,0.2132961786703821,0.21247406274844377,0.2537985146201485,0.5913137
0.56869495,0.041839565816043416,0.06872910412374625,0.11854289814571017,0.5796145
0.7065277,0.3324519367548063,0.3975875038552502,0.37676836232316374,0.7823602
0.6584275,0.030773189922681007,0.020593883235632996,0.054261559573844036,0.5985946
0.21034305,0.4326986567301343,0.560282383616943,0.3926967607303239,0.27931604
0.44368362,0.4290968070903192,0.5070792304247538,0.500278349972165,0.34651855
0.46041003,0.10592289940771005,0.09775120586507235,0.18354801164519882,0.49327022
0.59523034,0.20423281957671802,0.21883841313030478,0.22676209732379027,0.6525548
0.6451776,0.10570503942949605,0.18095253085715185,0.17921112207888776,0.61340636
0.5060292,0.17095578290442168,0.24385769463146167,0.17935185206481477,0.51152265
0.6131643,0.1801620219837978,0.21064259263855556,0.2195108880489112,0.63389045
0.5674629,0.08169385183061481,0.12035996722159804,0.1519941548005845,0.4644847
0.41622624,0.31930256806974316,0.3916694235001654,0.39709171029082896,0.42647398
0.34707427,0.2743697725630227,0.3113037486782249,0.3308079469192053,0.25946164
0.47057983,0.2792386420761358,0.34585120075107206,0.3617989038201096,0.49700063
0.60233927,0.07201989779801021,0.1091854065511244,0.1304629269537073,0.55592096
0.7098136,0.16737915326208466,0.17046163022769784,0.17627321237267876,0.6284397
0.7435528,0.27665633233436676,0.3756187225371234,0.2910659008934099,0.47911173
0.5958752,0.13866557613344238,0.20482451228947074,0.1813892518610748,0.6398254
0.469293,0.18696506130349386,0.18181253090875188,0.2292020070797993,0.4915812
0.40087518,0.24567229543277044,0.28566224713973487,0.25852081414791855,0.35950533
0.61528933,0.13976229602377038,0.1972896318373779,0.1710485628951437,0.7491831
0.5618183,0.08584626641537335,0.18053312083198725,0.17750947224905275,0.6790044
0.3959212,0.33440261655973835,0.3970732238243935,0.3622262137773786,0.49276698
0.3409257,0.202063929793607,0.2487580949254857,0.27256807274319267,0.47439694
0.6820663,0.08393605660639433,0.08942562536553753,0.15433223456677653,0.6841286
0.5883845,0.04443269555673044,0.07306722438403347,0.13722817627718237,0.5432919
0.47623152,0.09821333517866647,0.1121181917270915,0.15614549438545053,0.47684866
0.43094173,0.2865884913411509,0.34501215070072905,0.35395846460415353,0.47108757
0.65221524,0.09808566019143397,0.10434044026042641,0.09871577012842299,0.55284333
0.3728874,0.1425003557499644,0.15459874927592498,0.1497986750201325,0.44750193
0.39414263,0.3817508618249138,0.4124772747486365,0.41983969801603016,0.31351578
0.2852619,0.5649384935061507,0.5655660939339656,0.5202840079715992,0.16046557
0.5865438,0.0402643639735636,0.05029410301764618,0.10421232957876704,0.54475045
0.60464823,0.12567509743249025,0.17826764069605847,0.18921695107830488,0.65361977
0.4538433,0.14141072585892742,0.17466868048012082,0.22322956767704322,0.44248283
0.40070397,0.1810259918974008,0.23607756416465386,0.24880889511911047,0.52953416
0.56430113,0.028656957134304283,0.06981069418864165,0.10129056987094301,0.50334114
0.40368423,0.3596025040397496,0.3900068034004082,0.3922998607700139,0.47216153
0.5920488,0.050482118951788106,0.03242540594552436,0.12210233778976622,0.5418424
0.20791453,0.33729129627087034,0.37042502222550133,0.38413706158629385,0.20901127
0.44643363,0.2216303378369662,0.31493701889622117,0.2605712139428786,0.61223006
0.39788103,0.2416520758347924,0.3014725580883535,0.3327531467246853,0.615239
0.5579243,0.05730276726972327,0.07268745436124727,0.1104421189557881,0.5577396
0.464005,0.2597842740215726,0.27731616663896996,0.3226444977355502,0.4838186
0.50865173,0.18837328116267185,0.21001406260084376,0.16352228364777163,0.45979977
0.5171273,0.17932297206770276,0.20652802239168136,0.19397471060252894,0.43703166
0.54166603,0.20635253936474604,0.260035765602146,0.2683696431630357,0.4626959
0.40798038,0.2504078749592125,0.3563844213830653,0.31187703881229606,0.38192052
0.546375,0.2122016587798341,0.3014989180899351,0.2682286231771377,0.4294667
0.5443452,0.09988328001167199,0.107594016455641,0.11882005811799418,0.48767704
0.37084588,0.2690230730976927,0.2911734174704051,0.35045679495432047,0.501877
0.6021309,0.35700934429906556,0.45377054722623283,0.44163568583643137,0.3621369
0.47593296,0.15522111447788856,0.20693851241631075,0.1705058029494197,0.6700875
0.4100263,0.39223712077628786,0.4152340549140433,0.39698209030179094,0.40221107
0.52480423,0.09227379077262092,0.18072591084355466,0.14403839559616044,0.6410087
0.41430062,0.2325693467430653,0.26521691591301494,0.200225149977485,0.30921265
0.5668577,0.26665699333430065,0.288295417297725,0.2855856114414388,0.5035817
0.44383746,0.14374871562512842,0.15457284927437095,0.23250487674951228,0.47495437
0.44335073,0.1308365669163433,0.13072532784351967,0.1607475139252486,0.46210247
0.51420105,0.13015343698465628,0.1347184280831057,0.15622232437776754,0.43854558
0.38505107,0.19916070008393,0.23772801426368087,0.2402561059743894,0.3596509
0.6744479,0.08289631171036882,0.09511018570661114,0.039350059064994086,0.61031395
0.48502535,0.11870528812947118,0.12479812748788766,0.11479558352044164,0.49433124
0.42902935,0.1198868330113167,0.12000907220054434,0.16506032349396765,0.45975423
0.7644452,0.11689271331072866,0.13142079788524788,0.1613674338632566,0.59077865
0.46167824,0.08396997160300283,0.1689428801365728,0.1907564209243579,0.6061869
0.19263807,0.3206127879387212,0.3419627205177633,0.39322526067747393,0.43971044
0.4668971,0.10385240961475903,0.12762815765768945,0.18265973173402683,0.46035188
0.3825712,0.2752403024759697,0.3018124881087493,0.2285424771457523,0.27439463
0.3444812,0.3612971238702876,0.489426049365563,0.4348585165141483,0.5598466
0.6697922,0.2640851135914886,0.3111989186719351,0.2586096741390326,0.7183171
0.72025514,0.2602548739745126,0.3526910711614643,0.3223792677620732,0.6492025
0.4544524,0.14917029508297047,0.14909646894578812,0.2125157487484251,0.47902364
0.39034623,0.2803919319608068,0.3013938880836333,0.27625867237413276,0.44842854
0.35151625,0.26174617382538257,0.3443889806633389,0.24516299548370044,0.42226455
0.34998295,0.17361916263808375,0.21977408318644498,0.19796232020376794,0.46786582
0.50336874,0.17898543210145676,0.24415089464905368,0.2119891988010801,0.5381931
0.5837294,0.2567060743293925,0.27895994673759683,0.3373242862675714,0.44820136
0.447857,0.34948456505154346,0.35928882155732933,0.3699420330057967,0.3727301
0.46549755,0.13643987635601237,0.17025451021527063,0.1796805120319488,0.5213277
0.26476106,0.46468865353113464,0.54038033242282,0.5539603846039615,0.28232297
0.3636164,0.25038201496179846,0.2924155775449347,0.3211398378860162,0.44523028
0.7173404,0.09254565074543492,0.15551844933110698,0.1407003259299674,0.50874335
0.50483704,0.09495314050468594,0.11630800697848041,0.04396172960382704,0.5004879
0.39640006,0.18926824107317589,0.2936777676206661,0.23328611667138832,0.47413647
0.35412464,0.18286080171391983,0.23441011406460685,0.2215349478465052,0.46405774
0.5455132,0.09782167021783296,0.15932056955923418,0.16774989322501066,0.6347777
0.56940055,0.07419838758016124,0.10000074600004477,0.1096559090344091,0.5670923
0.36354178,0.21984822801517717,0.22800482368028943,0.3086154191384581,0.4579367
0.44297647,0.2917013708298629,0.36640735198444113,0.3717824428217557,0.5525055
0.33962515,0.19384308061569192,0.2213681432820886,0.2320359067964093,0.40368673
0.38602853,0.2223616277638372,0.2160444429626666,0.27357737264226273,0.4124866
0.16123633,0.615053338494666,0.6391688383501303,0.6798025920197408,0.3038088
0.36722505,0.4181958281804172,0.48810032928601976,0.508272179172782,0.61611646
0.27679986,0.23669487633051237,0.24274750456485028,0.3188012481198752,0.39402306
0.3795825,0.22744620725537926,0.3049793982987639,0.24681112531888746,0.4049837
0.606651,0.06826575917342409,0.09886602193196133,0.0,0.46050614
0.5419985,0.23333436666656332,0.34439894066393645,0.2431385256861474,0.59087497
0.4962129,0.16653509334649064,0.27646203658772217,0.23748723625127635,0.6309092
0.5859682,0.29324120067587994,0.3584344615060677,0.3616008438399156,0.44947976
0.5455736,0.22165107783489219,0.28174944690496684,0.2818642718135728,0.5022293
0.59810966,0.1200704779929522,0.1197526231851574,0.1517088548291145,0.5780008
0.6179186,0.08539679146032084,0.11406785684407142,0.07531901246809874,0.5381617
0.5182937,0.2122985187701481,0.30454768827286127,0.21859100814089916,0.762019
0.43206638,0.21697754830224517,0.26531143591868617,0.2529118447088155,0.37783435
0.47630256,0.04071983292801671,0.111984466719068,0.15488158451184156,0.58049345
0.52617484,0.05844872615512738,0.04819423289165397,0.09932150406784959,0.48822576
0.40729216,0.2612863238713676,0.2778182766690966,0.2972472002752799,0.33646083
0.35513955,0.21710384828961515,0.3232411193944672,0.3219112978088702,0.39220607
0.46607542,0.08262559173744081,0.09334382960062979,0.15795870420412958,0.50566465
0.15728828,0.3719451928054807,0.3884350933061056,0.46780165321983463,0.38890797
0.4407282,0.21758926824107316,0.3013578180814691,0.2731392126860787,0.6371977
0.17252257,0.3871101012889898,0.42463096547785795,0.4368929563107043,0.35329565
0.5844399,0.1386414361358564,0.15393540923612456,0.16335628366437163,0.61715937
0.5512484,0.042348708765129126,0.053249063194943796,0.12442483255751674,0.5261417
0.48135024,0.2574873042512696,0.2887854173271251,0.21029338897066108,0.45915204
0.50293577,0.04347180865281913,0.09428039565682375,0.11189542881045711,0.56751823
0.68229413,0.0604263779573622,0.08024552981473179,0.05726280227371977,0.6334501
0.44400376,0.17600591239940874,0.20527203231632193,0.19993863000613699,0.42793548
0.5111198,0.09306397069360293,0.10397446623846798,0.10343621965637803,0.5209289
0.7397231,0.11819066418093357,0.07939130476347829,0.10867567913243209,0.7239205
0.7429018,0.13372834662716532,0.17060791023647462,0.20242605975739403,0.56416476
0.370422,0.44021610597838934,0.5789932347395941,0.5158554484144552,0.52168477
0.5376948,0.10276325472367452,0.11360106681606402,0.15821973417802657,0.49763387
0.5331943,0.09810986018901398,0.10313836618830197,0.14548908545109146,0.4569704
0.23690587,0.33561486643851335,0.3942617436557046,0.41730751826924817,0.2533398
0.5758975,0.2915493708450629,0.3576753914605235,0.36514654348534564,0.49278975
0.52873516,0.18599976140002386,0.22215272332916342,0.22209516779048322,0.42464563
0.3516663,0.22911692708830728,0.24364079461844768,0.303789169621083,0.4465567
0.60831416,0.4128568087143191,0.44191196651471804,0.4571365842863415,0.9669831
0.5841607,0.08711596128840386,0.110510716630643,0.0798256320174368,0.6017822
0.5978631,0.4116618588338141,0.521675681300541,0.4634953836504616,0.45055175
0.44639564,0.21934301806569817,0.21316589278995357,0.22707340729265924,0.44284925
0.3360032,0.2744687225531277,0.325400549524033,0.3499133850086614,0.34177235
0.5323487,0.3641539635846036,0.40402772424166344,0.3916211908378809,0.4298377
0.7523997,0.07696756230324377,0.09431317965879078,0.1520261847973815,0.7912792
0.6043029,0.047560091243990875,0.04342594960555698,0.08491205150879484,0.5175926
0.4269952,0.22800511719948827,0.2596554355793262,0.22538552746144722,0.33389777
0.54180205,0.14731366526863346,0.14879477892768672,0.19559954044004596,0.5316826
0.4226031,0.15851254414874558,0.17931802075908126,0.2024079997592,0.4533226
0.4069497,0.0900489909951009,0.09452319567139175,0.11409337859066214,0.4125406
0.4724413,0.2601998439800156,0.31617315897038956,0.29907623009237694,0.42756337
0.29545593,0.2301089269891073,0.28333605700016345,0.29684934031506593,0.48046196
0.7230574,0.1506427649357235,0.25692136541528193,0.20987794901220508,0.55581427
0.5883828,0.24293458570654142,0.3230747193844832,0.2695679430432057,0.8546081
0.5423747,0.3164995883500411,0.3737042224222533,0.25408009459199055,0.5784341
0.37936425,0.406741859325814,0.48276892896613577,0.3672583332741666,0.33407927
0.49880642,0.1318989568101043,0.15321663919299836,0.16548685345131464,0.4672485
0.24292229,0.26644027335597265,0.29008378740502727,0.3221160477883952,0.31166402
0.41060075,0.19505013049498696,0.23469086408145187,0.2559071544092846,0.5022237
0.38710365,0.1629433137056686,0.286582367194942,0.22731301726869826,0.4956823
0.27938724,0.31175946882405314,0.31829448909766933,0.3833183816681618,0.3561164
0.48145777,0.15831859416814056,0.1686141301168478,0.1825154217484578,0.48628306
0.4346875,0.1108197789180221,0.1373466882408013,0.15885974411402556,0.4965636
0.66179764,0.04108905389109461,0.02443641546618493,0.023881790611820934,0.5996728
0.44181845,0.2408860359113964,0.30891485853489153,0.2672666032733397,0.40318614
0.4556442,0.20650178934982105,0.25994975559698535,0.26080492391950755,0.5120495
0.6399852,0.018570570142942985,0.0,0.04210945578905442,0.59308994
0.45172414,0.2654662134533787,0.28278447696706865,0.296669810333019,0.42381716
0.6899997,0.14686448531355148,0.15272823916369435,0.15140996485900352,0.70290816
0.14519008,0.4570771342922866,0.5193561311613679,0.4966114303388569,0.07834956
0.49340412,0.11785461321453868,0.15051183903071036,0.18433015156698482,0.5452189
0.3795009,0.41255860874413913,0.48769118926147137,0.4147754585224541,0.2550663
0.4815623,0.099971970002803,0.09379172562750354,0.17947868205213177,0.48022336
0.30442196,0.36060481393951854,0.3572121514327291,0.38751516124848384,0.3560232
0.409375,0.2824894217510578,0.3742903224574194,0.28989860101013987,0.43024155
0.48547336,0.08702024129797586,0.12619823757189425,0.1619531038046896,0.51101166
0.6175546,0.060993009900699,0.05825621349537281,0.07233464276653571,0.5510954
0.6725813,0.034829196517080344,0.020679833240789994,0.042378421762157815,0.6502395
0.7552684,0.1481132651886735,0.18600673116040387,0.18822644117735587,0.5113943
0.7570796,0.11551059844894014,0.14466828868009735,0.12329994767000522,0.64578736
0.73811114,0.4819082518091748,0.5973755358425321,0.508699189130081,0.41655058
0.69247127,0.20077717992228197,0.25546117532767054,0.19600717039928295,0.6147578
0.824041,0.17469383253061674,0.1719851303191078,0.1513096548690345,0.8534284
0.573151,0.046799118320088165,0.06163269669796181,0.10813488518651147,0.5538797
0.42361346,0.201356239864376,0.25230933513856013,0.2716406928359307,0.41056532
0.49185443,0.2601901339809866,0.2939890776393447,0.32479050752094923,0.49301124
0.3213409,0.28595340140465986,0.32207395932443755,0.36655762334423764,0.5404351
0.30424768,0.3618443638155636,0.4399177063950624,0.3863146613685339,0.34805167
0.37046623,0.22454411754558823,0.31817205909032353,0.23311695668830432,0.41229635
0.13458583,0.5787999021200098,0.6135667968140078,0.5817099818290018,0.35951042
0.65269816,0.09815134618486537,0.10286117217167033,0.13891364610863538,0.6148955
0.43950883,0.13303454669654532,0.12574166754450006,0.14305450569454942,0.48406124
0.37637734,0.3122452487754751,0.3407367204442032,0.2800199119980088,0.3426562
0.5386116,0.032627846737215326,0.06357312381438743,0.07240515275948471,0.54720867
0.41713548,0.16202749379725062,0.23404224404253465,0.23022315697768428,0.6604573
0.38057435,0.38329439167056084,0.40619959437197567,0.42070867792913214,0.40987587
0.5503379,0.1794346120565388,0.220044983202699,0.24464193553580643,0.7054078
0.2639566,0.23973465602653438,0.2860996871659812,0.27806197219380274,0.39197958
0.67361265,0.13989360601063938,0.26109929566595774,0.20967165903283408,0.74786466
0.52260345,0.09536709446329054,0.22843410370604625,0.23358962664103733,0.6124328
0.72816753,0.1308558169144183,0.18435575106134505,0.13179384682061532,0.6013424
0.4451367,0.23701334629866536,0.2955683177340991,0.22504404749559526,0.5344997
0.5411346,0.16503037349696265,0.18692342121540528,0.21924201807579818,0.47655702
0.4656259,0.07160439283956072,0.1551308093078486,0.1794805920519408,0.60070944
0.5861725,0.45990173400982653,0.49052324943139497,0.49053045094695485,0.4301648
0.6366184,0.08181830181816982,0.07629996957799817,0.13396348660365134,0.54243267
0.7357141,0.10531641946835806,0.17046724022803442,0.13649253635074635,0.55909735
0.46602058,0.08356585164341483,0.1706361602381696,0.16745637325436266,0.49355638
0.4499323,0.2100562589943741,0.21269513276170796,0.20848194915180507,0.37940526
0.48969957,0.15753998424600157,0.17177979030678742,0.16928701307129868,0.39062232
0.36159676,0.18373377162662283,0.278784416727065,0.2221008277899172,0.43615162
0.3708097,0.2503799749620025,0.31839896910393817,0.30291374970862506,0.48741382
0.58146083,0.06424843357515664,0.09217647553058853,0.1103271429672857,0.54394156
0.6586598,0.10063882993611699,0.14498532869911973,0.17231653276834671,0.6053112
0.618873,0.030625429937457004,0.022994996379699786,0.09670811032918895,0.59939367
0.27125865,0.49843035015696496,0.5454350327261019,0.4611519138848086,0.27414992
0.4756727,0.13732160626783937,0.16025340961520457,0.14974592502540748,0.40533412
0.43716225,0.09714999028500096,0.1112108266726496,0.09298067070193292,0.4448975
0.57969296,0.12041606295839369,0.14801273888076436,0.18094693190530678,0.5369256
0.5172005,0.15469606453039356,0.1964973017898381,0.17454324254567574,0.48956716
0.5898621,0.32991384700861526,0.4119448247166895,0.3852480214751978,0.38018858
0.52920663,0.16789986321001366,0.1928648115718887,0.23530683646931635,0.58391726
0.53353006,0.10647513435248655,0.09239343554360613,0.12830187716981228,0.49403936
0.49049127,0.18694598130540185,0.23250634395038067,0.22590634740936524,0.46769887
0.41911924,0.20226896977310302,0.22588349355300963,0.2202956479704352,0.47802466
0.53680086,0.30765503923449605,0.31006861860411716,0.2903288909671109,0.47124064
0.22873427,0.5279454472054552,0.55287233317234,0.509102889089711,0.2762069
0.5370617,0.04957019804298019,0.04011389840683391,0.13469968653003134,0.510122
0.53101265,0.09121402087859791,0.0824258049455483,0.13592942640705735,0.53185624
0.23728226,0.2898846310115369,0.3055405183324311,0.3598447640155236,0.32931182
0.36707374,0.22512633748736624,0.3010417380625043,0.2133791186620881,0.33243078
0.36763823,0.3532374446762555,0.41442778486566706,0.37609454239054574,0.2665344
0.47941113,0.1425143657485634,0.19557996173479772,0.14303906569609343,0.562219
0.32806265,0.2534229746577025,0.2556635153398109,0.34577997542200245,0.3865605
0.3664002,0.17260994273900573,0.28662355719741345,0.23960242603975737,0.41583514
0.5930975,0.15815748418425157,0.1621768297306098,0.1817715018228498,0.4741202
0.6417653,0.016353456364654365,0.032680481960828914,0.10580568441943156,0.6651698
0.4362182,0.101079069892093,0.18216691093001466,0.1909870309012969,0.46290767
0.5999284,0.16683556331644367,0.24863524491811473,0.19574849042515094,0.49973816
0.37209913,0.2617697738230226,0.26236499574189975,0.302890689710931,0.3733058
0.5839515,0.012598423740157625,0.03557855213471313,0.07241939775806022,0.63729703
0.41574377,0.25872523412747656,0.275974216558453,0.2804978219502178,0.5109534
0.6981547,0.2509236949076305,0.342034600522076,0.24817029518297046,0.7914272
0.87172604,0.20570230942976903,0.27625323657519424,0.2811301118869888,0.60985816
0.3850727,0.22997171700282829,0.26704259602255576,0.2927001407299859,0.41187537
0.53958106,0.10340698565930143,0.1230319213819153,0.1399720460027954,0.5004893
0.29583514,0.27163011283698874,0.3318233699094022,0.3426271957372804,0.42717898
0.3904888,0.2969647703035229,0.3563769713826183,0.3622301437769856,0.6038638
0.57565266,0.05460699853930014,0.07624808457488508,0.13122130687786931,0.48416895
0.40998828,0.21442312855768714,0.25989171559350294,0.2793014320698568,0.4670533
0.6006653,0.07930537206946278,0.10472486028349162,0.14250160574983942,0.6011914
0.40939116,0.21012270898772908,0.33592608015556485,0.2502633049736695,0.4701615
0.345056,0.3787023321297668,0.43996772639806364,0.35851146414885354,0.2747231
0.5714681,0.07272400772759922,0.07453626847217612,0.14516903548309643,0.51061475
0.41277748,0.21509117849088213,0.28903158734189527,0.2405767759423224,0.5456189
0.27176374,0.3634350236564976,0.4485757069145424,0.3408543159145684,0.44952464
0.47302276,0.3263766673623333,0.35511180130670805,0.3925686607431339,0.48523664
0.31935596,0.3155422184457782,0.3042533582552015,0.33950026604997335,0.36661536
0.60394347,0.11001075899892408,0.10112676606760597,0.16615541338445863,0.46016455
0.4845153,0.20348281965171802,0.29341037760462263,0.19442920055707993,0.69723743
0.498532,0.20047611995238798,0.3154335189260111,0.2894292710570729,0.6942943
0.32714555,0.19647629035237094,0.1938721116323267,0.2700258229974177,0.41726053
0.50652915,0.1490343350965665,0.14012441840746512,0.22094426790557317,0.49703318
0.82999355,0.19504697049530295,0.17169316030158963,0.1901069109893089,0.6903922
0.29999468,0.35293136470686354,0.3725299423517966,0.3833557616644238,0.4311273
0.5283017,0.17843629215637075,0.23942174436530467,0.23597214640278535,0.7852369
0.38994575,0.23595923640407634,0.3034760582085635,0.302256269774373,0.45189208
0.54914993,0.18569077143092283,0.22864998371899903,0.23422381657761832,0.67133087
0.35396922,0.30294078970592103,0.34796508087790484,0.2730934926906507,0.2908896
0.46771893,0.18669916133008385,0.23822213429332809,0.18477646152235383,0.55627924
0.28440708,0.19936932006306798,0.20726610243596613,0.2820114217988578,0.43034655
0.76118946,0.10046209995378999,0.15344262920655777,0.1619301838069816,0.6191698
0.393546,0.13726563627343635,0.166659749999585,0.2116317488368251,0.43531042
0.41288918,0.21932942806705719,0.26071597564295856,0.2432941556705844,0.4091851
0.5921721,0.07812460218753978,0.12882742772964567,0.08621903137809685,0.62980753
0.43717507,0.199762290023771,0.23096866385811984,0.2693828030617197,0.5202794
0.4566878,0.15470881452911853,0.17247442034846522,0.21428654857134513,0.4604633
0.47713667,0.1909272809072719,0.15423822925429376,0.11775244822475517,0.44131893
0.65976655,0.13196207680379232,0.17669694060181645,0.16481940351805963,0.6311487
0.35477632,0.32439690756030926,0.3496669209800153,0.3936591306340869,0.34887093
0.33939958,0.36606484339351564,0.38819816329188983,0.3519078148092185,0.16053975
0.6159915,0.08706518129348187,0.09022757941365478,0.11414252858574714,0.6130171
0.39973414,0.21443534855646512,0.2469890848193451,0.2610976438902356,0.44504327
0.48021773,0.2563651243634875,0.3029211381752683,0.2840293915970608,0.45909107
0.19057083,0.2657150034284997,0.2513948850836931,0.3757499124250087,0.3992597
0.4963578,0.5142615485738451,0.56496033389762,0.5768993423100657,0.50944895
0.47087073,0.14589048541095145,0.20646847238810834,0.2123673387632661,0.5138985
0.62500286,0.1390290460970954,0.10639629638377779,0.12541092745890725,0.60262525
0.33132708,0.1739002026099797,0.21286363277181797,0.2304532269546773,0.4379906
0.6796414,0.09810032418996757,0.09502688570161313,0.0403261159673884,0.55445975
0.54419357,0.13263626673637333,0.21064038263842297,0.19894562010543798,0.43840736
0.57160306,0.08959724604027539,0.12643155758589347,0.13860504613949537,0.54006565
0.4771642,0.2543518545648145,0.29565949773956984,0.2894854710514529,0.5743308
0.39997718,0.24876255512374448,0.328724699723482,0.3231295676870432,0.62861645
0.41591436,0.16606779339322067,0.12542042752522567,0.12824814717518526,0.42253256
0.576481,0.051198208880179105,0.04179203750752225,0.08355366164463382,0.52286917
0.35373527,0.22553492744650724,0.2474063748443825,0.28784481121551886,0.43374217
0.44110906,0.23458999654100035,0.30353505821210347,0.2443245955675404,0.35997087
0.52592,0.25780112421988755,0.2397421743845305,0.25808415419158454,0.41866913
0.52421767,0.19468082053191793,0.15335432920125974,0.19438450056154993,0.52315694
0.7382932,0.16427298357270165,0.1651426399085584,0.2306838969316103,0.5894424
0.41910365,0.09240862075913793,0.2206208232372494,0.2325982767401723,0.5236126
0.5228399,0.10426922957307704,0.15469470928168255,0.14534459546554046,0.52481806
0.49080378,0.14084358591564142,0.15305054918303296,0.16399927360007263,0.4796673
0.5390101,0.11676009332399066,0.12468308748098525,0.12311677768832223,0.48849976
0.73015535,0.15424837457516255,0.1960784617647077,0.17429982257001775,0.547153
0.65018106,0.1507170949282905,0.17657963059477783,0.1504922349507765,0.51391214
0.49583164,0.08770050722994928,0.10141778608506717,0.09566643043335696,0.44261605
0.5487619,0.5643239435676056,0.5779805346788321,0.5775767022423297,0.41041192
0.42520556,0.4126300087369991,0.4566455773987347,0.4627382337261766,0.51696104
0.7027677,0.10124649587535041,0.1718731103123866,0.17119841288015872,0.52265453
0.75107205,0.1818570018142998,0.20225651213539075,0.18884460111553986,0.67157716
0.51496273,0.0702266929773307,0.06418851385131084,0.14258320574167943,0.5094218
0.5085865,0.10890253310974668,0.13773936826436212,0.16143785385621462,0.48575962
0.34139347,0.15725190427480956,0.1892274413536465,0.17255340274465972,0.4152795
0.20728874,0.4623946337605366,0.48559358913561534,0.4686395031360497,0.22543058
0.3218019,0.3105632089436791,0.32294346937660817,0.3616391638360836,0.34600306
0.34214485,0.20862252913774706,0.23205257392315443,0.2215254078474592,0.38179523
0.7051663,0.07132216286778371,0.06775570406534225,0.0610963338903666,0.65506667
0.38660732,0.24586457541354242,0.3087828985269739,0.25791541420845854,0.26458454
0.40974203,0.5851426714857328,0.6069169364150162,0.5684126431587356,0.26049352
0.39710128,0.099182210081779,0.12275112736506764,0.1315303868469613,0.5094593
0.40761662,0.14864321513567846,0.21466811288008678,0.19544450045554995,0.5726328
0.61503553,0.08064796693520329,0.12838480770308847,0.13494373650562635,0.61904395
0.23352419,0.4648041535195846,0.4835087290105238,0.5165303983469601,0.3411719
0.3392477,0.2610914138908586,0.34823582089414923,0.30575606942439304,0.39484817
0.4895227,0.18703444129655586,0.21130044267802658,0.2214750978524902,0.5846328
0.38394663,0.23494542650545733,0.278966216737973,0.30002149999784994,0.5591503
0.49318048,0.10807187919281208,0.1894244913654695,0.15833030416696958,0.52723795
0.34283942,0.20088315991168398,0.22014601320876082,0.25203337479666255,0.5117464
0.42357922,0.19772388022761198,0.27315469638928175,0.21749756825024316,0.39106244
0.65368736,0.1601084039891596,0.23933644436018667,0.1805919219408078,0.5831016
0.3989207,0.4731907026809297,0.530074981804499,0.5756840724315927,0.6520441
0.4108649,0.11347831865216813,0.16309437978566277,0.2117168088283191,0.46129143
0.29528216,0.5512002448799754,0.573815384428923,0.505550689444931,0.3476821
0.36636907,0.2308062969193703,0.25207896512473793,0.24828246517175345,0.3294174
0.6944406,0.12509651749034825,0.1698989701939382,0.1805854219414578,0.46286774
0.29835498,0.2838094216190578,0.30050773803046427,0.34377082562291744,0.34631395
0.5200894,0.1917077408292259,0.18344070100644205,0.2121662287833771,0.43426597
0.43502134,0.18508000149199985,0.32431443945886634,0.24225453577454642,0.43560836
0.42265356,0.6455574354442564,0.6582285394937124,0.6580738341926166,0.2930206
0.40914485,0.2906608709339129,0.3393690203621412,0.3138365986163401,0.29771346
0.37563208,0.2672644932735507,0.3306992198419532,0.25660197433980253,0.45002455
0.49643552,0.10324402967559702,0.10389876623392598,0.1617775438222456,0.46881998
0.32254153,0.21606505839349413,0.27527029651621776,0.2874430112556988,0.49389243
0.47254765,0.3305156169484383,0.3439337806360268,0.35734691426530857,0.36012113
0.6613537,0.12558002744199726,0.16737954004277242,0.2216595178340482,0.716067
0.48050475,0.2628637037136296,0.2541609552496573,0.32647736735226324,0.38892362
0.52694917,0.1628076537192346,0.18187631091257866,0.18666289133371083,0.5636274
0.73847514,0.10224278977572102,0.11595041295702478,0.08979507102049289,0.59861875
0.6078107,0.22728884727111526,0.2824251869455112,0.27238229276177073,0.5942734
0.4405727,0.10639651536034846,0.1323012179380731,0.203061619693838,0.47935033
0.63660336,0.07906630209336979,0.19899718193983093,0.18792955120704485,0.6592039
0.5338145,0.03738033426196657,0.06480086388805184,0.09332182066781793,0.58404315
0.48865116,0.16712887328711265,0.1958589417515365,0.1823060917693908,0.40538025
0.45459166,0.09761544023845597,0.10421252625275158,0.12801234719876525,0.4570282
0.34624738,0.4215585578441442,0.5361548321692899,0.41965295803470415,0.4398985
0.5805001,0.2565296343470365,0.3031496581889795,0.35627701437229853,0.5876858
0.8313195,0.24800003519999647,0.2863330371799822,0.3270977972902202,0.5354294
0.620749,0.21439469856053014,0.25199146511948795,0.2314122068587793,0.48771197
0.50025344,0.16833300316669966,0.18414984104899046,0.21581539841846015,0.46487594
0.62933135,0.11459018854098114,0.1436949486216969,0.17835681216431876,0.59483117
0.39180645,0.22892297710770226,0.23472632408357944,0.23669824633017533,0.3891765
0.5463046,0.01792290620770938,0.06326818879609133,0.1200954179904582,0.58549535
0.73188424,0.598696170130383,0.5826485349589121,0.5254578074542193,0.88871014
0.36472675,0.33104936689506326,0.3867475032048502,0.35685231431476855,0.21643636
0.28021827,0.3754103624589637,0.3895737233744234,0.42531438746856126,0.32197338
0.55046153,0.3827051417294858,0.3934508236070494,0.3744479025552097,0.4766084
0.55793583,0.03170203682979632,0.05465939927956396,0.10232941976705802,0.6264358
0.5201192,0.07444330255566974,0.11921311115278667,0.14833237516676248,0.5429817
0.37958598,0.14625103537489645,0.15763417945805075,0.20868954913104507,0.46808875
0.6596764,0.08804883719511628,0.1425354885521293,0.12220420177957982,0.6631946
0.43544492,0.33494871650512836,0.3667465220047913,0.404565829543417,0.5169268
0.3318975,0.18581749141825082,0.1942489816549389,0.24500867549913244,0.43114835
0.73042303,0.1403868959613104,0.19720245183214713,0.1713705528629447,0.5484107
0.22578298,0.21066129893387012,0.2242999234579954,0.31056096894390306,0.47086257
0.3422955,0.1719246628075337,0.15933433956006038,0.20807525919247408,0.38233954
0.34995958,0.47086589291341063,0.5772838946370337,0.5603484439651556,0.5679971
0.500523,0.0914293108570689,0.08150750889045053,0.10415910958408903,0.46664262
0.7189069,0.0904404109559589,0.08968687538121253,0.12435396256460374,0.62785786
0.5203131,0.32748168725183124,0.38514432310865937,0.38438416156158384,0.4124167
0.5576494,0.5281007971899202,0.5654732939283976,0.6406169359383064,0.43179327
0.46701247,0.12944163705583628,0.1610227596613656,0.200887419911258,0.554792
0.56595266,0.10635806936419305,0.17295618037737082,0.19022552097744788,0.56070614
0.41741258,0.1211450278854972,0.17682103060926183,0.1602070439792956,0.41625565
0.4737813,0.10514135948586405,0.08848825530929533,0.18051426194857378,0.5066896
0.4421441,0.11868323813167618,0.14686766881206015,0.1934940006505999,0.51227707
0.45175195,0.11054833894516611,0.1399358583961515,0.1093982050601795,0.48380738
0.29117143,0.301767529823247,0.3227204193632252,0.3138398686160131,0.2954847
0.55023175,0.2848379715162028,0.3259551695573102,0.34724976527502344,0.58720964
0.5528113,0.13457120654287932,0.1591818095509086,0.17470960252903975,0.5377664
0.6363097,0.05694141430585856,0.07167488430049306,0.11898462810153719,0.65370494
0.5719184,0.009885370011462998,0.03902209034132543,0.07662981233701877,0.5596266
0.4735902,0.1715060628493937,0.20824207249452437,0.2196480980351902,0.4773242
0.3089414,0.43397609660239034,0.5016697301001838,0.49061425093857486,0.23280352
0.48893735,0.13711239628876035,0.22695703361742203,0.21651801834819814,0.75658906
0.57972556,0.11551125844887415,0.14426267865576073,0.10571314942868505,0.5427471
0.47676045,0.2123489487651051,0.26118148567088917,0.2618282138171786,0.40523517
0.6565252,0.21177232882276711,0.22707726362463584,0.22621247737875225,0.5778186
0.5444963,0.08774163122583686,0.19577668174660093,0.19482193051780694,0.6207485
0.6827661,0.17693818230618175,0.1924926415495585,0.1592449640755036,0.5252367
0.53817505,0.026560929343907063,0.07255697435341846,0.11930929406907059,0.58161104
0.12102142,0.594431580556842,0.5690380641422839,0.600468579953142,0.10781643
0.44824415,0.20261925973807401,0.26121975567318534,0.24536255546374444,0.3182626
0.5724094,0.042010749798925016,0.0563134583788075,0.1011518438848156,0.52115905
0.50946957,0.1332253366774663,0.13147008788820527,0.18747441125255887,0.50299656
0.42271176,0.11159123884087611,0.22457982347478941,0.19044600095539987,0.49511397
0.5317993,0.305921489407851,0.4063301243798075,0.3668142833185717,0.43774754
0.41019034,0.2412068258793174,0.2916705775002347,0.304174749582525,0.34806293
0.585343,0.1621723337827666,0.18066568083994086,0.17659072234092776,0.54779136
0.59774125,0.21319431868056812,0.22778983366739003,0.19746325025367495,0.5928106
0.2713016,0.3329244267075573,0.4185284051117043,0.31077220892277907,0.33846727
0.53757447,0.08745118125488187,0.11371705682302341,0.17299292270070774,0.5219649
0.47519374,0.07051565294843469,0.09967202598032156,0.1404403859559614,0.55718875
0.58579177,0.011733053826694616,0.06592390395543424,0.11593268840673115,0.60358053
0.448665,0.23698038630196136,0.2585695555141733,0.3194735880526412,0.5583359
0.58860207,0.07677849232215077,0.1095677965740678,0.11523251847674815,0.5986283
0.5049755,0.2114526088547391,0.28393001703580106,0.17460964253903574,0.709069
0.6189754,0.062144423785557616,0.0669857600191456,0.07229452277054771,0.5281788
0.38543582,0.28414822158517783,0.4022396441343787,0.3225557477444252,0.629243
0.21130633,0.27759564224043576,0.34031226041873563,0.33823510617648933,0.43247038
0.6920008,0.11350251864974813,0.111279016676741,0.07432144256785574,0.6708812
0.5268684,0.06592767740723225,0.06301761378105683,0.13738493626150636,0.50770015
0.552832,0.298785510121449,0.3202423692145422,0.3208764479123552,0.28945464
0.4559495,0.10761948323805166,0.11992285719537144,0.09955229004477098,0.51314235
0.42766243,0.15341068465893154,0.2185180931110856,0.25879732412026757,0.607141
0.6224593,0.015345303465469652,0.023977907438674447,0.09634595036540496,0.5408852
0.47399005,0.17576296242370376,0.22829253369755204,0.22287032771296722,0.37336314
0.6995115,0.05533787046621295,0.03470307808218469,0.06558343344165665,0.67117167
0.44930896,0.13002599699740028,0.22480131348807883,0.2211968678803132,0.6865712
0.4333147,0.12737275726272426,0.19848893190933595,0.20117661988233798,0.61594784
0.36609945,0.14079131592086838,0.12990281779416907,0.20342257965774202,0.45895517
0.31205416,0.2646159535384046,0.2848195570891734,0.32195868780413117,0.37892467
0.46218282,0.11226578377342161,0.1927316315638979,0.1591029640897036,0.5720986
0.20002837,0.5858705414129458,0.6162172969730378,0.6231697376830262,0.24966733
0.57388747,0.10877092912290708,0.1104666366279982,0.09540435045956494,0.57056224
0.5834987,0.29730421026957893,0.3540107812406469,0.3800906619909338,0.43071133
0.755424,0.14796115520388448,0.17098827025929622,0.16972078302792168,0.70585865
0.4682701,0.13595302640469734,0.17849187070951225,0.21085063891493608,0.6017262
0.45205948,0.21430320856967913,0.2454872847292371,0.20561299943870004,0.3333894
0.8642167,0.3708561029143897,0.3575517714531063,0.3128612887138711,0.7559104
0.37041947,0.36445682355431763,0.4194571051674263,0.35042486495751346,0.37640193
0.5245901,0.11858005814199417,0.1630340297820418,0.1404542459545754,0.46293813
0.5767471,0.056895339310466066,0.045373889722433385,0.1308922869107713,0.5392717
0.595282,0.0,0.012992144779528687,0.08703138529686147,0.5530965
0.48781174,0.13702310629768935,0.15290448917426935,0.14098148590185142,0.4640817
0.4508614,0.12412734758726524,0.14606482876388974,0.16724111327588864,0.53045726
0.5433097,0.2416518958348104,0.29205597752335866,0.1800743119925688,0.46767545
0.47128636,0.15499289450071055,0.1707347102440826,0.15254013474598652,0.53435796
0.38271576,0.14631505536849446,0.1347560380853623,0.20331141966885802,0.45541868
0.3905436,0.3242020675797932,0.33832212029932723,0.3760980623901937,0.2598753
0.56352174,0.09234532076546792,0.10249186214951174,0.14194224580577539,0.5410737
0.1738138,0.42588095741190424,0.48618342917100577,0.4546518545348145,0.22733195
0.4428406,0.12382318361768163,0.1983059418983565,0.20430002956999704,0.5807221
0.4053947,0.2324494167550583,0.3209440192566412,0.24561134543886542,0.46100086
0.72926,0.3715959628404037,0.4723167083390025,0.4679869532013046,0.6759973
0.5145532,0.13324148667585134,0.19549267172956034,0.22404042759595721,0.5991895
0.44790944,0.14845116515488346,0.26165039569902376,0.2195761580423842,0.51679033
0.56579155,0.4932383106761689,0.5849621050977263,0.5327321967267803,0.4724053
0.44762883,0.1892845810715419,0.22371108342266502,0.20069209993078999,0.3993662
0.6783312,0.06647037835296217,0.12420076745204604,0.1111567188843281,0.58837044
0.20508943,0.5969621403037859,0.6266647375998843,0.6135856386414361,0.25398028
0.4769337,0.06541123345887664,0.07211682432700946,0.11372460862753912,0.52427095
0.46678603,0.2108230089176991,0.2566173153970389,0.2952392404760759,0.6477306
0.18101397,0.26690877330912266,0.28586508715190523,0.3340885265911473,0.35444018
0.617324,0.11687769331223066,0.1598736695924202,0.18673001132699885,0.7106177
0.59217095,0.2420501757949824,0.2692403961544238,0.301503509849649,0.6223643
0.52183473,0.4368155563184444,0.5116265306975919,0.5007914999208499,0.39755636
0.19088396,0.4515361048463895,0.5399067323944039,0.4782495521750447,0.24850976
0.70593184,0.06268357373164263,0.07550317453019047,0.08928155107184488,0.64856356
0.55142605,0.16285796371420364,0.20898880253932817,0.2416187258381274,0.5533988
0.4847865,0.09550400644959935,0.21109385266563116,0.18528603147139686,0.5869711
0.6813395,0.2943176005682399,0.3245080894704854,0.31968369803163016,0.7052685
0.61865664,0.22448027755197222,0.31171101870266116,0.2909072909092709,0.5881462
0.4376155,0.16374470362552965,0.274216366452982,0.2846794415320558,0.7139795
0.27564606,0.28326189167381083,0.3251413195084792,0.3547858845214115,0.46454036
0.51365566,0.5351135464886453,0.5728299943697996,0.5428155157184484,0.35275763
0.58053255,0.27449650255034974,0.31734444904066694,0.29473297052670294,0.5212758
0.64421666,0.046716955328304464,0.038880589332835364,0.09976872002312799,0.5779962
0.30878952,0.27898729210127077,0.3005098880305933,0.27657625234237476,0.2928483
0.5103145,0.04084533091546691,0.0852996451179787,0.09375789062421094,0.5261679
0.26445824,0.4308104969189503,0.4674563080473785,0.43324625667537425,0.22461396
0.52940434,0.1327186967281303,0.20407571224454274,0.1798178420182158,0.60362077
0.8106071,0.36656343334365665,0.4479311968758718,0.39978066002193396,0.8703702
0.34941316,0.2956255704374429,0.36845352210721133,0.3736447926355207,0.46430475
0.5279629,0.09428855057114494,0.10432533025951982,0.16557396344260367,0.46388453
0.5912585,0.09669139033086095,0.11446759686805581,0.101306489869351,0.5564555
0.46886945,0.07855703614429639,0.07429409445764566,0.039307084069291585,0.41723314
0.45288634,0.3580830041916996,0.4200164952009897,0.34833189516681046,0.35269883
0.543879,0.054032648596735136,0.06361469981688199,0.09852209014779098,0.58070755
0.35722426,0.20620066937993303,0.2459642447578547,0.23645934635406535,0.4587322
0.2486612,0.32542913745708624,0.37023367221402037,0.37989398201060176,0.26742306
0.38923857,0.32245296775470317,0.38489326309359584,0.38731070126892986,0.39310652
0.0044748485,0.5311588468841153,0.6182057370923442,0.6472382352761765,0.2149864
0.58632356,0.007915824208417578,0.021815718308943098,0.08895307110469289,0.5618142
0.8887129,0.23593718640628136,0.2660353359621202,0.26640150335984963,0.7282013
0.50350785,0.2827338717266128,0.33349444000966644,0.2938632706136729,0.526074
0.51007175,0.12575520742447924,0.1673196400391784,0.15623261437673858,0.5207556
0.75195086,0.1899494010050599,0.2434597146075829,0.2329126367087363,0.5423822
0.69765204,0.06678595332140466,0.08948386536903193,0.09631570036842996,0.59299386
0.40078014,0.3435259456474054,0.4461332267679936,0.4270885172911483,0.37294596
0.56984603,0.11599423340057664,0.12878901772734108,0.17622892237710774,0.6085155
0.640952,0.1905511709448829,0.2457611747456705,0.25705203429479656,0.57615507
0.38457048,0.26331013366898665,0.34264352055861125,0.31497951850204814,0.5649862
0.4746433,0.10457719954228004,0.18500183110010987,0.1620038237996176,0.64793855
0.27154258,0.47161249283875073,0.5069058304143498,0.5277913472208653,0.21736702
0.16613965,0.4343579265642073,0.47150215829012954,0.45798665420133455,0.17679255
0.44726026,0.10595865940413406,0.1177972030678322,0.14542774545722542,0.41744402
0.5550143,0.1294322770567723,0.12309268738556124,0.15944938405506157,0.57099277
0.34808254,0.300311569968843,0.31138785868327157,0.29025623097437686,0.38107663
0.6693269,0.09191038080896191,0.14440516866431014,0.13866563613343638,0.6125034
0.50545216,0.21233457876654213,0.2537094552225673,0.22567567743243225,0.4689598
0.6400497,0.09964587003541299,0.11688385101303106,0.11361043863895613,0.52650505
0.29016286,0.2422578957742104,0.274216616452997,0.30322716967728297,0.4039564
0.46404544,0.11607344839265515,0.09054035543242134,0.12669645733035426,0.4942472
0.39116985,0.21807075819292415,0.25838013550280814,0.26199350380064956,0.45520306
0.19300757,0.38000624199937577,0.42782058566923514,0.4327187567281243,0.3005056
0.4792478,0.32033729796627014,0.3577369714642183,0.4357281564271843,0.64612067
0.44537696,0.28755265124473484,0.3441224206473452,0.38909258109074185,0.7696541
0.3153742,0.3539282046071795,0.39950808397048504,0.43229075677092427,0.31192344
0.69515145,0.07741882625811737,0.09715849582950975,0.1207380779261922,0.6978942
0.30969778,0.23873913612608638,0.2527587551655253,0.30381156961884304,0.49002504
0.44323567,0.18672169132783087,0.3004446780266807,0.2422926757707324,0.60290843
0.3780138,0.31480096851990313,0.39197692351861546,0.32478913752108624,0.32814765
0.8840499,0.15341241465875852,0.15334797920087875,0.1702489129751087,0.76972324
0.5225261,0.1315928268407173,0.1561446293686778,0.1704833929516607,0.53775054
0.44114262,0.1433439956656004,0.16146284968777097,0.21712384828761516,0.5087486
0.31081635,0.3503188449681155,0.4075278844516731,0.38787576121242384,0.20510185
0.42387035,0.20285040971495902,0.24618847477130848,0.24329361567063842,0.47661096
0.5900554,0.04874795212520479,0.05059111303546678,0.03436010656398934,0.5627663
0.5356364,0.048558171144182885,0.07755163465309808,0.07882886211711378,0.5191433
0.47276357,0.16434968356503163,0.17552911053174663,0.24799630520036944,0.5918509
0.48580486,0.22264761773523822,0.37642094258525655,0.29656181034381895,0.7020454
0.6227592,0.21626985837301416,0.2840626370437582,0.2661036033896396,0.4333893
0.5331477,0.2710067728993227,0.31089515865370954,0.37422986257701374,0.63369566
0.52094364,0.20088446991155298,0.22023125321387518,0.28005531199446876,0.51815915
0.3491982,0.2503272949672705,0.29232861753971706,0.3150236284976371,0.32826415
0.43461162,0.18318875168112483,0.22911639374698364,0.2661409133859086,0.5492319
0.2812579,0.3929660807033919,0.4015931740955905,0.3600937939906206,0.28398615
0.5243107,0.1216548878345112,0.2175830730549844,0.17731098226890177,0.53908485
0.7283142,0.2659797734020226,0.3031506181890371,0.30690589930941004,0.8514167
0.59998095,0.17330206266979373,0.20537801232268074,0.16158451384154862,0.5955177
0.5762981,0.13611997638800236,0.17282573036954382,0.1893545810645419,0.53271186
0.52326244,0.3141179085882091,0.4430344265820656,0.31820996817900316,0.5367982
0.20283659,0.40715651928434804,0.5093282805596969,0.4238339276166072,0.23516095
0.32607725,0.48380815161918483,0.5169433710166023,0.512641248735875,0.32811016
0.53595984,0.2754727724527228,0.42913504574810274,0.31225736877426313,0.5852515
0.46434486,0.25577563442243656,0.285615817136949,0.3186758481324152,0.5684768
0.41706467,0.12515194748480524,0.14767468886048135,0.1706232829376717,0.45797282
0.45840105,0.22109258789074118,0.23687846421270786,0.2642407735759226,0.48248535
0.317559,0.30043404995659495,0.3267480896048854,0.3513464648653535,0.33014402
0.49496594,0.1622295537770446,0.2879463572767815,0.27675220232477976,0.65022695
0.62115,0.0805690519430948,0.07914394474863669,0.1414811758518824,0.5503868
0.7490319,0.15621222437877755,0.20756925245415514,0.21496311850368813,0.58170736
0.6530702,0.0723651877634812,0.08531696111901767,0.11260606873939312,0.59197104
0.7624346,0.2090379690962031,0.1950337417020245,0.09368052063194793,0.75644016
0.3536288,0.45901982409801756,0.5008402800504168,0.50320089967991,0.34789374
0.47109145,0.19716800028319995,0.3112930886775853,0.301607869839213,0.7923049
0.6056336,0.08834197116580288,0.07947791076867465,0.15599374440062555,0.5532754
0.5646341,0.22594810740518925,0.33948340036900404,0.18972884102711587,0.5571372
0.5287395,0.06441267355873263,0.061518343691100624,0.1307066569293343,0.5206994
0.53767043,0.2332599766740023,0.26585628595137717,0.3155737184426281,0.44788885
0.25986823,0.7510186848981315,0.825739249544355,0.6966759303324069,0.18363942
0.25475064,0.29431593056840694,0.34217712053062727,0.35002686499731345,0.29466608
0.7948867,0.33615153638484635,0.4097201445832087,0.35856886414311356,0.63581127
0.5932617,0.04810821518917848,0.07856971471418289,0.13501550649844934,0.5416483
0.052605003,0.5506858449314154,0.6329317379759043,0.5760225123977487,0.093712114
0.48316282,0.08595355140464485,0.12278518736711123,0.1316225368377463,0.5206268
0.47214597,0.1508218849178115,0.24384201463052088,0.25370601462939857,0.7413106
0.60244703,0.37848596215140373,0.4324478759468726,0.3479175252082475,0.6173618
0.4656805,0.08048405195159479,0.07480806448848387,0.15311928468807154,0.4946416
0.22500892,0.3322029067797093,0.3495511009730661,0.402807859719214,0.25174713
0.60002315,0.301758709824129,0.3016370180982211,0.24745736525426346,0.5969498
0.497091,0.09827061517293847,0.1420320685219241,0.1604780439521956,0.44861788
0.3337156,0.32916509708349023,0.3969664238179854,0.3605433939456606,0.31484485
0.48457146,0.15952284404771558,0.21450741287044475,0.2109526789047321,0.5007975
0.79388285,0.18502385149761486,0.23467172408030346,0.22726950727304926,0.585777
0.5595802,0.021986243801375618,0.036875429212525755,0.08840151715984827,0.52805024
0.67348707,0.05305036469496353,0.05235776614146597,0.07701527229847277,0.64556354
0.4431612,0.0915282608471739,0.08622247517334851,0.1807254919274508,0.50368434
0.53657216,0.28457522154247783,0.32679021960741317,0.3393339660666034,0.67640805
0.2723242,0.2925564707443529,0.4361665461699928,0.3779153422084658,0.4501738
0.29018474,0.34575104542489543,0.36403312184198733,0.36014219398578057,0.33853713
0.3337705,0.3059518294048171,0.3442434206546052,0.2712146328785367,0.29329014
0.50086397,0.21573752842624713,0.26254637575278256,0.3100972489902751,0.5923953
0.46790922,0.16962189303781067,0.20996851259811075,0.21943644805635518,0.450827
0.41114637,0.14267243573275643,0.21241869274512157,0.20724103927589607,0.5482648
0.53850526,0.17621625237837477,0.2610083956605037,0.22589883741011624,0.44465828
0.3688911,0.19673700032629995,0.2238503234310194,0.2824075517592448,0.5294248
0.44274214,0.13539661646033835,0.12174532730471965,0.18100248189975182,0.43167126
0.58959043,0.11270399872960012,0.11942360716541643,0.11817269318273067,0.51532084
0.2705413,0.40257589974241004,0.4436729266203756,0.47888405211159474,0.51428926
0.42091587,0.17344273265572674,0.20022399201343952,0.23363987663601232,0.5125969
0.683965,0.23602319639768035,0.2707984562479074,0.2812433518756648,0.6119079
0.45929766,0.1524797247520275,0.22572328354339702,0.14228074577192543,0.5240944
0.61059225,0.12807698719230126,0.11409083684545022,0.14658068534193147,0.5789436
0.35737306,0.23432577656742232,0.3060188483611309,0.29905620009437994,0.39813063
0.50171685,0.09201582079841793,0.14870891892253513,0.1387785261221474,0.57983434
0.60975736,0.055126899487310047,0.047254266835256006,0.12689377731062226,0.5348972
0.3967181,0.31427591857240816,0.33097351985841117,0.27865633213436675,0.27179933
0.20123157,0.37852233214776676,0.41542812492568754,0.39756264024373594,0.33385032
0.39232054,0.17276228272377173,0.19024916141494969,0.19991104000889598,0.44686988
0.63924634,0.06454145354585464,0.07750583465035008,0.100077889992211,0.5220324
0.36169946,0.2134502586549741,0.21623231297393877,0.23973688602631138,0.42291462
0.3946945,0.3438309356169064,0.44600452676027164,0.38424524157547585,0.34845528
0.5831953,0.13556005644399435,0.23741741424504487,0.23517987648201233,0.734577
0.51188695,0.08621003137899685,0.16658443999506642,0.12842194715780528,0.539788
0.3057778,0.24418920558107943,0.3108687586521255,0.23631546636845333,0.29002032
0.71376914,0.2202034079796592,0.2631767557906054,0.25771490422850957,0.58188474
0.41123673,0.30019801998019796,0.33644118018647085,0.3394031660596834,0.4383986
0.24978393,0.44916235508376445,0.4710670982640259,0.4970629302937069,0.16111751
0.36090168,0.33846830615316936,0.42305512538330753,0.31520011847998813,0.29881343
0.27329937,0.4542632545736745,0.6289962377397743,0.5112271988772801,0.81163734
0.4732715,0.05832907016709298,0.1381142782868567,0.18519292148070784,0.6340364
0.40227205,0.16942979305702066,0.267546316052779,0.22113946788605318,0.52800953
0.63770133,0.07197680280231972,0.07370594442235666,0.10325048967495103,0.6071419
0.48869583,0.13234348676565133,0.1949496716969803,0.18824915117508487,0.67199516
0.43454885,0.10261704473829551,0.10085398605123916,0.14414529558547043,0.4553318
0.5213756,0.17385424261457574,0.19515641170938472,0.17831806216819376,0.40642104
0.33629173,0.30003749999624996,0.35564122133847326,0.3386383861361614,0.4041524
0.562162,0.1296128170387183,0.16183749971025,0.13457216654278334,0.61748266
0.4759419,0.15496833450316655,0.19965703197942192,0.19785182021481795,0.42186767
0.58616364,0.2342098965790103,0.26697643601858617,0.28235003176499684,0.63473636
0.39883515,0.33341996665800333,0.3299923197995392,0.31618591838140814,0.36363697
0.4511026,0.12631191736880826,0.16513821990829322,0.18518774148122585,0.6084433
0.27524275,0.4650813734918626,0.5135777308146638,0.4795748120425188,0.24467084
0.44229946,0.2192896680710332,0.26445718586743117,0.3090601890939811,0.59208167
0.5233631,0.12161721783827821,0.1591007795460468,0.19854246014575397,0.48833972
0.540151,0.14542211545778846,0.12384161743049706,0.14483348551665146,0.5036437
0.36637458,0.5329684467031552,0.567044034022642,0.5345330465466953,0.23084198
0.60893416,0.016729353327064666,0.017217905033074302,0.058660740133925984,0.4957943
0.28777555,0.31591844840815514,0.326481599588896,0.34945026505497345,0.38448578
0.51833355,0.1103654689634531,0.1387189683231381,0.1405403759459624,0.51771337
0.63583297,0.2325699367430063,0.27017111621026696,0.2940475005952499,0.59538776
0.3402533,0.21616513838348614,0.3351822701109362,0.30483689951631004,0.33609316
0.36879662,0.1893047210695279,0.22834266370055983,0.23273489672651032,0.32802483
0.37726375,0.2439155656084434,0.2837140770228446,0.31418820858117913,0.4812525
0.31911913,0.30789178921082105,0.35373445122406705,0.35847523415247656,0.29988915
0.26510522,0.26011867398813254,0.3092288585537315,0.3094067890593211,0.4529211
0.6202375,0.1605802339419766,0.18512071110724268,0.2217991178200882,0.5401986
0.3174312,0.3620883137911686,0.4210208252612495,0.4186900581309942,0.293234
0.14007573,0.504280249571975,0.54924583295475,0.5719254428074556,0.03735818
0.49993047,0.0897467310253269,0.15985188959111338,0.13690851630914835,0.5238421
0.6286197,0.13991893600810637,0.1638524098311446,0.1606177239382276,0.48060793
0.5919299,0.1208785979121402,0.12793148767588924,0.17994503200549677,0.51581025
0.4361889,0.14747650525234945,0.17861665071699903,0.2205475979452402,0.51438034
0.276591,0.3331814366818563,0.3887368633242118,0.40922805907719406,0.25278625
0.54341817,0.058471824152817584,0.09399205963952359,0.13559339644066035,0.5372868
0.2385499,0.3634958236504176,0.4979814598788876,0.3728097327190267,0.49470556
0.2701645,0.3202946179705382,0.35895397153723835,0.3854971614502838,0.39478856
0.22527122,0.38204716179528375,0.45347269720836186,0.49873765012623494,0.18068755
0.27993253,0.2857565314243468,0.29302711758162703,0.3651050634894936,0.39987323
0.6683916,0.014481185551881444,0.050549600032976004,0.04937061206293879,0.59987456
0.48005772,0.17415304258469572,0.21727861303671678,0.17643617235638276,0.5311576
0.44203538,0.13433815656618434,0.2007928620475717,0.17559467244053273,0.55180985
0.494902,0.02392717960728204,0.07679710460782627,0.09767677423232257,0.517379
0.48295814,0.15403260459673954,0.17034827022089621,0.21592095840790415,0.56392425
0.7618488,0.06916763708323628,0.05443686526621192,0.08798533120146687,0.71187484
0.23080237,0.3775463022453697,0.36826160209569614,0.41750849824915015,0.35345948
0.39670813,0.300763669923633,0.33718564023113845,0.3472962052703794,0.36365438
0.42493087,0.1618244138175586,0.2123020427381226,0.2736575926342407,0.46072578
0.46491683,0.07790824220917578,0.10334876620092598,0.1387213061278694,0.53191435
0.31709033,0.3735526126447387,0.4512386570743194,0.3475315852468414,0.15185872
0.62108266,0.09099038490096151,0.15300300918018056,0.08808215619178437,0.65200806
0.6546063,0.0303222509677749,0.03086137985168279,0.07143237285676271,0.6089302
0.36059934,0.13720454627954537,0.15207931912475914,0.1832618516738148,0.465056
0.47417492,0.2837846916215308,0.3146785188807112,0.3641715235828476,0.51099813
0.52663517,0.2895987710401229,0.3033167181990031,0.2859238114076188,0.36287907
0.5909513,0.2113496188650381,0.23321951399317084,0.2203485779651422,0.46586877
0.32819042,0.398703920129608,0.40865894451953666,0.3927116607288339,0.22631241
0.28858912,0.4766546923345308,0.49209042952542575,0.4844319315568068,0.40960276
0.46338528,0.12647564735243524,0.1929693915781635,0.20746580925341906,0.54488766
0.44403845,0.18937171106282888,0.2196688131801288,0.22435442756455723,0.38219807
0.44580382,0.05637776436222356,0.04452526867151612,0.11487187851281215,0.5114701
0.4276614,0.21658576834142315,0.24815423488925412,0.24863884513611548,0.33995056
0.5745048,0.09945645005435498,0.16017714961062898,0.13719667628033239,0.6869713
0.48646578,0.2529520447047955,0.290357017421421,0.2629150437084956,0.422435
0.5992707,0.07712700228729977,0.09924272595456357,0.10065184993481499,0.6902121
0.53573525,0.099605820039418,0.10597462135847728,0.1619101038089896,0.5079312
0.37819442,0.30318879968112006,0.3407030204421812,0.28429005157099485,0.21131626
0.52582157,0.0606609539339046,0.1385600983136059,0.1505343149465685,0.7064939
0.36067554,0.1619874938012506,0.17450831047049864,0.22669855733014427,0.43251324
0.16556312,0.7710900728909927,0.822844949370697,0.7830155216984478,0.28917062
0.39982113,0.43251208674879127,0.5074744304484659,0.40211971978802796,0.24279201
0.5457955,0.0605464819453518,0.12280613736836825,0.1321098367890163,0.55234957
0.33032936,0.32938306706169324,0.45769598746175927,0.3416422858357714,0.2994954
0.5695556,0.16754652324534766,0.2246223234773394,0.2546021045397895,0.65881866
0.5110544,0.051941389805861014,0.11053682063220924,0.14570935542906446,0.6316346
0.58674634,0.22012127798787218,0.24248041454882488,0.2896743710325629,0.6032
0.29981458,0.2783486221651377,0.3269539196172352,0.34409806559019346,0.5557649
0.3325496,0.2601604539839546,0.28661955719717347,0.299963570003643,0.32980606
0.41727436,0.18725170127482987,0.20697589241855355,0.2129838287016171,0.44399285
0.52534974,0.12662507733749226,0.165444799926688,0.18414382158561785,0.46132773
0.4721332,0.1391064660893534,0.15774721946483317,0.20853081914691807,0.52334607
0.65411854,0.17894555210544477,0.20769269246156155,0.22587970741202926,0.6777251
0.4308184,0.29693025030697495,0.3407562604453756,0.38608273139172683,0.35094604
0.378621,0.35639916436008356,0.3567128414027705,0.3512628348737165,0.39356905
0.37385124,0.2438217456178254,0.31931121915867317,0.29442570055742995,0.26528355
0.62739015,0.0505987049401295,0.05866617351997041,0.11221270877872912,0.5642302
0.40113452,0.24944502505549748,0.29440076766404605,0.3143118285688171,0.5177038
0.6587725,0.3256976674302332,0.34003922040235324,0.3511300348869965,0.5092375
0.8199576,0.1512585448741455,0.17275474036528443,0.1415588458441154,0.65766394
0.64059305,0.061977856802214314,0.08914465534867932,0.1329690067030993,0.508816
0.4524682,0.12689329731067028,0.14974272898456373,0.1831604016839598,0.49500573
0.67359805,0.11374504862549513,0.1659011599540696,0.1687555731244427,0.5618676
0.57739,0.0299330920066908,0.03953728237223694,0.11304308869569112,0.55918884
0.5717389,0.050837244916275504,0.04704010782240647,0.100756189924381,0.5349191
0.4383885,0.23783159621684036,0.2957469377448163,0.33664211633578833,0.73273623
0.5421108,0.05266951973304802,0.05801621348097281,0.10361908963809104,0.4691897
0.39020476,0.12787558721244127,0.12100262126015728,0.15182800481719952,0.44919613
0.5357203,0.1515882148411785,0.24486453469187208,0.21770534822946516,0.5726458
0.4737007,0.12303735769626421,0.13681349820880992,0.17463491253650873,0.47508252
0.65040654,0.10526199947380005,0.11371198682271921,0.10295380970461902,0.5977809
0.46462676,0.48083285191671477,0.54523483271409,0.40792681920731805,0.29470158
0.24687287,0.21448582855141712,0.1957421417445285,0.2848514715148528,0.40435123
0.45957795,0.20839810916018905,0.31922085915325155,0.2808513319148668,0.68305737
0.7782644,0.23285544671445532,0.26768679606120777,0.301117989888201,0.51852
0.31549537,0.37391250260874975,0.3808691228521474,0.42906178709382126,0.22482325
0.39302486,0.24585092541490747,0.2470437448226247,0.3148174685182531,0.4784658
0.20775782,0.4451886854811314,0.45414027724841666,0.49206443079355694,0.1789415
0.5825012,0.13870312612968738,0.21327222279633337,0.1619697338030266,0.61052275
0.34470618,0.48281465171853477,0.5669079740144785,0.4537248146275185,0.12243441
0.53264606,0.3170134382986562,0.3777680626660838,0.3355337664466233,0.33400142
0.7327895,0.3082711691728831,0.32339973940398437,0.35712292428770753,0.6942924
0.31987408,0.6788479321152068,0.7008497420509846,0.7721109827889017,0.061076507
0.5171342,0.09412225058777493,0.11589790095387406,0.15966583403341658,0.5155077
0.40434825,0.27211100278889966,0.3215496692929802,0.30278089972191,0.44641083
0.3097913,0.2750923024907697,0.2759563465573808,0.3101259689874031,0.36322683
0.22821939,0.37531178246882174,0.41110602466636154,0.48436995156300483,0.2527833
0.7458533,0.0915413108458689,0.1132136367928182,0.12608878739112125,0.6733395
0.3577102,0.3567601343239865,0.44663132679787965,0.47545213245478674,0.4846654
0.6157745,0.09430941056905894,0.09385580563134835,0.1295995870400413,0.6171307
0.32548186,0.2610536738946326,0.3613197416791845,0.3112493488750651,0.3009614
0.5842032,0.07808568219143178,0.14638227878293675,0.09355913664408633,0.5011407
0.73606503,0.07487794251220574,0.111111466666688,0.08482652151734783,0.67790264
0.43071562,0.1819720418027958,0.19512684170761052,0.21602037839796215,0.44724473
0.4110844,0.17415721258427871,0.17894040073642406,0.24882320511767947,0.47752196
0.5310935,0.18243505175649483,0.23526938411616305,0.2793276020672398,0.71583945
0.57433355,0.12119634788036521,0.17237501034250063,0.16968534303146568,0.5834152
0.61071724,0.16112198388780158,0.2582386154943169,0.23790625620937436,0.4344907
0.032643974,0.4678075732192426,0.4819118089147086,0.5192559480744052,0.16373934
0.32510433,0.34997666500233343,0.3477295208637713,0.3725973027402697,0.32849103
0.33614802,0.2423450357654964,0.2938867976332079,0.24944893505510649,0.25276053
0.5220922,0.055540228445977155,0.11181495270889716,0.12507827749217226,0.5926598
0.4483703,0.27296084270391574,0.32244351934661114,0.3367986963201303,0.35546577
0.48698813,0.16804690319530965,0.18718491123109468,0.17508528249147173,0.41292572
0.4301927,0.16615428338457167,0.15623558937413537,0.2329893467010653,0.48494852
0.44731414,0.08236386176361382,0.11841709110502548,0.1212005778799422,0.564933
0.34924713,0.2513640548635945,0.25863981551838894,0.2917523108247689,0.33575273
0.4758326,0.10860337913966207,0.12431952745917166,0.13811655618834437,0.47856092
0.51730156,0.07913901608609838,0.10066155203969313,0.13810993618900638,0.4781003
0.6156234,0.21446151855384812,0.25972498558349916,0.28897397110260287,0.65750855
0.6022079,0.054415369558463045,0.08934444536066673,0.11608900439109955,0.7096155
0.5366332,0.024925825507417447,0.05958441357506481,0.10199259980074,0.51639557
0.09058064,0.608295139170486,0.6601597396095844,0.604733439526656,0.0
0.48517296,0.10370309962969003,0.216692583001555,0.18768118123188185,0.61572796
0.9132366,0.2921630107836989,0.34042915042574906,0.3592070640792936,0.601933
0.27967802,0.1904159909584009,0.23084832385089943,0.28510055148994484,0.41704172
0.42061177,0.0911992408800759,0.108739266524356,0.16663668333633166,0.5316432
0.5091003,0.19845522015447797,0.31929851915791113,0.2406868759313124,0.62328047
0.41638288,0.13570924642907534,0.1715987102959226,0.20526156947384303,0.48217857
0.3176762,0.3720716627928337,0.4196488551789313,0.3222422277757772,0.331312
0.55712813,0.10409791959020803,0.08870280532216832,0.16407255359274464,0.5193787
0.2881434,0.22349155765084422,0.23583008414980505,0.25924907407509257,0.44175237
0.5336343,0.04209160379083962,0.0961025717661543,0.12506566749343326,0.6070335
0.50961053,0.1212473678752632,0.1631529397891764,0.18394683160531683,0.6490163
0.49664906,0.18101228189877178,0.20749391244963475,0.2191225680877432,0.6016245
0.61962116,0.0809548119045188,0.17169694030181643,0.1590082440991756,0.5496192
0.52153623,0.07088913791108621,0.12013471720808304,0.17361484263851573,0.5352288
0.3498178,0.31420582857941715,0.3175885890553154,0.3710115628988437,0.48834205
0.58953404,0.05652579134742086,0.08712274522736473,0.0991556540844346,0.6140404
0.5166453,0.09333308566669143,0.17475374048522443,0.1614248038575196,0.7256435
0.69320667,0.3746232925376707,0.47882386872943217,0.3519697448030255,0.6384685
0.6139023,0.15439315456068453,0.17831654069899244,0.19835339016466097,0.64215153
0.42035577,0.25167233483276646,0.3904862634291758,0.28649685135031483,0.6203415
0.5844031,0.1385632861436714,0.14913458894807533,0.17406062259393773,0.5463212
0.43645483,0.06495433350456664,0.10264054615843278,0.15413688458631153,0.5882722
0.37435603,0.31561368843863113,0.39811774388706467,0.4552548544745145,0.66248655
0.3310185,0.44540028545997146,0.5613254636795278,0.5113049488695051,0.5739964
0.40713978,0.14309675569032443,0.14916861895011715,0.2219875778012422,0.4792524
0.35754856,0.16377831362216863,0.15554988933299338,0.22902271709772828,0.45102382
0.3542942,0.23400593659940633,0.2616193456971607,0.19664095033590495,0.34498626
0.30403826,0.24849051515094847,0.2885335873120153,0.34656336534366344,0.56649035
0.5586518,0.055235350476464946,0.05129140907748454,0.12984661701533828,0.519615
0.54547065,0.13619865638013434,0.15900102954006176,0.19168226083177392,0.6207934
0.73572063,0.22872329712767028,0.24512256470735388,0.26451537354846266,0.58788705
0.34516782,0.3751302324869767,0.44240632654437956,0.45537645446235453,0.53325313
0.4575613,0.09784384621561538,0.13554043813242628,0.10467289953271003,0.4789858
0.39786956,0.24712723528727645,0.283931867035912,0.2706825429317457,0.35242653
0.31432313,0.2659270234072976,0.3086828185209691,0.29182567081743294,0.32227033
0.57007223,0.057425940257405966,0.06876144412568665,0.09614735038526495,0.47392738
0.6519197,0.10769076923092306,0.1107411766444706,0.13934101606589838,0.5852411
0.583847,0.12578923742107623,0.10341022020461321,0.07185169281483071,0.51909953
0.6343603,0.21898991810100818,0.26490785589447136,0.24119028588097138,0.6185943
0.2659065,0.5205442479455751,0.5593502835610171,0.6062164393783561,0.18444896
0.5621141,0.1523738647626135,0.2544557652673459,0.2209642879035712,0.60832435
0.60042906,0.04756435324356467,0.04328999259739956,0.10584999941500005,0.56419116
0.47673705,0.12531585746841425,0.17699958061997484,0.21299604870039512,0.61495304
0.73463404,0.08385106161489383,0.07092234925534095,0.10780115921988408,0.66722673
0.3809179,0.11459590854040914,0.1108850866531052,0.16892440310755966,0.48366272
0.451686,0.1111815188818481,0.10845775050746503,0.17733846226615377,0.47595185
0.6187998,0.08174326182567382,0.10807616148456968,0.13737405626259436,0.50906205
0.43519613,0.35562556443744353,0.36874004212440253,0.36897488310251164,0.45902133
0.5046376,0.05239855676014432,0.06703165402189924,0.12969301703069827,0.52040744
0.59319925,0.1842800515719948,0.1931556915893415,0.18805418119458187,0.5601721
0.64367795,0.07678070232192977,0.0731733183903991,0.10767682323231767,0.5775951
0.6588239,0.026711967328803266,0.05096483505789011,0.0695031830496817,0.6829554
0.43728554,0.1728539627146037,0.20452518227151095,0.24644038535596144,0.4007135
0.3992892,0.24264592573540741,0.29584588775075327,0.3121854387814561,0.5213129
0.5413971,0.2337763366223663,0.275640866538452,0.2798210120178988,0.562744
0.3006113,0.2409693059030694,0.25230301513818093,0.3137504686249531,0.32402152
0.46770394,0.38878011112198885,0.45266482715988965,0.4503222849677715,0.46889108
0.57697386,0.31907276809272317,0.31887841913270515,0.3522736047726395,0.39198655
0.4103419,0.20623064937693505,0.2435438146126289,0.2800404119959588,0.4907931
0.56654,0.07439341256065875,0.07389805443388328,0.10886661911333809,0.5098915
0.58555776,0.09527417047258295,0.14999148899948936,0.1527708847229115,0.62851393
0.289655,0.3293135170686483,0.4010413540624812,0.3542479645752035,0.20065872
0.5203035,0.07303210269678972,0.08051023483061409,0.10948594305140569,0.48374367
0.21380986,0.4230015176998482,0.44726916683615003,0.39947404005259596,0.20938532
0.4587206,0.100709639929036,0.10537374632242477,0.1607058139294186,0.4932143
0.19851597,0.49065005093499486,0.5849438350966302,0.5093984090601591,0.30078316
0.38070592,0.20517194948280504,0.19848407190904432,0.23460379653962032,0.46698463
0.49109343,0.15548999445100056,0.19723941183436472,0.1922676407732359,0.51174307
0.34198615,0.3328196967180303,0.39584829375089764,0.33126833687316626,0.21781796
0.38187864,0.13678760632123935,0.18724052123443127,0.24670324532967544,0.6130383
0.5485236,0.09650018034998196,0.1396991383819483,0.1691101930889807,0.5744035
0.46712238,0.09923192007680798,0.1377627682657661,0.1797813020218698,0.5584567
0.3867739,0.23071599692840028,0.36382534182952053,0.2892249510775049,0.5761474
0.30571648,0.3127760887223911,0.42999669579980176,0.3231029176897082,0.5366714
0.59305704,0.019499419050058094,0.03917685235061114,0.06566857343314265,0.50247246
0.39475727,0.13243515675648432,0.1361700081702005,0.19539801046019895,0.48006022
0.41314766,0.26242822375717756,0.2653862359231742,0.31820448817955116,0.44871026
0.5325217,0.0895726910427309,0.10110450606627036,0.14617095538290445,0.5185085
0.35347968,0.44639329536067046,0.4918815295128918,0.4784865521513447,0.35776514
0.43823716,0.2568427343157266,0.2826579969594798,0.29806217019378295,0.45779783
0.5847554,0.04574575542542446,0.09225124553507473,0.07933520206647979,0.5447166
0.48114863,0.14315266568473342,0.1923360315401619,0.1811571518842848,0.5353031
0.5209023,0.2210680878931912,0.3235141194108472,0.2614455538554446,0.7663113
0.62851214,0.2529566947043305,0.29752476785148607,0.32867499713250026,0.7608804
0.59685713,0.06349926365007363,0.0821234949274097,0.11824862817513718,0.53943235
0.34957808,0.1508757049124295,0.1663848599830916,0.23736069626393036,0.50812644
0.7408736,0.09716197028380295,0.12292445737546745,0.12823961717603827,0.64221424
0.6507698,0.06846656715334329,0.06895524413731464,0.04453837554616245,0.527221
0.7179244,0.1621791237820876,0.17802571068154266,0.19349972065002793,0.7555762
0.3523218,0.2624920037507996,0.266189415971365,0.26884171311582866,0.3250072
0.28851384,0.2884568711543129,0.3027291481637489,0.34833052516694746,0.28783703
0.63407826,0.16307117369288263,0.2978974778738487,0.2552131744786825,0.6436082
0.5367335,0.10413636958636303,0.12628743757724625,0.1419816158018384,0.51423466
0.59271926,0.012808440719155927,0.05123991107439467,0.05054625494537451,0.5234499
0.4418224,0.13470216652978334,0.18206461092387666,0.16412205358779464,0.38431972
0.44019648,0.20641184935881504,0.23065049383902964,0.27418151258184875,0.50359637
0.60752165,0.05463948453605154,0.11534473692068423,0.09692641030735896,0.62651193
0.5135559,0.27788150221184976,0.3612273516736411,0.3876427612357239,0.64965874
0.62656426,0.06761457823854218,0.10021299601277976,0.13908754609124538,0.5285793
0.3754588,0.14893241510675848,0.15356576921394616,0.22506335749366424,0.4465646
0.23972908,0.3827312617268738,0.4315070758904246,0.36885883311411666,0.27707845
0.6844491,0.12084944791505521,0.1312203778732227,0.14401681559831844,0.60150623
0.6390035,0.17413778258622173,0.19035993142159588,0.17925666207433377,0.7111216
0.4173792,0.2099342390065761,0.2486643949198637,0.26719949328005066,0.47460157
0.53654337,0.11876280812371919,0.12692034761522086,0.1807338419266158,0.5125579
0.5309858,0.12644155735584425,0.18015800080948005,0.1698666030133397,0.6919723
0.39200875,0.22817522718247726,0.3104010986240659,0.2870709712929029,0.29096428
0.57490444,0.20324635967536403,0.23167718390063102,0.2521656547834345,0.66881937
0.59009004,0.15446431455356854,0.17394749043684943,0.16660927333907266,0.60834086
0.45992702,0.0910816408918359,0.1085495415129725,0.16455610354438963,0.48144078
0.56677103,0.04796015720398428,0.11446819686809181,0.07854246214575378,0.5170227
0.653818,0.17649407235059275,0.2541046852462811,0.23749497625050237,0.5704111
0.80603135,0.2107477889252211,0.25519951531197094,0.2692640730735927,0.5848424
0.60984564,0.0406482179351782,0.04879731292783878,0.11172677882732211,0.51622427
0.40015638,0.31555360844463914,0.43309029598541776,0.3636040336395966,0.6819161
0.5001096,0.09120347087965291,0.12811354768681285,0.15931312406868758,0.53189534
0.45945704,0.09528466047153394,0.1398158783889527,0.15788255421174457,0.56793314
0.37841347,0.17244864275513572,0.20660288239617294,0.2215581278441872,0.34824985
0.5488783,0.059946561005343894,0.07930002075800124,0.07196679280332072,0.48088396
0.28507376,0.2576547942345206,0.2587635155258109,0.3121202887879711,0.37986562
0.6246994,0.22727644727235527,0.291920617515237,0.21753147824685215,0.4505989
0.47371012,0.09351327064867293,0.13457080807424848,0.1517540348245965,0.46391994
0.66158926,0.2695458530454147,0.2730544363832662,0.2623597737640226,0.7581376
0.41017345,0.19628288037171196,0.21317185279031117,0.2761513323848668,0.58012027
0.275434,0.41735260826473913,0.48947199936832,0.45834030416596955,0.34754163
0.61649746,0.05680319131968086,0.04020768641246119,0.10292984970701502,0.5571004
0.5606321,0.07622280237771976,0.06818753909125234,0.10538359446164056,0.52376765
0.4888971,0.09534534046546594,0.15107742906464575,0.13534097646590235,0.51989484
0.6456497,0.3236174676382532,0.34989198099351887,0.39761486023851395,0.64404225
0.38239217,0.18480904151909583,0.266079015964741,0.24143580585641938,0.4916941
0.51939476,0.035340126465987345,0.07396582443794947,0.09940841005915899,0.56088454
0.0,0.5914260708573928,0.6566504393990263,0.7239413776058622,0.05259216
0.5294926,0.18612970138702986,0.22367281342036882,0.26431885356811463,0.6301936
0.5629069,0.12254013374598662,0.11357102681426161,0.1809966419003358,0.5100315
0.44058603,0.13759793624020636,0.1628913697734822,0.18687747131225285,0.47362822
0.4602983,0.18623550137644984,0.19927559195653552,0.20849952915004707,0.46272373
0.64922565,0.0902369809763019,0.13321528799291726,0.13407109659289032,0.7359203
0.3003419,0.38969838103016186,0.4772427986345679,0.4636294336370566,0.61697316
0.34157023,0.2554607444539255,0.31102569866154195,0.3350068664993133,0.49009037
0.51479185,0.06799485320051468,0.07214102432846146,0.08201097579890242,0.50180244
0.70738107,0.1536272346372765,0.21084381265062876,0.19383971061602892,0.57630384
0.3276552,0.2725140527485947,0.3705140022308402,0.36129316387068355,0.51992273
0.36825207,0.19781388021861196,0.276430316585819,0.2523041747695825,0.47009856
0.31062767,0.3132442686755731,0.3347246200834772,0.3419307658069234,0.38969147
0.59061706,0.15882946411705356,0.2149018728941124,0.16665463333453664,0.49250388
0.47804356,0.36271546372845365,0.38637986318279177,0.3784935621506437,0.43807
0.25406834,0.49077998092200187,0.5262366815742009,0.5910637408936259,0.58553874
0.41918004,0.11168761883123811,0.1643242598594556,0.16047425395257459,0.55669963
0.59022933,0.044806625519337444,0.06241870374512223,0.08721398127860187,0.54587156
0.707499,0.19536365046363494,0.23087252385235144,0.2431580756841924,0.72271484
0.3951413,0.2809565119043488,0.273553866413232,0.30482390951760907,0.41882968
0.5904042,0.2312607768739223,0.3255661895339714,0.28563133143686686,0.48033404
0.47240427,0.09467812453218753,0.1563396293803778,0.16373930362606962,0.5007797
0.3938654,0.13439543656045633,0.16935379016122742,0.16874335312566469,0.46751618
0.5425122,0.007644801535519846,0.043707909622474575,0.09515559048444096,0.55913424
0.32099742,0.3527468947253105,0.40567192434031546,0.3412418658758134,0.3556734
0.60976356,0.09272255572774443,0.11369208182152492,0.15459932454006753,0.4972604
0.26624572,0.5684776931522306,0.5848618350917101,0.5953239804676019,0.4473368
0.33789468,0.24851662514833747,0.3062027183721631,0.2640514135948587,0.40362686
0.35600066,0.4425400357459964,0.4914126694847602,0.3731737926826207,0.39093038
0.6259777,0.06749674325032566,0.07534873952092437,0.10220672977932702,0.54033405
0.5259247,0.0909584369041563,0.0982327818939669,0.11364527363547262,0.6500475
0.3860836,0.4441882855811714,0.47690119861407193,0.4412713758728624,0.39419562
0.6212156,0.07813831218616878,0.07048905422934325,0.08368422763157722,0.6034244
0.5537998,0.01593142540685746,0.054196033251762,0.1107360889263911,0.5861262
0.61697376,0.1490749850925015,0.20511968230718094,0.16613401338659864,0.8186142
0.54277384,0.3137190286280971,0.3540625812437549,0.3346766465323353,0.4350359
0.39262077,0.5678648432135156,0.6952954417177265,0.6008446799155319,0.2982922
0.44522816,0.1695626530437347,0.21720637303238238,0.20731357926864205,0.52780986
0.5183897,0.09942641005735899,0.11591384695483083,0.14617128538287147,0.4467532
0.5192082,0.09813692018630797,0.1603771296226278,0.15396698460330152,0.7408085
0.500649,0.1631050236894976,0.19002060140123608,0.20246598975340102,0.37464422
0.21543749,0.36493926350607364,0.3711707822702469,0.40577717942228203,0.39169174
0.6433915,0.05664866433513356,0.10311046618662797,0.11401145859885414,0.62260276
0.5443886,0.05455248954475104,0.04715717282943037,0.0792238020776198,0.47295648
0.5398379,0.06768848823115117,0.13069412784164766,0.14879484512051547,0.5885316
0.5166297,0.16642750335724965,0.1707968802478128,0.201243679875632,0.5176459
0.47953632,0.14748503525149648,0.14838967890338073,0.202937109706289,0.4661432
0.5652582,0.15627534437246554,0.2505508850330531,0.24518755548124443,0.81865466
0.29103768,0.3718207428179257,0.5137866308271979,0.4141812585818741,0.4300841
0.49865836,0.14634538536546143,0.23808129428487768,0.23914477608552237,0.5108862
0.5429474,0.07608475239152476,0.09036237542174252,0.11913244808675517,0.5599515
0.63277197,0.026452181354781862,0.023633541418012487,0.09793027020697297,0.5720884
0.25684458,0.6163712383628761,0.6606374396382464,0.5524911947508805,0.113731064
0.4078379,0.22215241778475822,0.28107131686427905,0.2710494728950527,0.45375466
0.40928376,0.14618106538189343,0.16404068984244138,0.1836875516312448,0.38550407
0.36497483,0.21208841879115808,0.25668855540131336,0.2811797018820298,0.28555936
0.4390698,0.18453545154645484,0.20929761255785675,0.22990540700945927,0.385824
0.5557388,0.04433920556607944,0.031198115871886953,0.0498547210145279,0.47809172
0.36531073,0.25509627449037253,0.37079390224763414,0.35449334455066556,0.5479459
0.31598982,0.2567722243227775,0.3370440802226448,0.2575901442409856,0.3643419
0.41080222,0.20400757959924204,0.20296634217798054,0.20408633959136602,0.37090546
0.44354588,0.07238640676135931,0.0804955448297327,0.1108671889132811,0.49929214
0.35290936,0.22324497767550222,0.28422333705340025,0.29348037065196286,0.5022435
0.6244805,0.20262349973765,0.26458527587511654,0.2729565727043427,0.5395914
0.53437495,0.09625341537465847,0.08571661014299661,0.16929142307085768,0.47658765
0.5524616,0.053478264652173535,0.04867849092070946,0.1218764978123502,0.49994808
0.35966676,0.3238964076103592,0.3269109896146594,0.3386757661324234,0.29053935
0.5146912,0.06989451301054869,0.10649657638979458,0.1504496149550385,0.57347137
0.5895903,0.29142290085770994,0.3097371685842301,0.3687322331267766,0.55070573
0.0937756,0.6022952397704759,0.6108862366531743,0.6733912726608727,0.41087985
0.46802774,0.24641234535876544,0.2971338778280327,0.29676279032372094,0.46243024
0.5824899,0.25441474455852553,0.3584708815082529,0.3341203665879633,0.6406214
0.46659043,0.17653895234610475,0.20209731212583873,0.15416617458338255,0.47876608
0.45272106,0.1403809359619064,0.15961975957718558,0.20603666939633303,0.5456047
0.65582216,0.10595686940431305,0.17965160077909606,0.16860361313963868,0.59032756
0.57801306,0.10572649942735005,0.1694832801689968,0.17772923222707676,0.6121097
0.36429933,0.21156710884328908,0.23386158403169505,0.24580953541904646,0.4155661
0.28032452,0.38785498121450185,0.40512622430757345,0.4520343547965645,0.25487018
0.38192263,0.202475139752486,0.21759797305587839,0.25576112442388754,0.41223672
0.5556637,0.05610244938975506,0.053724053223443195,0.12737648726235126,0.5228355
0.66775155,0.11728288827171116,0.11810014708600884,0.1612221438777856,0.65245235
0.4343068,0.28909612109038785,0.33268864996131897,0.31188728881127115,0.52346194
0.70824337,0.20644969935503005,0.20718415243104915,0.20756903924309605,0.66294795
0.4609607,0.5663557433644256,0.6227940373676423,0.6341605765839423,0.37425283
0.48436183,0.0711781628821837,0.09429166565749994,0.14500246549975343,0.4914255
0.4101273,0.15805388419461155,0.15843806950628417,0.22134122786587718,0.4227758
0.43100554,0.1317572768242723,0.15328977919738676,0.21086863891313612,0.46297812
0.4327562,0.15658165434183458,0.1949109816946589,0.22744367725563225,0.45508587
0.16893496,1.0,1.0,1.0,0.14757471
0.59382135,0.08196350180364982,0.13014385780863147,0.12354718764528122,0.60251373
0.31193292,0.7243643275635672,0.7211953432717206,0.7160161283983871,0.11021737
0.2452429,0.31720393827960613,0.33923122035387326,0.39687004031299594,0.43006402
0.50715554,0.14275737572426242,0.20792116247526976,0.17790828220917176,0.7691579
0.6533489,0.018373577162642284,0.023066164383969863,0.099867930013207,0.56068933
0.6251375,0.038108732189126776,0.05598149035888943,0.12686599731340026,0.6454807
0.41820776,0.10311056968894301,0.15448815926928955,0.16236768376323163,0.4213305
0.49839115,0.07677247232275276,0.0861422151685329,0.12618805738119426,0.5023424
0.53327763,0.2215189378481062,0.25581873534912414,0.2728844027115597,0.49239874
0.68982476,0.4685298531470147,0.5116023706961423,0.5172370482762951,0.46318316
0.61456436,0.1098460150153985,0.12766328765979726,0.14422990557700943,0.66931385
0.2812116,0.307171279282872,0.3332582199954932,0.34758136524186345,0.43376008
0.47289133,0.19505710049428993,0.24025477441528648,0.21429047857095213,0.5108279
0.48723975,0.3311662668833733,0.34763404085804245,0.3623491637650836,0.34507453
0.63222885,0.23679787632021235,0.3166163189969792,0.30793281920671806,0.47806627
0.3356865,0.1920759807924019,0.21592684295561057,0.2826450717354928,0.40867323
0.22692661,0.43252245674775425,0.4929629895777794,0.39950760004923996,0.2044152
0.5187169,0.30036973996302596,0.3383171202990272,0.23929510607048937,0.6052286
0.32524005,0.297562470243753,0.32706798962407935,0.3646500935349906,0.32394677
0.52338606,0.10382737961726203,0.17235608034136482,0.11720593827940617,0.5895401
0.38229784,0.48679999132000085,0.5755734745344084,0.43196423680357626,0.33677024
0.5954805,0.23902649609735035,0.23023094381385664,0.26872835312716464,0.48014718
0.36456352,0.2870260512973949,0.3502977210178633,0.2739176526082347,0.2254236
0.372711,0.32163416783658316,0.4115368246922095,0.3239198676080132,0.28684285
0.48453957,0.22738779726122024,0.2660453459627208,0.2995480000452,0.49783152
0.479805,0.29461287053871293,0.3330018699801122,0.37001314299868565,0.49307525
0.26180607,0.300517869948213,0.3514175010850501,0.36368586363141364,0.4775083
0.3800284,0.3281513971848603,0.3771389926283396,0.37892456210754377,0.3145411
0.27498668,0.4697945530205447,0.5445620726737244,0.5484045751595424,0.34580886
0.44132465,0.14723272527672746,0.20835943250156594,0.15770818422918156,0.47586823
0.5928143,0.08374520162547983,0.12012124720727484,0.10918708908129109,0.6809579
0.81623816,0.19824941017505898,0.20064361203861675,0.2626830037316996,0.6916762
0.24096368,0.4324634567536543,0.49902286994137224,0.4603276339672366,0.22320378
0.6251961,0.06525599347440064,0.0838157550289453,0.1404696259530374,0.6985554
0.4010071,0.201142259885774,0.23690010421400626,0.2859093714090628,0.4682631
0.34305993,0.22633177736682225,0.3077311184638671,0.2737455126254487,0.33766067
0.623641,0.01677194032280597,0.020880491252829477,0.09733971026602897,0.5822583
0.40414315,0.5117331488266851,0.5838755750325345,0.5582884441711555,0.41488007
0.52017283,0.03919919908008009,0.0706208982372539,0.13624964637503534,0.5077478
0.5113942,0.07124211687578831,0.09903240594194436,0.11551757844824215,0.513765
0.7129586,0.11934544806545519,0.1465533787932027,0.15495671450432852,0.58210385
0.38911593,0.3648532635146736,0.4094174245650455,0.4582090541790945,0.49992698
0.49317977,0.4410720958927904,0.5069448304166898,0.50676209932379,0.35058153
0.49308178,0.1518607848139215,0.19544522172671333,0.2096303490369651,0.5828682
0.52013135,0.12445880755411923,0.18648211118892669,0.18842475115752486,0.48141938
0.3106463,0.4728970927102907,0.5373787022427221,0.49610193038980693,0.3703333
0.6710155,0.11377032462296753,0.15145853908751236,0.1399587560041244,0.543336
0.35957158,0.19725568027443197,0.24031002441860147,0.25374624462537554,0.50426453
0.50239426,0.1821687917831208,0.21385778283146697,0.2542750545724945,0.5172474
0.25730127,0.32885521711447824,0.3362035401722124,0.39649746035025396,0.42363423
0.50248885,0.18347950165204982,0.2764167965850078,0.21274457872554212,0.5925943
0.4982879,0.17959041204095877,0.20576377234582635,0.21403745859625412,0.48269355
0.29293305,0.23489249651075034,0.2686408961184538,0.27847167215283275,0.5113892
0.49841774,0.06643729735627026,0.08227453493647209,0.1382441361755864,0.48196733
0.6099826,0.019883869011613098,0.0107687416461245,0.0806511859348814,0.53781545
0.38152885,0.20007223999277599,0.21441157286469437,0.23910442608955737,0.41361094
0.4531377,0.13363678663632134,0.23196466391787984,0.18330036166996383,0.49239057
0.58847517,0.301869269813073,0.3537544212252653,0.34131296586870336,0.7236329
0.23912676,0.3543134845686515,0.45444652726679163,0.39864083013591695,0.20624413
0.5663178,0.09550746044925394,0.1620043297202598,0.1706218529378147,0.52702653
0.56037855,0.05844261615573838,0.027611137656668262,0.028612283138771684,0.4854467
0.47611222,0.19412691058730894,0.2539167552350053,0.23027083697291628,0.37068552
0.6505315,0.2884491711550829,0.338052950283177,0.31791391820860815,0.6019866
0.49653375,0.15697397430260257,0.1659405099564306,0.18649248135075186,0.4834987
0.63177824,0.03369357663064233,0.04988441299306478,0.07434731256526873,0.5502522
0.41497853,0.23335350666464932,0.2595674555740473,0.3325891167410883,0.6123554
0.47768044,0.0908692709130729,0.10447821626869298,0.09744339025566097,0.48383093
0.36023235,0.3095208990479101,0.4025655041539302,0.3116271188372881,0.30820096
0.52720916,0.1303258669674133,0.17668889060133344,0.1796920120307988,0.5346455
0.47972158,0.405141059485894,0.45519252731155163,0.4811598818840118,0.32052818
0.3744807,0.26069157393084263,0.2989895479393729,0.34171702582829744,0.56099933
0.46680152,0.5975258902474109,0.6238879374332763,0.612400538759946,0.32878488
0.46609217,0.09322264067773593,0.10695741241744475,0.14751015524898445,0.5002278
0.40844914,0.11607708339229166,0.11225408673524521,0.19905428009457196,0.46794212
0.62616515,0.11565984843401515,0.07584330855059851,0.07550256644974335,0.6389257
0.51446396,0.10942138905786108,0.15159112909546774,0.15402336459766353,0.54696107
0.3703776,0.2888506711149329,0.3332466699948002,0.2802214919778508,0.4984238
0.566451,0.3513194848680515,0.4069362544161753,0.40370955962904403,0.7174813
0.35140982,0.17851413214858677,0.15770128946207737,0.24471548552845143,0.47049707
0.46232614,0.10696901930309807,0.20063401203804074,0.202420749757925,0.67574286
0.6276926,0.03713842828615717,0.034492852069571124,0.10618294938170506,0.5845114
0.5152593,0.09641911635808835,0.11417616085056966,0.15782908421709158,0.53948456
0.58767295,0.08423885157611484,0.18099226085953565,0.1817329918267008,0.6321617
0.51177365,0.1209802779019722,0.12775010766500647,0.11350704864929513,0.43647826
0.49222302,0.1828956717104328,0.27259141635548495,0.26304343369565664,0.5294386
0.41472575,0.11351712364828763,0.1870837912250275,0.12433175756682423,0.4643221
0.42106318,0.1719432028056797,0.18438662106319728,0.18573980142601984,0.3766098
0.6490947,0.1215135628486437,0.20493443229606595,0.1310880368911963,0.6199555
