PCA_1,PCA_2,PCA_3,PCA_4,PCA_5,PCA_6,PCA_7,PCA_8,PCA_9,PCA_10,actual
1.2572444364571957,-2.3894571953304036,4.651556193669539,0.09417886191880073,0.5762210018890026,-0.9429227581420143,1.3296794500688596,0.4813702105630727,-0.5134598609831618,0.4616253209258022,2040.0
4.898078994490692,-1.9841141236455595,0.7575197473066088,-0.8419479684048986,0.7773253278550951,0.42854222776253087,1.3455182924000637,0.4802969839966385,-0.42052175604347697,0.5442597244479096,1600.0
1.5590891134667813,-2.0162571095393087,-2.0530859655649163,0.2735568478420298,0.650562391956796,-0.010543349104313553,1.4444330117207824,1.50195726882272,0.09141292129750296,0.27313223767924194,243.0
0.40987256438216546,-4.190174188846891,1.9909790946288075,-1.6076725343594755,0.9526344964777657,-1.2212481969939508,0.2444689454153635,1.5242920187335716,0.7181068100474673,-0.3230137328579926,240.0
-1.1316132319464058,-2.220600683017193,-0.25005370391034415,-1.187643257273093,-0.2347425702228514,0.73679947516493,0.06431961613738385,-1.159358321704886,0.24108595906383226,-0.7591352252856628,33.0
-1.2489158906842082,-3.7710786327012893,2.524911563374727,-2.729303874346705,1.055009499581035,-1.240999831294237,-1.540237953234505,-0.7256946260030278,-0.24245350388925851,0.6176431499800498,43.0
-1.1859440763034697,-2.9772826917342643,-1.4605336887801015,0.6986245497117379,-0.1865580737119043,-0.6380830641257412,-0.2933760202034539,-0.4423910552052464,0.2004016366162791,0.0830094836457075,8.0
-1.7162147833138213,5.344489418037697,2.0449935971189115,-0.5887311791307838,0.34164602696873125,-1.4657278695264773,-0.36758272915578466,0.31392152233550485,-0.634552577661386,-0.6576391553698918,1075.0
-1.3066271103168867,2.2877854693586683,0.25520164843738224,0.6986448335191494,-0.13232213209144697,-0.6338268672295757,0.1954047126668088,-0.8464988893080526,-0.6572639034200514,-0.4604407236022861,423.0
-1.0791738060251346,1.9383953397813813,-1.5660023294596812,-1.7644266803803832,1.885269501452373,0.8659057806929534,-0.06921712836879967,-1.0124089784333343,-0.36780573989926507,-0.509509708572345,321.0
-1.014541738954327,1.946416528025334,-1.5644661467236847,-1.7634767852570574,1.8799329420057151,0.8674263327432885,-0.07529225339980558,-1.0174249139207094,-0.36942802135458375,-0.5072602864737524,218.0
-0.98187680767742,0.6499056885544923,-1.6535796318754379,-0.579689977710495,-0.2572020367616525,1.1028199130084508,-0.4934667575066218,0.12969569225556504,-0.03973272912262294,0.015518986218508913,201.0
-1.3914340641910605,1.6940717792992601,-0.877217654775593,1.2835805847930544,-0.9806563392270313,0.3044398218748036,1.0843151122707646,-0.8413643358918199,-0.739568555533413,0.003947927679022842,79.0
-2.349340782282911,4.280008393385596,2.11533112629254,0.007585105501549319,0.16043084588961884,1.717210267205967,-1.101553111514312,-0.7782633352002614,1.239227246963004,1.3932845828613196,60.0
-2.0999077278936404,3.0241188173724396,1.6482410145611364,3.3888148167735856,-0.7531974800428661,-0.3127326145745241,-1.6745514395693948,0.8203798150803349,0.4471208270545905,-0.9879914944803694,61.0
-1.594855054418657,1.8883290199620595,-0.8475411978882748,0.6326846767374734,2.1961326877572533,-1.2143429908660368,-0.355224512147266,-0.9407220158980335,0.5520274427310023,0.28249594399691097,40.0
-1.6489581624940097,2.324670602189393,-1.757833610062673,-0.6287574868274712,1.8899301405981659,-1.184150124305153,-0.48496530919009084,-0.08116062552690337,0.5188785227550496,0.2526842342022005,9.0
5.679278382816435,0.9548475140052027,2.3526307129569104,-0.1750361142113872,1.6447912072129143,0.6078552879210943,0.8013281621599975,0.22337326494451146,1.0124722745604116,0.4355467693464122,11400.0
21.98564722251476,2.3482699375173515,-0.9772795413390798,1.067443795566853,-0.915012957085484,-0.2716722502050399,-0.9982701598137899,-1.0638970741014202,-0.14115324052882902,0.13777369350658678,6600.0
5.049198413241846,3.04265333704216,1.370803911495727,-1.0658749497412836,0.3993136639019568,0.2110128930048462,0.5162717330216301,1.0546492507525855,1.0008686876180095,-1.7369489376739948,6400.0
4.032854363800993,-0.902930336768677,-0.5669360623359095,1.944540256076289,0.7782112395833297,-1.1669078602788356,0.7882204238169429,0.06664357061693314,1.4113041150122227,0.3082290586017949,2455.0
0.7632814937950957,0.6932420955328785,-0.9007758296911269,0.10376909768355415,0.32311416856405767,1.9856580182231263,-1.3896776267936173,1.9753225277897772,-0.680802414407262,0.04367274863781537,724.0
-0.04028447417437079,0.15516941394252945,-0.6730499298832605,-0.25083437184180546,0.01451331417849079,2.153396870489424,-1.1023272574621452,1.9179395800888954,-0.22031481022896962,-0.3476013764522083,539.0
0.46728831830093415,-2.528271091067663,0.4614411200671742,3.727557701978951,0.04652802921456928,-1.8478114423821053,0.07088699551037514,-1.3531971442845563,-1.1107115568166428,-0.31639713234175704,453.0
-0.5942112416952897,0.054827124801484065,-0.38093453269583155,3.039686226905153,0.8940361656583572,-0.7784657536457639,0.9344563299728005,1.0050747890412168,1.2403611140276343,0.4772085018983021,523.0
-0.6995799752391543,0.07530047699765309,1.291016256155689,0.3846481244743291,-1.093979858499098,0.6206216980917675,0.9974101223841095,0.45223857032416875,-1.5879407337410363,0.6037414705842519,387.0
-1.6854723181423408,0.7249157678295541,-0.3768039376073549,0.6696257392115464,0.3717032665777296,-0.7168126217476858,-1.7940365491543981,-0.15670709696220222,-0.2279379532009188,1.3351447331346114,88.0
-1.391873055716691,1.5654095907443277,1.9584744146988582,0.044246843613773595,0.3761035800213089,-0.06127493121240247,1.9135693749472023,-0.3118251743398526,0.5803548952564622,0.021659227932547,98.0
-1.5556302062199125,-2.290705224972052,1.9999087850834223,3.5923923414364256,0.20251087513625013,1.5076562987952233,-0.7788348516032761,-0.4544279938333792,-0.523222764424926,-0.34078950860494445,7.3
-1.5403661161251272,-2.0876585412961823,1.8162900317948558,3.6661571541543987,0.0837393219169424,1.589518000047121,-0.5211462066019623,-0.36921021766304135,-0.4343556917863102,-0.49337859160374803,5.9
-0.21414341198700482,3.333757781640638,0.4129870190833574,-0.657850521321542,2.2829086596464894,-1.0100366982327622,1.1402321382309397,0.9368827222678096,-1.421653109199023,-0.37267247571296214,1063.0
6.225803515238545,-0.007805375381462602,0.12512401537506274,-1.430771626500189,-1.5541385093220872,0.047483623748482036,1.1324647673038613,0.921776955825321,0.06507708105970902,0.3404868596226698,702.0
-0.639685283707408,2.5416582193300736,-1.7051955215049572,-0.01707711583803843,3.3294758296628673,-0.9134445807712527,0.04764390590171762,0.4690135931660026,-0.6052077011377437,0.27412003210048447,605.0
-1.0789583017562792,-0.8245230719801275,0.9369521585629352,1.619291383821961,0.05931358598226576,0.505318078102712,-1.2596244192732131,1.95571917899446,0.788411254332603,1.2839459973502283,230.0
-1.6947926807609741,0.659067553775813,1.9961322228507767,-2.6169685621697094,-1.5477691913694074,-0.367781618857792,0.0944178517765061,-1.0679596796295896,0.6616797580228336,1.1161402531822415,82.0
-0.833493176304032,-3.838389056121576,-0.2864499801335056,0.3955221991833534,0.745536561026688,-1.1039088822058973,-0.9751331886540463,0.4737291164760301,0.10803373107816204,-0.0864414626659954,55.0
-0.36859951696129584,-0.7784535088239684,-1.0719341808913514,-1.3423396331544373,-1.51371547517968,0.00925144339703413,0.5080762197766777,0.5600043896334715,-1.5459601470619293,-0.5846896435082232,47.0
-1.036044003734764,-1.426848672262006,-2.903564585677532,0.7199980872686148,-0.14934698187405882,-0.24409588299587198,0.1360087899786186,0.12704338212394303,0.6943150301695139,-0.25120308810854264,12.0
-1.4240918021362459,-0.099994857221031,-2.0797171782047634,-0.7490217372527043,-1.0871167217274442,1.1950624972568307,1.4669616871696427,0.061570131453985044,0.4942373663877834,0.8472632707684232,8.0
-1.560035184221645,-0.3221808072703131,-1.0896723550965344,-1.4898508858032549,-1.0564463592068254,-1.0519302135401167,-0.8382878492745824,0.17449176091494079,1.3934637210156282,-0.8549922776157491,8.0
-1.4330671514830502,-1.6962781706866232,-3.118916660215527,-0.3020231940042199,-0.877885464692133,0.12230740548118804,-0.4168299289342401,-0.09256569945955416,-0.37560171341980236,0.061404756338740624,6.0
-0.33848333500275823,-2.0087491590772757,-0.6174233270717215,0.31669752917232724,0.6231750470763423,1.3353090544450128,1.0205884480820453,-0.49118133930991165,0.047865522511712257,-0.26076756532296375,45.0
-0.6730397374142962,-1.5872683968060592,-0.24678023391231496,-0.2153291637386788,1.2275492576562756,1.1275370293752593,0.8166719711918156,-0.5714793497316674,0.2612763660658677,-0.11193149141237577,83.0
-0.6480400283782631,-1.9834771519489587,0.3763802588018167,-0.6848313089408262,1.3127537355513463,0.9380644146970719,0.4926458251040837,-0.7607069943830322,0.2968266689520741,-0.06900268875380723,87.0
-0.5260254042793056,-2.4371697425875567,-0.11700085042534722,-0.0603717530619275,0.8944891318951179,1.060284370143073,0.5564314320935437,-0.5486400854716884,0.11346738404886712,-0.2908337215581486,106.0
0.1423617922394862,-2.0408301649559824,-0.1277267072539479,-0.03592774460882337,0.5603267501326719,1.4416135652751534,0.7464358635505043,-0.7329228129136913,0.04673044120315091,0.3044011668430248,126.0
-1.3655355634147284,0.7517716824154954,-1.4621331433054647,-0.31236442130944475,-2.788960318654001,0.025931363058679966,0.4719468064666951,0.0033722162408907404,1.7922621180079554,-0.9316239377965383,36.0
7.928003087094724,-2.0168361389409926,0.15758174153952584,-1.7541897584556971,-0.7671559848336903,0.3213564200159922,-2.1992984626289793,-0.8103984012767812,-0.7488624031456234,-0.03274044778687699,1272.0
0.2192939246686875,-0.3052872770676185,-1.567009090886705,2.2227630426756395,-1.5347683363871527,-0.8203491672634378,1.1799760538646473,0.25944115067334506,-0.8159852383652074,-0.31633146697312603,156.0
-1.1339279593529843,0.6568939669100096,-0.33318919628855465,0.9161538082085907,0.2952130850618107,-1.5584873036432967,0.14522394774531822,-0.02406551925388152,-0.15940055101273307,0.041315099101510454,176.0
-1.103084305614939,-2.735769808405511,2.865456968593101,-2.4532284114620793,0.5520176064925107,0.24798017412822687,-0.3057349647843213,-0.3810239688177023,0.07698758903343676,-0.5142290770355787,122.0
-1.571080222983499,-0.2983157426277952,2.276881239973716,-1.2757831726381372,-1.7160461337076844,-0.9252656018688337,0.3415928517092305,-0.201662697692217,-0.6314333519552336,-0.8364451541032997,41.0
-1.9801994013708215,2.2489300209917706,1.1926816626019352,0.44917238493526745,-1.8394760519157862,0.41823206775100397,0.8896411075610268,-0.1857454621822905,-0.9903206578619906,0.21123427103623676,14.0
-1.6713078471869027,-0.4493115094745371,-1.0171132722585923,-1.3044254998844378,-1.2909530166773338,-1.0138532574398675,-0.8030987415910213,0.4771323017038206,-0.7842520901680611,1.289818140283231,20.0
-1.1491033715876744,-2.4803617781892897,-1.7142952881945852,-1.9501074922362813,-0.8927922930768344,-0.9268546928688131,-0.8029287523769958,0.8940505811759873,-0.10860571395337666,-0.702909245784886,18.0
-1.3169211749905005,2.124139987285552,0.802177706368967,-0.8566689153357129,-0.2287897460232959,-0.04252098560129141,-0.6486632498862486,-0.06263249909731129,0.7513910837396408,-0.5741786109391376,958.0
-1.7184578408723037,1.551352035260513,2.883262874306252,0.047759460572154196,-0.9594656205360297,0.6399074176793496,-1.4721263285573396,0.7692329021466638,-0.5531399399468346,-0.11712922108910705,237.0
-1.2569589048242071,2.6900102611177696,-2.864177985118799,-0.5807881743213965,1.9118202696514104,0.6424745524813724,-0.20398688181418412,-0.14151320496352413,-0.8834548471448516,0.1991397510688486,130.0
-1.2343924933217783,-0.6925876395635835,-0.6777577545182769,0.45859006414670295,-0.6526454164871209,-1.0299575975139763,-0.8598530239617397,-0.6986207165924346,0.11170631159790526,0.18944728665316804,70.0
-1.767161317936577,1.0814152821604222,1.6253361435062046,0.9137924017064117,-0.7551700240908695,0.5203815831212816,0.0224898937311629,-1.058231106916199,0.9628112113673084,-0.5916694341944531,57.0
-1.0731190383852645,-1.0039274176816146,-2.0685447407595636,0.915256323589765,-0.8279946750176261,0.017478827842829246,-0.42506913496034415,-0.8330100583418447,0.43095345803610874,0.32865789175068894,50.0
-2.0465283987618617,3.4647121744101765,0.6673798085015719,-0.9995020223380395,-2.9773272978719345,-0.24659679286123276,1.2027216394679427,-0.1877507381120508,0.07913020044026967,1.0779459439352346,38.0
-1.5041981399621398,0.29635998631568394,-2.582937223396204,-0.019917949319026223,-1.7226041479399326,-0.35223097172778534,0.10794130921741281,0.3740466842799352,0.1048545273405265,0.08399836836699569,15.0
