size_D,duration_D,app,har,dba,ifc,source,nlan,telonuse,t01,t02,t03,t04,t05,t06,t07,t08,t09,t10,t11,t12,t13,t14,t15,Generated_Var_1,Generated_Var_3,Generated_Var_5,Generated_Var_6,Generated_Var_12,effort_D
0.143335192414947,0.2,0.0,0.0,0.6979651364831616,0.0,0.0,0.0,0.0,1.0,0.5,0.3333333333333333,0.0,0.5,1.0,0.75,0.6666666666666666,0.3333333333333333,0.3333333333333333,0.0,0.6666666666666666,0.5,1.0,0.5,0.7643098,0.494769,1.0,0.09398902,0.9719747,0.0075898020947219
0.1670384829894032,0.24,1.0,0.619852032890937,0.6979651364831616,1.0,1.0,0.6666666666666666,0.0,0.75,0.5,1.0,0.3333333333333333,0.5,0.6666666666666666,0.75,1.0,0.6666666666666666,1.0,0.6666666666666666,0.6666666666666666,0.75,0.75,1.0,0.2751507,0.50470597,0.6350481,0.7067606,0.24919315,0.1154790765476699
0.0228667038482989,0.02,1.0,0.619852032890937,0.6979651364831616,1.0,1.0,0.6666666666666666,0.0,0.25,0.5,0.3333333333333333,0.3333333333333333,0.5,0.6666666666666666,0.25,0.0,0.6666666666666666,0.3333333333333333,0.6666666666666666,0.6666666666666666,0.75,0.75,0.75,0.7891187,0.17455004,0.17808917,0.54820484,0.5355628,0.0041514157595347
0.0574456218627997,0.08,0.0,0.619852032890937,0.6979651364831616,1.0,1.0,0.3333333333333333,0.0,0.5,0.5,0.0,0.3333333333333333,0.5,1.0,0.25,0.3333333333333333,0.6666666666666666,1.0,0.6666666666666666,0.3333333333333333,0.25,0.5,0.5,0.88271785,0.0895479,0.282763,0.35480487,0.63164943,0.0276813867630048
0.2810931399888455,0.24,0.8795232095320975,0.619852032890937,0.6979651364831616,1.0,1.0,0.6666666666666666,0.0,0.25,0.25,0.6666666666666666,0.0,0.25,0.0,0.5,1.0,0.6666666666666666,0.6666666666666666,1.0,0.6666666666666666,0.5,0.25,0.5,0.6106279,0.11334736,0.45012048,0.53078103,0.31835836,0.3278192391183787
0.0934188510875627,0.16,1.0,0.619852032890937,0.6979651364831616,1.0,1.0,0.3333333333333333,0.0,0.5,0.5,0.3333333333333333,0.6666666666666666,0.5,0.6666666666666666,0.75,0.3333333333333333,0.6666666666666666,0.6666666666666666,0.3333333333333333,0.6666666666666666,1.0,0.75,0.75,0.5882099,0.17550105,0.23244648,0.68876827,0.3201509,0.0576920029788784
0.0828220858895705,0.16,1.0,1.0,0.6979651364831616,1.0,1.0,1.0,1.0,0.25,0.5,0.3333333333333333,0.3333333333333333,0.5,0.6666666666666666,0.25,0.0,0.6666666666666666,0.6666666666666666,0.6666666666666666,0.6666666666666666,0.75,1.0,0.75,0.5034381,0.80188745,0.39180946,0.6233662,0.6275461,0.035540555529147
0.0448968209704406,0.46,1.0,0.619852032890937,0.6979651364831616,1.0,1.0,0.3333333333333333,0.0,0.75,0.5,1.0,0.6666666666666666,0.5,0.3333333333333333,0.5,1.0,1.0,1.0,0.3333333333333333,0.6666666666666666,0.75,0.25,0.5,0.36323074,0.4404521,0.4628005,0.7026223,0.24159743,0.1067484273739918
0.0886781929726715,0.4,1.0,0.619852032890937,0.6979651364831616,1.0,1.0,0.0,0.0,0.25,0.5,0.3333333333333333,0.0,0.25,0.3333333333333333,0.75,1.0,0.6666666666666666,0.3333333333333333,0.3333333333333333,0.3333333333333333,0.5,0.25,0.5,0.7225786,0.13334957,0.52091706,0.35267568,0.56364155,0.1353488298394891
0.3159509202453988,1.0,1.0,0.8249376887731341,1.0,1.0,0.0,0.3333333333333333,0.0,0.75,0.5,0.3333333333333333,0.0,0.0,0.3333333333333333,0.75,1.0,0.3333333333333333,0.0,0.0,0.0,0.5,0.75,0.25,0.63960385,0.86742795,0.47288784,0.44602966,0.8175325,0.1793189776742564
0.0370886781929726,0.18,0.0,0.619852032890937,0.6979651364831616,1.0,1.0,0.3333333333333333,0.0,0.25,0.5,0.0,0.3333333333333333,0.5,0.6666666666666666,0.25,1.0,0.3333333333333333,0.6666666666666666,0.0,0.3333333333333333,0.25,0.5,0.5,0.7581574,0.18864295,0.4705329,0.3677033,0.62708694,0.0588962304511099
0.1926938092582264,0.34,1.0,0.0991880356339056,0.6979651364831616,1.0,0.0,0.0,0.0,1.0,0.5,0.6666666666666666,0.0,0.5,0.0,0.5,0.3333333333333333,0.3333333333333333,0.0,0.0,0.0,0.0,0.0,0.25,0.85921735,0.53583294,0.6506264,0.24881805,0.8691326,0.0565194657032846
0.0167317345231455,0.06,0.8795232095320975,0.0,0.6979651364831616,1.0,1.0,0.3333333333333333,0.0,0.25,0.25,0.0,0.6666666666666666,0.5,0.6666666666666666,0.0,0.6666666666666666,0.6666666666666666,0.3333333333333333,0.6666666666666666,0.6666666666666666,0.0,1.0,0.0,0.8543517,0.21872859,0.041046266,0.5136264,0.5378831,0.0050228961670707
0.0,0.12,0.8795232095320975,0.0991880356339056,0.6979651364831616,1.0,1.0,0.6666666666666666,0.0,0.25,0.5,0.3333333333333333,0.6666666666666666,0.25,0.3333333333333333,0.25,0.6666666666666666,0.6666666666666666,0.3333333333333333,1.0,0.3333333333333333,0.5,0.75,0.25,0.79750454,0.19427733,0.2547679,0.50576997,0.54836,0.0
0.0560513106525376,0.3,0.0,0.619852032890937,0.6979651364831616,1.0,1.0,0.3333333333333333,0.0,0.25,0.5,0.0,0.6666666666666666,0.5,0.6666666666666666,0.5,1.0,0.6666666666666666,0.3333333333333333,0.3333333333333333,0.6666666666666666,0.25,0.75,0.5,0.8229864,0.11869532,0.34090003,0.37403503,0.63127655,0.0314049848679311
0.0900725041829336,0.14,1.0,0.619852032890937,0.6979651364831616,1.0,1.0,0.3333333333333333,0.0,0.5,0.75,0.3333333333333333,0.3333333333333333,0.5,0.6666666666666666,0.5,0.3333333333333333,1.0,1.0,0.0,0.6666666666666666,0.5,0.5,0.5,0.5764372,0.39424163,0.37752873,0.5499344,0.439221,0.0548874205764446
0.0454545454545454,0.18,1.0,0.619852032890937,0.6979651364831616,1.0,1.0,0.0,0.0,0.25,0.5,0.0,0.6666666666666666,0.5,0.6666666666666666,0.75,0.6666666666666666,0.6666666666666666,0.3333333333333333,0.0,0.6666666666666666,0.5,0.5,0.5,0.6927709,0.2178576,0.25007275,0.5497222,0.47685412,0.0148468571247484
0.5022308979364194,0.56,1.0,0.619852032890937,0.6979651364831616,1.0,1.0,1.0,1.0,0.75,0.0,0.3333333333333333,0.3333333333333333,0.5,1.0,0.75,1.0,0.6666666666666666,0.6666666666666666,0.6666666666666666,0.6666666666666666,0.5,0.5,0.75,0.18618864,0.93716955,0.45245668,0.80659133,0.2811687,0.4013088051211357
0.6787506971556051,0.68,1.0,0.619852032890937,0.6979651364831616,1.0,1.0,1.0,1.0,0.75,0.5,0.6666666666666666,0.3333333333333333,0.75,1.0,1.0,0.6666666666666666,1.0,0.6666666666666666,1.0,1.0,0.5,0.0,0.75,0.0,0.95215356,0.48186186,1.0,0.0,0.5815626435962035
0.1076408254322364,0.72,0.8795232095320975,1.0,0.6979651364831616,1.0,1.0,1.0,0.0,0.5,0.25,0.3333333333333333,0.3333333333333333,0.5,0.3333333333333333,0.75,1.0,0.6666666666666666,0.6666666666666666,0.6666666666666666,0.6666666666666666,0.75,0.25,0.5,0.46771038,0.24663557,0.26343083,0.766843,0.19948666,0.2292627275752246
0.0680423870607919,0.5,1.0,0.619852032890937,0.6979651364831616,1.0,1.0,0.6666666666666666,0.0,0.75,0.5,0.6666666666666666,0.6666666666666666,0.75,0.3333333333333333,0.5,0.6666666666666666,1.0,1.0,0.3333333333333333,0.6666666666666666,0.75,0.25,0.5,0.42418063,0.33030185,0.2675596,0.79085195,0.17776161,0.1656763480217394
0.8103736754043502,0.2,0.8795232095320975,1.0,0.6979651364831616,1.0,1.0,1.0,0.0,0.75,0.75,0.0,0.3333333333333333,0.5,0.6666666666666666,0.75,0.3333333333333333,0.6666666666666666,0.6666666666666666,1.0,0.3333333333333333,0.25,0.5,0.5,0.5931269,0.56967753,0.0,0.7564635,0.42006066,0.2838966265785679
0.071388733965421,0.2,1.0,1.0,0.6979651364831616,1.0,1.0,0.0,0.0,0.75,0.5,0.0,0.6666666666666666,0.5,0.6666666666666666,0.75,0.6666666666666666,1.0,0.6666666666666666,0.3333333333333333,0.6666666666666666,0.25,0.75,0.5,0.7416401,0.44259664,0.28667828,0.4370157,0.6775814,0.1392150338292849
0.0850529838259899,0.48,1.0,0.0991880356339056,0.6979651364831616,1.0,0.0,0.0,0.0,0.75,0.5,0.0,0.3333333333333333,0.25,0.6666666666666666,0.25,0.6666666666666666,0.6666666666666666,0.6666666666666666,0.0,0.0,0.5,0.5,0.5,0.82576406,0.40653566,0.34764698,0.3564161,0.77467364,0.1045934940026302
0.1447295036252091,0.24,1.0,0.619852032890937,0.6979651364831616,1.0,1.0,1.0,1.0,0.25,0.25,0.0,0.6666666666666666,0.5,0.6666666666666666,0.75,0.6666666666666666,1.0,1.0,1.0,0.6666666666666666,0.25,0.25,0.75,0.42283663,0.477327,0.30632824,0.73754305,0.23186812,0.1562960498169891
0.1168432794199665,0.18,1.0,0.619852032890937,0.6979651364831616,1.0,1.0,0.6666666666666666,1.0,0.75,0.5,0.6666666666666666,0.3333333333333333,0.5,0.6666666666666666,0.5,0.3333333333333333,0.6666666666666666,0.6666666666666666,0.3333333333333333,0.3333333333333333,0.25,0.5,0.5,0.4288299,0.8772346,0.4694575,0.5596446,0.614395,0.071572309106178
0.9258226436140546,0.82,1.0,0.619852032890937,0.6979651364831616,1.0,1.0,0.6666666666666666,0.0,0.75,0.5,0.3333333333333333,0.6666666666666666,0.5,0.6666666666666666,0.75,1.0,0.6666666666666666,0.6666666666666666,0.6666666666666666,0.6666666666666666,0.75,0.25,0.75,0.25221217,0.692951,0.18227458,0.95601374,0.0684547,1.0
0.0571667596207473,0.0,0.8795232095320975,0.619852032890937,0.6979651364831616,1.0,1.0,0.3333333333333333,1.0,0.5,0.5,0.3333333333333333,0.6666666666666666,0.5,1.0,0.25,0.6666666666666666,0.6666666666666666,0.3333333333333333,0.0,0.6666666666666666,0.75,0.25,0.75,0.41416702,0.87654954,0.32503682,0.67181736,0.51702976,0.0169225650045158
0.041271611823759,0.12,0.2389808690832257,1.0,0.6979651364831616,1.0,1.0,0.6666666666666666,1.0,0.0,0.75,0.0,0.3333333333333333,0.5,1.0,0.25,0.3333333333333333,0.0,0.3333333333333333,0.0,0.6666666666666666,0.25,0.75,0.5,0.51473784,0.89641374,0.43193385,0.5477571,0.7576281,0.01373770024243
0.0382041271611823,0.16,0.0,0.619852032890937,0.6979651364831616,1.0,1.0,1.0,0.0,0.5,0.75,0.0,0.3333333333333333,0.5,1.0,0.5,1.0,0.3333333333333333,0.3333333333333333,0.3333333333333333,0.6666666666666666,0.75,1.0,0.5,0.56690824,0.28999615,0.2778458,0.64829534,0.39133528,0.0184120042464863
0.0945343000557724,0.04,0.8795232095320975,0.619852032890937,0.6979651364831616,1.0,1.0,0.3333333333333333,0.0,0.25,0.75,0.3333333333333333,0.0,0.25,0.3333333333333333,0.5,0.6666666666666666,1.0,0.6666666666666666,0.6666666666666666,0.6666666666666666,0.5,0.5,0.75,0.7430935,0.10226738,0.5291318,0.39093408,0.5686659,0.0192517944573846
0.1065253764640267,0.48,0.3801766679984392,0.619852032890937,0.6979651364831616,1.0,1.0,0.3333333333333333,0.0,0.0,0.5,0.3333333333333333,0.3333333333333333,0.5,0.3333333333333333,0.75,1.0,0.3333333333333333,0.0,0.3333333333333333,0.3333333333333333,0.5,0.75,0.5,0.7678019,0.0045075244,0.35762504,0.4445515,0.5501547,0.0376162634089144
0.0435025097601784,0.04,1.0,0.619852032890937,0.6979651364831616,1.0,1.0,0.3333333333333333,0.0,0.5,0.75,0.0,0.3333333333333333,0.5,0.6666666666666666,0.5,0.6666666666666666,0.3333333333333333,0.6666666666666666,0.0,0.6666666666666666,0.5,0.5,0.5,0.5460243,0.36202556,0.25214332,0.67151934,0.35118064,0.0060211373611573
0.0064138315672058,0.04,1.0,0.619852032890937,0.6979651364831616,1.0,1.0,0.0,0.0,0.5,0.5,0.3333333333333333,0.6666666666666666,0.5,0.6666666666666666,0.25,0.3333333333333333,0.6666666666666666,0.0,0.3333333333333333,0.6666666666666666,0.25,0.75,0.5,0.9054199,0.40849772,0.11689358,0.3987008,0.79944426,0.0102993139072427
0.2208588957055214,0.04,0.0,1.0,0.6979651364831616,0.0,0.0,0.6666666666666666,0.0,0.75,0.25,0.6666666666666666,0.3333333333333333,1.0,0.6666666666666666,0.75,1.0,1.0,0.6666666666666666,0.3333333333333333,1.0,0.75,0.75,1.0,0.61911654,0.3801102,0.7683002,0.24683844,0.7532816,0.0421004262331447
0.4461795872838817,0.14,1.0,1.0,0.6979651364831616,0.0,0.0,1.0,0.0,0.75,0.25,0.6666666666666666,0.3333333333333333,1.0,0.6666666666666666,1.0,0.3333333333333333,1.0,1.0,0.6666666666666666,1.0,0.5,0.75,1.0,0.42094925,0.7076139,0.8964423,0.44974703,0.6923794,0.1492132908684698
0.2752370329057446,0.08,1.0,1.0,0.6979651364831616,0.0,0.0,1.0,0.0,0.75,0.25,0.6666666666666666,0.3333333333333333,1.0,0.6666666666666666,1.0,0.3333333333333333,1.0,1.0,0.6666666666666666,1.0,0.5,0.75,1.0,0.44211602,0.64746326,0.9164072,0.43016818,0.70978206,0.0985089762481976
0.139431121026213,0.36,0.8795232095320975,0.619852032890937,0.6979651364831616,1.0,1.0,0.0,0.0,0.5,0.5,0.6666666666666666,0.0,0.5,0.3333333333333333,0.5,0.6666666666666666,0.3333333333333333,0.3333333333333333,0.3333333333333333,0.6666666666666666,0.75,0.5,0.5,0.63367087,0.2378542,0.4859242,0.46863323,0.4709307,0.0517659362076341
0.5593976575571667,0.54,0.8795232095320975,1.0,0.6979651364831616,1.0,1.0,0.6666666666666666,1.0,0.75,0.5,0.6666666666666666,0.6666666666666666,0.75,0.6666666666666666,0.5,0.6666666666666666,0.6666666666666666,0.6666666666666666,1.0,1.0,0.75,0.5,0.75,0.18406165,1.0,0.28538388,0.91191375,0.23667146,0.2125936841438101
0.0708310094813162,0.44,0.3801766679984392,0.619852032890937,0.6979651364831616,1.0,1.0,0.3333333333333333,0.0,0.25,0.5,0.0,0.6666666666666666,0.5,0.6666666666666666,0.5,0.6666666666666666,0.3333333333333333,0.3333333333333333,0.3333333333333333,0.3333333333333333,0.25,0.75,0.5,0.8293725,0.20143017,0.182949,0.45725855,0.62977517,0.0824578916512177
0.3134411600669269,0.36,0.8795232095320975,1.0,0.6979651364831616,1.0,1.0,0.6666666666666666,1.0,0.75,0.25,0.0,0.3333333333333333,0.75,1.0,0.75,0.0,0.6666666666666666,0.0,0.6666666666666666,0.3333333333333333,0.75,0.5,0.75,0.69092023,0.7446874,0.13802844,0.5722508,0.7187982,0.1444597613728193
0.0571667596207473,0.06,0.0,0.0991880356339056,0.6979651364831616,0.0,1.0,0.0,0.0,0.5,0.5,0.3333333333333333,0.0,0.25,0.6666666666666666,0.5,0.3333333333333333,0.6666666666666666,0.3333333333333333,0.3333333333333333,0.6666666666666666,0.75,0.75,0.5,1.0,0.023382237,0.78173095,0.0,1.0,0.0081919158308377
0.0499163413273842,0.2,1.0,0.619852032890937,0.6979651364831616,1.0,1.0,0.3333333333333333,0.0,0.5,0.75,0.0,0.6666666666666666,0.5,0.6666666666666666,0.5,0.3333333333333333,1.0,1.0,0.3333333333333333,0.3333333333333333,0.25,0.5,0.5,0.73274636,0.3185963,0.14435406,0.5608337,0.5149677,0.0791462661025811
0.0030674846625766,0.04,1.0,0.619852032890937,0.6979651364831616,1.0,1.0,0.6666666666666666,0.0,0.75,0.5,0.3333333333333333,0.3333333333333333,0.5,0.6666666666666666,0.25,0.3333333333333333,0.6666666666666666,0.3333333333333333,0.3333333333333333,0.6666666666666666,0.5,0.5,0.5,0.72931033,0.4161114,0.121823125,0.5639782,0.5747749,0.0075581118980843
0.0699944227551589,0.04,0.0,0.619852032890937,0.6979651364831616,1.0,1.0,1.0,1.0,0.5,0.5,0.6666666666666666,0.6666666666666666,0.75,1.0,0.5,0.6666666666666666,0.6666666666666666,0.3333333333333333,1.0,0.6666666666666666,0.5,0.25,0.5,0.3885341,0.592374,0.38625932,0.7037898,0.3527264,0.0744085817052494
0.1042944785276073,0.22,0.8795232095320975,0.619852032890937,0.6979651364831616,1.0,1.0,0.0,0.0,0.5,0.5,0.3333333333333333,0.6666666666666666,0.5,0.6666666666666666,0.5,0.3333333333333333,1.0,0.3333333333333333,0.6666666666666666,0.6666666666666666,0.5,0.25,0.75,0.83837754,0.14078179,0.16747619,0.46459204,0.569503,0.1193769707341034
0.2816508644729503,0.1,1.0,0.0991880356339056,0.6979651364831616,1.0,0.0,0.6666666666666666,0.0,0.75,0.75,0.3333333333333333,1.0,0.75,1.0,1.0,0.3333333333333333,0.6666666666666666,0.6666666666666666,0.3333333333333333,1.0,0.25,0.75,0.75,0.34696195,0.59375113,0.5099548,0.75002277,0.351183,0.1287731140371726
0.0047406581148912,0.1,0.0,0.0991880356339056,0.0,1.0,1.0,0.6666666666666666,0.0,0.75,0.25,0.0,0.3333333333333333,0.5,0.3333333333333333,0.75,0.6666666666666666,0.6666666666666666,0.6666666666666666,0.3333333333333333,0.6666666666666666,0.75,1.0,0.5,0.94606286,0.0,0.83471656,0.16221634,0.9466336,0.0033750059419118
0.0953708867819297,0.44,0.8795232095320975,1.0,0.6979651364831616,1.0,1.0,0.6666666666666666,0.0,1.0,1.0,0.3333333333333333,0.3333333333333333,0.25,0.6666666666666666,0.75,1.0,1.0,0.6666666666666666,0.6666666666666666,0.6666666666666666,0.5,0.75,0.75,0.5073771,0.5802142,0.35872203,0.6052305,0.51240927,0.1654228264486381
0.0404350250976017,0.18,1.0,0.619852032890937,0.6979651364831616,1.0,1.0,0.3333333333333333,0.0,0.75,0.75,0.0,0.3333333333333333,0.75,0.6666666666666666,0.25,0.0,0.3333333333333333,0.3333333333333333,0.3333333333333333,0.3333333333333333,0.25,0.75,0.75,0.9171931,0.33947068,0.04602034,0.46300647,0.7201851,0.0185704552296747
0.4121583937534858,0.48,0.0,0.619852032890937,0.6979651364831616,1.0,1.0,1.0,1.0,0.75,0.5,0.0,0.3333333333333333,0.5,0.6666666666666666,0.5,0.3333333333333333,0.6666666666666666,0.3333333333333333,0.6666666666666666,0.6666666666666666,0.75,0.5,0.5,0.63127655,0.56435937,0.30272105,0.52361304,0.60217565,0.0847395858091299
0.1469604015616285,0.18,0.8795232095320975,1.0,0.6979651364831616,1.0,1.0,0.3333333333333333,1.0,0.25,0.5,0.3333333333333333,0.3333333333333333,0.5,0.6666666666666666,0.75,0.0,0.6666666666666666,0.3333333333333333,0.6666666666666666,0.6666666666666666,0.25,0.5,0.5,0.6201764,0.61404747,0.40217668,0.47175586,0.66218394,0.0613680657888482
0.1285554935861684,0.18,1.0,0.619852032890937,0.6979651364831616,1.0,1.0,0.0,0.0,0.25,0.5,0.3333333333333333,0.6666666666666666,0.5,0.6666666666666666,0.5,0.6666666666666666,0.6666666666666666,0.3333333333333333,0.0,0.6666666666666666,0.75,0.25,0.5,0.5921369,0.29449087,0.21897951,0.6597468,0.3794075,0.0478046616279254
0.1491912994980479,0.16,0.3801766679984392,0.619852032890937,0.6979651364831616,1.0,1.0,0.6666666666666666,0.0,0.0,0.75,0.6666666666666666,0.0,0.5,0.6666666666666666,0.25,0.3333333333333333,0.0,0.0,0.0,0.6666666666666666,1.0,0.5,0.5,0.5409583,0.26157886,0.4185915,0.65659,0.44017148,0.0629684207190505
0.0744562186279977,0.2,0.8795232095320975,0.619852032890937,0.6979651364831616,1.0,1.0,0.3333333333333333,0.0,0.75,0.5,1.0,0.3333333333333333,0.5,0.6666666666666666,0.75,1.0,0.6666666666666666,0.3333333333333333,0.3333333333333333,0.6666666666666666,0.5,0.5,0.5,0.42676362,0.5138907,0.56769335,0.55672884,0.43921813,0.1294386081665636
0.0250976017847183,0.16,0.8795232095320975,0.619852032890937,0.6979651364831616,1.0,1.0,0.3333333333333333,0.0,0.5,0.75,1.0,0.3333333333333333,0.5,0.6666666666666666,0.5,0.3333333333333333,0.6666666666666666,0.6666666666666666,0.0,0.6666666666666666,0.75,0.5,0.5,0.43850622,0.41420233,0.46268556,0.63356787,0.36637673,0.0452694458969117
0.058282208588957,0.1,1.0,1.0,0.6979651364831616,1.0,1.0,0.6666666666666666,0.0,0.5,0.75,0.3333333333333333,0.3333333333333333,0.5,0.6666666666666666,0.5,0.6666666666666666,0.6666666666666666,0.6666666666666666,0.6666666666666666,0.6666666666666666,0.75,0.75,0.5,0.50046265,0.39287993,0.1798146,0.76277816,0.3087992,0.0221514474497314
0.1045733407696598,0.52,1.0,0.619852032890937,0.6979651364831616,1.0,1.0,0.0,0.0,0.25,0.5,0.3333333333333333,0.0,0.25,0.3333333333333333,0.75,1.0,0.6666666666666666,0.3333333333333333,0.3333333333333333,0.6666666666666666,0.75,0.25,0.5,0.6320906,0.14919752,0.5331937,0.456884,0.4148809,0.2078401546481595
0.1246514221974344,0.32,0.3801766679984392,0.0991880356339056,0.6979651364831616,1.0,0.0,0.6666666666666666,0.0,0.75,0.25,0.6666666666666666,0.3333333333333333,0.5,0.6666666666666666,0.5,0.3333333333333333,1.0,0.3333333333333333,0.3333333333333333,0.6666666666666666,0.5,0.75,0.75,0.83212316,0.23711206,0.6089746,0.20433274,0.8104854,0.1033417312354423
0.1600669269380925,0.24,0.8795232095320975,1.0,0.6979651364831616,1.0,1.0,1.0,1.0,0.25,0.5,0.3333333333333333,0.6666666666666666,0.5,0.6666666666666666,0.5,0.6666666666666666,0.6666666666666666,0.3333333333333333,0.6666666666666666,0.3333333333333333,0.25,0.75,0.5,0.47764057,0.90809816,0.22564721,0.66827464,0.60169095,0.0987624978212989
0.0435025097601784,0.16,0.0,0.619852032890937,0.6979651364831616,1.0,1.0,0.3333333333333333,1.0,0.5,0.5,0.3333333333333333,0.3333333333333333,0.5,1.0,0.75,1.0,1.0,1.0,1.0,0.6666666666666666,0.5,0.25,0.5,0.40709424,0.46326137,0.7137539,0.47668126,0.40389612,0.0639666619131371
0.158393753485778,0.22,0.8795232095320975,1.0,0.6979651364831616,1.0,1.0,1.0,1.0,0.25,0.5,0.0,0.3333333333333333,0.5,0.3333333333333333,0.5,1.0,1.0,0.6666666666666666,1.0,1.0,0.0,1.0,0.75,0.4848299,0.6535865,0.51541215,0.55608,0.5561799,0.1088241352537592
1.0,0.58,0.8795232095320975,1.0,0.6979651364831616,1.0,1.0,0.6666666666666666,0.0,0.25,0.75,0.3333333333333333,0.3333333333333333,0.5,0.6666666666666666,0.75,0.3333333333333333,1.0,1.0,1.0,0.6666666666666666,0.75,1.0,0.75,0.39909706,0.5952068,0.42283952,0.7506205,0.33481812,0.6163109442094088
