AFP,Added,N_effort,Generated_Var_2,Generated_Var_3,Effort
0.0901250785310411,0.1106038291605301,0.1366392496656835,0.90708065,0.013549804,0.1367183206945818
0.0143354846079159,0.0037555228276877,0.0754547619483778,0.91598,0.038851567,0.075539436568121
0.0081672282825975,0.0120029455081001,0.0116690175676418,0.95597893,0.036797065,0.0117595340147268
0.0138785767319664,0.005081001472754,0.070893403432926,0.93837404,0.04086506,0.0588343041359856
0.0161631161117139,0.0,0.0655077030170913,0.940824,0.035921935,0.0543649485291424
0.0042263978525329,0.0,0.0288519665134001,0.9417024,0.04123554,0.0239403597464922
0.0039979439145582,0.0,0.0348971404495411,0.9340227,0.042211182,0.0289592262886031
0.0050259866354446,0.0088365243004418,0.0206451849273663,0.9413669,0.04001678,0.0207348792907645
0.0061111428408247,0.0059646539027982,0.0268735459524812,0.9493619,0.038944032,0.0222918269406894
0.0024558798332286,0.0,0.0738610342743043,0.813065,0.03508611,0.0612887863135143
0.0260437489291221,0.0338733431516936,0.1862829507776291,0.86935693,0.034340046,0.1863574751804227
0.0033125821006339,0.001840942562592,0.0370404293905365,0.9208646,0.044095304,0.030735978312635
0.0108515620538009,0.0157584683357879,0.0550110828188829,0.9271143,0.041736167,0.0478807194929845
0.009537951910446,0.0123711340206185,0.0607631574126655,0.8940317,0.0331298,0.0608491775653002
0.0218173510765891,0.0027982326951399,0.0143435490666617,0.9581921,0.037531212,0.0119060702641315
0.0145068250613969,0.012960235640648,0.0161204638297092,0.9645346,0.036635038,0.0162105725903945
0.0018847449882917,0.0038291605301914,0.0451556174320833,0.81259906,0.034986604,0.0452430670037
0.0103375406933577,0.0117820324005891,0.0208833281430324,0.9485664,0.038300104,0.0209730006960471
0.0134787823405105,0.0013991163475699,0.0641337998497866,0.9188717,0.0433049,0.0642195113016082
0.0038837169455708,0.0,0.009049442195314,0.962047,0.040295415,0.0075099827819906
0.0197612656348163,0.0,0.0194911062668303,0.956925,0.03880901,0.0161739385280433
0.1797361357016391,0.002061855670103,0.2001502134129586,0.6622517,0.110709675,0.1660988387002234
0.0021131989262664,0.002061855670103,0.0057337558848852,0.9533006,0.040045332,0.0058248159138366
0.0026843337712033,0.0039027982326951,0.0048544578578101,0.9941013,0.02910405,0.0049455984174085
0.0055400079958878,0.0025773195876288,0.0767370715711956,0.881797,0.03760395,0.0636883173975162
0.0035410360386087,0.0022827687776141,0.0048544578578101,0.96019673,0.04162552,0.0040297468586291
0.0169627048946256,0.0225331369661266,0.037571671948561,0.916841,0.037952296,0.037659816097007
0.0134216688560169,0.0179675994108983,0.0029309934235835,1.0,0.029960454,0.0030223101439718
0.0050831001199383,0.0083946980854197,0.0650680540035538,0.88373303,0.035544954,0.0539986079056306
0.0183905420069678,0.0229749631811487,0.0066680100386524,0.9650861,0.037460104,0.0055317434150272
0.0052544405734193,0.0082474226804123,0.0068695158365238,0.9595117,0.037107345,0.006960471846723
0.010451767662345,0.014580265095729,0.0388356628624814,0.93040603,0.04137389,0.0322196578378576
0.0029127877091781,0.0028718703976435,0.0080602319148546,0.950648,0.038613092,0.0081510788731362
0.0097664058484208,0.0112665684830633,0.0122552162523585,0.9624494,0.036759615,0.0123456790123456
0.006225369809812,0.0027982326951399,0.0122185788345637,0.9579204,0.04092766,0.0101293182400996
0.003655263007596,0.000441826215022,0.0261591163054827,0.9383217,0.04239704,0.0217056819430706
0.0076532069221543,0.0010309278350515,0.0245653886314092,0.954023,0.03909422,0.0203868556984283
0.1245645096807356,0.1343888070692194,0.3051713715217351,0.8216376,0.010942832,0.2654870498589589
0.0,0.0003681885125184,0.0038102914506585,0.9184674,0.046493437,0.0039015276404
0.0110800159917756,0.01480117820324,0.027276557548224,0.9451665,0.040680442,0.0226398505330256
0.0087383631275344,0.011561119293078,0.0315631354302148,0.93353873,0.04149591,0.0316518298714144
0.0099377463019018,0.0133284241531664,0.0328454450530326,0.9468454,0.0394818,0.0272557423892735
0.0028556742246844,0.000441826215022,0.0141603619776878,0.9409397,0.041140676,0.0117412169835513
0.0230167342509566,0.0303387334315169,0.1068530289985161,0.8873775,0.030433303,0.1069348280030772
0.0193614712433605,0.0007363770250368,0.0209016468519298,0.9632263,0.038017757,0.0173462285232809
0.1439259809240961,0.1513991163475699,0.0971257945739984,0.8757285,0.016246147,0.0972084844488405
0.013764349762979,0.0120765832106038,0.0319478283170602,0.93558955,0.041035056,0.0320364875261017
0.0112513564452567,0.0073637702503681,0.0039385224129403,0.960828,0.04008944,0.0032604315492544
0.0347249985721628,0.027761413843888,0.0689149828720071,0.9303388,0.040831868,0.0571857713301828
0.0093666114569649,0.0130338733431516,0.1917968821557456,0.7946777,0.027146034,0.1591750009158515
0.0158204352047518,0.0195139911634757,0.0262507098499697,0.9414799,0.040679745,0.0263398908304941
0.0024558798332286,0.0014727540500736,0.029401527780322,0.9169886,0.04510197,0.0243982855258819
0.0020560854417728,0.0043446244477172,0.0045796772243492,0.9495517,0.039073948,0.0046708429497747
0.0054257810269004,0.0,0.0506512301013024,0.9143118,0.043323703,0.0420375865479723
0.0260437489291221,0.0317378497790868,0.0889006942790672,0.90878916,0.034511283,0.0737810015752646
0.1219944028785196,0.1645066273932253,0.0433970213779332,0.78716856,0.20799327,0.0434846320108436
0.0156490947512707,0.0215022091310751,0.1029328252944732,0.8820558,0.035812292,0.1030149833315016
0.0057113484493688,0.003460972017673,0.0330835882686988,0.93610704,0.04290471,0.027457229732205
0.008624136158547,0.0054491899852724,0.0099653776401839,0.9599206,0.03814411,0.0082609810601897
0.0031983551316465,0.0039764359351988,0.0105332576160032,0.95063627,0.041827936,0.008737223870755
0.0203895139642469,0.0191458026509572,0.1863745443221161,0.865786,0.030780027,0.1546690112466571
0.0030841281626592,0.0011782032400589,0.0165967502610416,0.9443911,0.04160153,0.0137744074440414
0.0171340453481066,0.0280559646539028,0.0470058070307204,0.94505453,0.031175112,0.0470930871524343
0.034325204180707,0.042341678939617,0.0168348934767077,0.9486063,0.039475918,0.0169249368062424
0.03158375692501,0.0369661266568483,0.1043433658795728,0.9014956,0.030632237,0.1044253947320218
0.0083956822205722,0.0107511045655375,0.0444595064939823,0.92649245,0.04348372,0.0368905007876323
0.0037694899765834,0.0029455081001472,0.080584000439649,0.82836217,0.037188202,0.0668754808220683
0.0072534125306984,0.0,0.0120170730366923,0.9588203,0.040626895,0.0099644649595193
0.0049688731509509,0.0087628865979381,0.0824158713293887,0.9223299,0.037949357,0.0219254863171777
0.0039408304300645,0.0057437407952871,0.0192896004689589,0.9367681,0.042485792,0.0174011796168077
0.0023987663487349,0.0014727540500736,0.0079686383703676,0.93665445,0.041448325,0.0066124482543869
0.0618539037066651,0.0957290132547864,0.0968876513583322,0.9040221,0.024782721,0.0804117668608272
0.0071391855617111,0.0098674521354933,0.0057520745937826,0.952553,0.038789667,0.0047624281056526
0.0037694899765834,0.0,0.0061550861895253,0.9589355,0.039419513,0.0051104516979887
0.0045119652750014,0.0026509572901325,0.0022715199032772,0.96006656,0.038838025,0.0018866542110854
0.1758524187560683,0.0400589101620029,0.0775797321804759,0.7588184,0.051508136,0.0776642121844891
0.0041692843680392,0.0073637702503681,0.0074923519390353,0.9485916,0.041007046,0.007583250906693
0.0057684619338625,0.0013254786450662,0.0243822015424352,0.933792,0.043644276,0.0244715536505843
0.017076931863613,0.0173784977908689,0.045833409661287,0.92780465,0.04266252,0.0459207971571967
0.0076532069221543,0.0126656848306332,0.003553829526095,0.9487919,0.03931219,0.0036450892039418
0.0466617168313438,0.029160530191458,0.2017622597959295,0.82807297,0.026250014,0.2018353665237938
0.1970986349877206,0.2029455081001472,0.5995530235029035,0.7131021,0.122300304,0.5995896985016669
0.003655263007596,0.0058910162002945,0.044770924545238,0.88714045,0.040661793,0.0371469392240905
0.0031412416471528,0.0008100147275405,0.0040484346663247,0.9490706,0.0406368,0.0041396490456826
0.0278713804329202,0.0334315169366715,0.0427009104398322,0.9357218,0.03794208,0.0427885848261713
0.0159346621737392,0.0072901325478645,0.0537104544871677,0.92852604,0.043180402,0.0445653368502033
0.0277000399794391,0.0363770250368188,0.1589147996849182,0.842513,0.023836637,0.1589918306040957
0.0069107316237363,0.0010309278350515,0.0135375258751763,0.9399037,0.042077783,0.0136278711946367
0.0111371294762693,0.0168630338733431,0.148015167890967,0.77300364,0.025115054,0.1480931970546214
0.0004569078759495,0.0012518409425625,0.0133909762039971,0.8434221,0.04008789,0.013481334945232
0.0029127877091781,0.0052282768777614,0.0024363882833537,0.95688766,0.041485853,0.0020148734293145
0.003655263007596,0.0041237113402061,0.0073274835589587,0.9563304,0.040483285,0.0060812543502949
0.0091381575189902,0.0124447717231222,0.0100569711846709,0.9434279,0.040347952,0.0083342491848921
0.0766462961905305,0.0863770250368188,0.0698125996079796,0.862079,0.02909136,0.0579367696083818
0.1186818207778856,0.1506627393225331,0.4116030702156112,0.84587604,0.0,0.4116569586401436
0.0139356902164601,0.0185567010309278,0.2302661708402791,0.77331865,0.02991163,0.2141810455361395
0.005311554057913,0.0075110456553755,0.0039018849951455,0.9543494,0.03982481,0.0028757738945671
0.006054029356331,0.0039027982326951,0.0321493341149315,0.9249315,0.044864193,0.0266695973916547
0.0159346621737392,0.0220913107511045,0.0223488248548242,0.91924906,0.043037176,0.0224383631900941
0.0108515620538009,0.0,0.0202421733316235,0.93441176,0.042666234,0.0167967175880133
0.0087954766120281,0.0114138438880706,0.0586748245983623,0.9015732,0.039511435,0.0486866688647104
0.0050259866354446,0.0011782032400589,0.012786458810383,0.93109536,0.04278052,0.0128768729164377
0.0245587983322862,0.0077319587628865,0.0659290333217314,0.9088461,0.045264,0.0660145803568157
0.1772802558684105,0.2292341678939617,0.7702833904266427,0.7130457,0.12569551,0.6238597648093197
0.0082243417670912,0.0105301914580265,0.0595724413343347,0.9058566,0.04163519,0.0518371982269113
0.0377520132503284,0.0107511045655375,0.1264906849365256,0.89347106,0.03896794,0.1049749056672894
0.0068536181392426,0.0,0.0109912253384381,0.9215731,0.043837637,0.0110818038612301
0.0182763150379804,0.0151693667157584,0.0394401802560955,0.91083086,0.04338251,0.0395281532769168
0.3241190245016848,0.3639911634756995,0.3843814687940794,0.6831016,0.21721253,0.3844378503132212
0.0029699011936718,0.005301914580265,0.0086281118906739,0.9407341,0.042149514,0.0071619591896545
0.0147352789993717,0.0051546391752577,0.0485812159958966,0.89940083,0.040086035,0.0486683518335348
0.0119367182591809,0.0167157584683357,0.1215263148253311,0.8701055,0.037189826,0.1008535736527823
0.0519732708892569,0.0650957290132547,0.1056989503379801,0.883212,0.03374301,0.0877202622998864
0.0032554686161402,0.002061855670103,0.0048544578578101,0.95450133,0.041041017,0.0040297468586291
0.002570106802216,0.0,0.0145816922823279,0.93290645,0.04463446,0.0120892405758874
0.0134787823405105,0.0220176730486008,0.015369396764916,0.9288519,0.04271212,0.0081327618419606
0.002570106802216,0.0,0.0081518254593416,0.94423527,0.04286989,0.0067589845037916
0.0081101147981038,0.0081737849779086,0.0221656377658502,0.9353103,0.04310898,0.0193061508590687
0.0053686675424067,0.0077319587628865,0.0250050376449467,0.91462815,0.04457759,0.0250943327105542
0.0166200239876634,0.0101620029455081,0.0531608932202458,0.9064833,0.04318195,0.0532476096274315
0.0137072362784853,0.0042709867452135,0.082800564216234,0.8803688,0.03902458,0.0828845660695314
0.0122793991661431,0.000441826215022,0.0656176152704757,0.9087704,0.046194915,0.0544565336850203
0.1127991318750357,0.1187776141384388,0.0459616406235688,0.8273382,0.029809028,0.0460490163754258
0.0027985607401907,0.0,0.0,0.9580661,0.041473553,0.0
0.0026843337712033,0.0,0.009324222828775,0.9404618,0.04344797,0.0077297871560977
0.0134216688560169,0.0189248895434462,0.0194361501401381,0.9354128,0.042383347,0.0161189874345166
0.000171340453481,0.0007363770250368,0.0032973676015314,0.9017313,0.04301443,0.0033886507674836
0.0803586726826203,0.0276877761413843,0.0310135741632929,0.89728737,0.040297117,0.0311023189361468
0.0033125821006339,0.0052282768777614,0.0327904889263404,0.8897888,0.04246111,0.0285379345715646
0.0049117596664572,0.0,0.0026928502079173,0.9432518,0.04171899,0.0022346778034216
0.1351876177965617,0.1635493372606774,0.5618348018831633,0.7800857,0.061172474,0.4662783456057442
0.0247301387857673,0.0060382916053019,0.0119437982011027,0.9333596,0.043946274,0.0120342894823606
0.0033696955851276,0.0008100147275405,0.0550660389455751,0.8498805,0.041153368,0.0457009927830897
0.0147923924838654,0.0182621502209131,0.0531608932202458,0.89926165,0.04052027,0.0532476096274315
0.0046261922439888,0.0070692194403534,0.0103317518181318,0.9390805,0.04313475,0.0085723705901747
0.0035981495231024,0.0040500736377025,0.0083350125483155,0.9283538,0.04435815,0.00842583434077
0.0283282883088697,0.0347569955817378,0.0902013226107824,0.8617901,0.027997565,0.0902846466644686
0.0251870466617168,0.0262150220913107,0.1118723552364029,0.87735504,0.03746699,0.1119536945451881
0.0126220800731052,0.0169366715758468,0.0314532231768305,0.91457355,0.042461805,0.0261017694252115
0.0133074418870295,0.0,0.0063016358607045,0.948506,0.042755682,0.0052203538850423
0.0055400079958878,0.0005154639175257,0.053399036435912,0.885918,0.04538099,0.0443088984137451
0.0012564966588611,0.0002945508100147,0.0037736540328637,0.9289873,0.044665568,0.0038648935780488
0.0672225712490719,0.0909425625920471,0.0674128487424206,0.8638772,0.023209268,0.0674982598820383
0.0141070306699411,0.0200294550810014,0.053307442891425,0.8750953,0.037138294,0.0533941458768362
0.0103946541778513,0.0117083946980854,0.0439465826448551,0.89523345,0.040871408,0.0440341429461112
0.0116511508367125,0.0136966126656848,0.0553225008701386,0.897862,0.041606717,0.0459024801260211
0.2600376948997658,0.2896170839469809,0.4831925845866383,0.71743476,0.10423812,0.4832399164743378
0.0075389799531669,0.0003681885125184,0.0268918646613786,0.92439836,0.04593408,0.022310143971865
0.0101662002398766,0.01480117820324,0.0118338859477184,0.9336352,0.04332231,0.0098179287101146
0.0067965046547489,0.0094256259204712,0.1309604499074905,0.8439085,0.03387896,0.0600249111623987
0.0105659946313324,0.0033873343151693,0.0123101723790507,0.922304,0.0444298,0.0086639557460526
0.0491175966645725,0.0687776141384388,0.0374983971129714,0.8989431,0.033343203,0.0375865479723046
0.0066251642012679,0.0014727540500736,0.0507611423546868,0.8936966,0.044795714,0.0421291717038502
0.0267291107430464,0.0126656848306332,0.0496437011119456,0.8972969,0.04176843,0.0497307396417188
0.0404363470215317,0.0037555228276877,0.0776896444338603,0.8947532,0.047458787,0.0644759497380664
0.000913815751899,0.0,0.0019967392698162,0.93604326,0.044421908,0.0020881415540169
0.003655263007596,0.0053755522827687,0.0251515873161259,0.8873458,0.044020712,0.0252408689599589
0.0051973270889256,0.002061855670103,0.0199307552803678,0.9048261,0.043923914,0.0165402791515551
0.0150779599063338,0.0234167893961708,0.0091043983220062,0.9292721,0.04285062,0.0091951496501447
0.0330115940373522,0.0385861561119293,0.0680906409716243,0.8898819,0.030332016,0.068175990035535
0.0815580558569878,0.0970544918998527,0.0891937936214255,0.8780438,0.016065085,0.0892772099498113
0.0050259866354446,0.0079528718703976,0.0333766876110571,0.87477106,0.040360022,0.0334652159577975
0.0122793991661431,0.0143593519882179,0.0602868709813332,0.8877362,0.038889173,0.0524599772868813
0.0178194071620309,0.0231958762886597,0.0191430507977797,0.9290318,0.032937054,0.0192328827343664
0.005140213604432,0.0072164948453608,0.0521167268130942,0.8743729,0.042778507,0.043246510605561
0.0232451881889314,0.0234167893961708,0.0344391727271061,0.91705585,0.042583518,0.0285745686339158
0.0035410360386087,0.001840942562592,0.0214328894099543,0.9082712,0.046763867,0.017785837271495
0.0063395967787994,0.0008836524300441,0.0033156863104288,0.93348634,0.044562887,0.0034069677986591
0.0116511508367125,0.009720176730486,0.0228434299950539,0.90796775,0.042846832,0.022932923031835
0.0928094123022445,0.1203240058910162,0.1287622048398028,0.8182985,0.021879937,0.1288419972890793
0.0151921868753212,0.0005154639175257,0.0122918536701533,0.9178473,0.046328932,0.0123823130746968
0.0256439545376663,0.0337260677466863,0.0159739141585301,0.90091,0.038052343,0.0160640363409898
0.0119367182591809,0.006701030927835,0.1487479162468629,0.81762564,0.03583202,0.1234384730922812
0.0279284939174139,0.0327687776141384,0.1501401381230651,0.83367133,0.023574408,0.1502179726709895
0.0076532069221543,0.0008100147275405,0.0067962410009342,0.93292344,0.04507311,0.0056416456020808
0.0407219144440002,0.0458026509572901,0.0757112238729414,0.8785836,0.03329856,0.0757958750045792
0.0129647609800673,0.0197349042709867,0.1248053637179651,0.81032294,0.032352243,0.1248855185551525
0.0131361014335484,0.0179675994108983,0.0298594955027569,0.90103835,0.040966578,0.0299483459720848
0.1069735564566794,0.1443298969072164,0.1105900456135851,0.80524004,0.022239352,0.110671502362897
0.0161060026272202,0.0237849779086892,0.1188517833263111,0.84051406,0.032370657,0.110579917207019
0.0182192015534867,0.0237113402061855,0.0116140614409496,0.90792924,0.041153986,0.0117045829212001
0.0145639385458906,0.019661266568483,0.0093974976643646,0.92479956,0.044897698,0.009488222148954
0.0149066194528528,0.0198821796759941,0.0157907270695561,0.9181946,0.043630734,0.0158808660292339
0.0013136101433548,0.0021354933726067,0.0058803055560644,0.91526455,0.048084144,0.0059713521632413
0.0784168142098349,0.1059646539027982,0.0606898825770759,0.8787749,0.020519115,0.0607759094405978
0.0050831001199383,0.006921944035346,0.0083533312572129,0.9331418,0.045111027,0.0069238377843719
0.0159917756582329,0.0231222385861561,0.1044349594240598,0.84565794,0.034081377,0.1045169798878997
0.0599691587183734,0.0702503681885125,0.4820385059261023,0.7644941,0.04509617,0.4193501117338902
0.0408361414129876,0.0390279823269514,0.207093004085072,0.82808316,0.02776969,0.1718687035205334
0.0017705180193043,0.0036082474226804,0.0046529520599388,0.9355575,0.038667332,0.004744111074477
0.0067965046547489,0.0002945508100147,0.027972668486325,0.90763116,0.04732392,0.0232076784994688
0.0707636072876806,0.0806332842415316,0.2772353404532048,0.84557647,0.01029016,0.2773015349672125
0.0215888971386144,0.0287923416789396,0.0719742072578724,0.8640579,0.035079148,0.0597318386635894
0.003655263007596,0.0013991163475699,0.0162853322097858,0.90812325,0.04806867,0.0135179690075832
0.0081101147981038,0.0023564064801178,0.0478484676400007,0.8887301,0.044959445,0.0397113235886727
0.0260437489291221,0.032621502209131,0.043891626518163,0.9060456,0.042586535,0.036414257977067
0.0030841281626592,0.0045655375552282,0.017677554085988,0.90099615,0.046527326,0.0146719419716452
0.0123936261351305,0.0067746686303387,0.0453754419388521,0.8828213,0.042895578,0.045462871377807
0.006054029356331,0.0007363770250368,0.0031141805125574,0.93375194,0.04563231,0.0032054804557277
0.010280427208864,0.0,0.0097455531334151,0.90384704,0.044477466,0.0098362457412902
0.0026272202867096,0.0042709867452135,0.0112110498452069,0.89797866,0.044128884,0.0093050518371982
0.0043406248215203,0.0008836524300441,0.0223671435637216,0.9001053,0.047378935,0.0185551525808696
0.1218801759095322,0.132621502209131,0.9551558006191724,0.6679622,0.100346394,0.7927061581858812
0.029184990576275,0.0316642120765832,0.0568246349997252,0.8832608,0.040076982,0.056911015862549
0.0059398023873436,0.0027982326951399,0.0373518474417923,0.88706076,0.045837514,0.032512730336667
0.0145639385458906,0.011561119293078,0.0576856143179028,0.89180183,0.042796537,0.0478624024618089
0.0194185847278542,0.0251840942562592,0.0426642730220374,0.9001263,0.042145256,0.0427519507638202
0.0125649665886115,0.0177466863033873,0.0525014196999395,0.88286084,0.039814208,0.0456826757519141
0.0093094979724713,0.0124447717231222,0.0321859715327263,0.9118962,0.03433587,0.0322746089313844
0.0179336341310183,0.0237849779086892,0.022110681639158,0.8905618,0.03996401,0.0222002417848115
0.0045690787594951,0.0017673048600883,0.0075289893568301,0.9153257,0.047530822,0.0076198849690442
0.0496316180250157,0.0609720176730486,0.0679807287182399,0.8532991,0.037011243,0.0612155181888119
0.0120509452281683,0.0164948453608247,0.0045796772243492,0.9280627,0.042913992,0.0046708429497747
0.0080530013136101,0.000441826215022,0.0146000109912253,0.91562635,0.048081513,0.012107557607063
0.0086812496430407,0.0124447717231222,0.003462235981608,0.92678267,0.046149343,0.0035535040480638
0.0454052201724827,0.0704712812960235,0.2507648060964663,0.7948386,0.024059094,0.2081181082170201
0.0150208464218401,0.018041237113402,0.2040887358258989,0.7703241,0.03860489,0.1775653002161409
0.0013707236278485,0.0023564064801178,0.0020883328143032,0.9229431,0.046714656,0.0021797267098948
0.0031412416471528,0.0047864506627393,0.0019967392698162,0.92541647,0.046294734,0.0020881415540169
0.0153064138443086,0.0061855670103092,0.0226052867793877,0.87957704,0.039927877,0.0226948016265523
0.0178765206465246,0.013181148748159,0.1151330854201395,0.8352484,0.036143232,0.0955416346118621
0.0088525900965217,0.008100147275405,0.0505596365568154,0.8567037,0.040642835,0.0506465912004982
0.0077674338911416,0.0106038291605301,0.0158090457784535,0.90629584,0.046442598,0.0131149943217203
0.003655263007596,0.0,0.0123284910879481,0.90291935,0.047733396,0.0102209033959775
0.0134787823405105,0.0222385861561119,0.0157907270695561,0.89547914,0.044055454,0.0158808660292339
0.0226740533439945,0.0075110456553755,0.1238894282730953,0.84301555,0.038402937,0.1028134959885701
0.0050831001199383,0.002061855670103,0.1215446335342285,0.75227857,0.049863342,0.1008718906839579
0.0042263978525329,0.0011045655375552,0.0084815622194947,0.9165241,0.04826776,0.0070337399714254
0.0098806328174081,0.0,0.0215244829544413,0.9017725,0.04744842,0.0178591053961973
0.0463190359243817,0.050441826215022,0.0461814651303376,0.87125766,0.02388198,0.0462688207495329
0.0306128276886172,0.0058173784977908,0.1595376357874297,0.8107854,0.034703486,0.1596146096640656
0.0054828945113941,0.0015463917525773,0.0030592243858652,0.91177857,0.04818891,0.0031505293622009
0.0026272202867096,0.0006627393225331,0.0512374287860191,0.80795276,0.034260582,0.0425138293585375
0.0030270146781655,0.005081001472754,0.0174577295792192,0.88069856,0.044549502,0.0144887716598893
0.0057113484493688,0.0,0.0049277326933997,0.92355454,0.048439458,0.0040846979521559
0.0243874578788051,0.0321060382916053,0.1416219384857755,0.7997242,0.031650513,0.1417005531743415
0.0097092923639271,0.0138438880706921,0.0165601128432468,0.90332466,0.045978416,0.0137377733816902
0.0971500371237649,0.1399116347569955,0.2399567678470021,0.7471566,0.056308657,0.2400263765248928
0.0067965046547489,0.0088365243004418,0.0340544798402608,0.88397866,0.045751162,0.0296369564420998
0.0094237249414586,0.0103092783505154,0.2472476139881661,0.68275183,0.11610762,0.2473165549327765
0.003483922554115,0.0028718703976435,0.0130429207349466,0.8955259,0.04719733,0.0108253654247719
0.0211319892626649,0.0279086892488954,0.0432321529978567,0.8787511,0.041049372,0.0433197787302634
0.0142212576389285,0.0019145802650957,0.0105149389071058,0.8894362,0.044419046,0.0106055610506649
0.0068536181392426,0.0089101620029455,0.0428840975288061,0.8663946,0.043362856,0.0373301095358464
0.0483751213661545,0.0630338733431516,0.0461631464214402,0.8426048,0.032032058,0.0462505037183573
0.0067393911702552,0.001840942562592,0.0362527249079484,0.87390023,0.045114428,0.0300765651903139
0.0212462162316522,0.0100883652430044,0.0327172140907508,0.86357063,0.038357362,0.0328058028354764
0.01285053401108,0.0170103092783505,0.0929124915275971,0.8184298,0.035964645,0.0929955672784555
0.0117653778056999,0.0060382916053019,0.0620271483265859,0.85819495,0.042401604,0.0514708576033996
0.0797875378376834,0.0976435935198821,0.2686805033981205,0.82869136,0.00982474,0.2731435688903542
0.0043406248215203,0.001620029455081,0.01864844565755,0.863545,0.042091325,0.0187383228926255
0.0028556742246844,0.0052282768777614,0.0228434299950539,0.8548083,0.041966364,0.0189581272667326
0.0199326060882974,0.0248895434462444,0.3066368682335269,0.73208684,0.061351214,0.254478514122431
0.003655263007596,0.0,0.0805473630218542,0.7646019,0.046635497,0.0668388467597171
0.0335827288822891,0.0448453608247422,0.0459982780413636,0.8723341,0.039556082,0.046085650437777
0.0152493003598149,0.0074374079528718,0.0405393027899393,0.87858886,0.045889664,0.0406271751474521
0.0410645953509623,0.024300441826215,0.1770136840755463,0.8135052,0.031316634,0.1469025900282082
0.0028556742246844,0.0008100147275405,0.1085749876348715,0.64341706,0.13795096,0.0901014763527127
0.0050831001199383,0.0033136966126656,0.0284123174998626,0.8620072,0.043154094,0.0235740191229805
0.0426637729167856,0.0222385861561119,0.0583084504204143,0.85047704,0.039727084,0.0583946953877715
0.0083385687360785,0.003460972017673,0.0100936086024656,0.8928205,0.04621604,0.0083708832472432
0.0305557142041235,0.0078792341678939,0.0503214933411493,0.8761647,0.044818852,0.0417628310803385
0.0459192415329259,0.0013254786450662,0.0293648903625272,0.8457517,0.04047222,0.0294537861303439
0.0037694899765834,0.006921944035346,0.0126215904303064,0.88025475,0.045369,0.0127120196358574
0.0058826889028499,0.0087628865979381,0.0190880946710875,0.88742703,0.031307813,0.0191779316408396
0.0115369238677251,0.0081737849779086,0.064756635952298,0.8299828,0.037870664,0.0648422903615782
0.0506025472614084,0.0572901325478645,0.0137207129641502,0.8470191,0.038608603,0.0138110415063926
0.0037123764920897,0.0054491899852724,0.0726153620692813,0.7391007,0.056947168,0.072700296735905
0.1897309954880347,0.2151693667157584,0.8976716920991409,0.59568423,0.32841626,0.8976810638531707
0.0031412416471528,0.0008836524300441,0.008078550623752,0.8912053,0.047603868,0.0067040334102648
0.0795590838997087,0.1053755522827687,0.3148619685284581,0.7044999,0.093619116,0.3220317250979961
0.0187332229139299,0.0248159057437407,0.0114675117697704,0.882183,0.04258259,0.0103491226142066
0.003655263007596,0.0028718703976435,0.0173478173258348,0.8696932,0.044422142,0.0143971865040114
0.0031412416471528,0.003460972017673,0.0118888420744105,0.8705154,0.04430623,0.0098545627724658
0.0967502427323091,0.1090574374079528,0.1560387623880268,0.8025414,0.019357614,0.1561160567095285
0.0081101147981038,0.0111192930780559,0.0073824396856509,0.89873725,0.047588933,0.0066857163790892
0.0032554686161402,0.0030927835051546,0.0395317738005825,0.8361128,0.038881976,0.0328058028354764
0.003483922554115,0.0054491899852724,0.0115041491875652,0.8908837,0.047403384,0.0094149540242517
0.0425495459477982,0.0156848306332842,0.1636959827071388,0.8081585,0.034270097,0.1358574202293292
0.0180478611000057,0.0100147275405007,0.1906244847863122,0.7944427,0.032007296,0.1582041982635454
0.0090810440344965,0.014580265095729,0.0841011925479492,0.7978651,0.032571916,0.0841850752829981
0.0123936261351305,0.0191458026509572,0.0161937386652988,0.89913404,0.03321151,0.0162838407150968
0.0186189959449426,0.0259941089837997,0.4647456447269596,0.63787264,0.16088516,0.4647946660805216
0.0038266034610771,0.0046391752577319,0.0119987543277949,0.88238335,0.046515718,0.0099461479283437
0.012108058712662,0.0039027982326951,0.0328088076352378,0.87743294,0.04569901,0.0272191083269223
0.0571705979781826,0.0558173784977908,0.0919965560827272,0.82173944,0.031797837,0.0920797157196761
0.0061111428408247,0.0095729013254786,0.0349520965762333,0.8419369,0.039842915,0.035040480638898
0.0017134045348106,0.0008100147275405,0.0015204528384839,0.90860826,0.050252624,0.0016118987434516
0.0091952710034839,0.0079528718703976,0.0274963820549927,0.88657796,0.03366896,0.0275854489504341
0.0097092923639271,0.0142120765832106,0.1036655736503691,0.8106959,0.034688707,0.0860350954317324
0.0089668170655091,0.0,0.0650130978768616,0.8269742,0.03737437,0.0539436568121039
0.0197041521503226,0.0260677466863033,0.106431698693876,0.80426824,0.03362826,0.1065135362860387
0.0346107716031755,0.0461708394698085,0.0166700250966311,0.86185956,0.04029085,0.0167600835256621
0.0066822776857616,0.009941089837997,0.0183919837329865,0.87007,0.04399742,0.0184818844561673
0.0788737220857844,0.0913843888070692,0.1019619337229112,0.7902625,0.02118347,0.1020441806791955
0.0068536181392426,0.006921944035346,0.0653794720548095,0.82116294,0.036415596,0.0542550463420888
0.0110800159917756,0.0149484536082474,0.0584000439649013,0.83686185,0.039005548,0.0584862805436494
0.042777999885773,0.0477172312223858,0.0842477422191284,0.8025559,0.032875076,0.0843316115324028
0.0313553029870352,0.0339469808541973,0.0747586510102768,0.8477318,0.040035274,0.0748433893834487
0.000913815751899,0.001620029455081,0.0100569711846709,0.84038645,0.03958711,0.0101476352712752
0.0480324404591924,0.0235640648011782,0.2409276594185641,0.7682747,0.040282957,0.1999487123127083
0.0129076474955737,0.0009572901325478,0.0201139423693418,0.8571431,0.042351622,0.0166868154009598
0.0027985607401907,0.0019145802650957,0.0549378079832933,0.7728118,0.038248185,0.0455910905960361
0.0175338397395625,0.0102356406480117,0.0470607631574126,0.85773224,0.042448804,0.047148038245961
0.4354332057798846,0.1013254786450662,0.4613750022898386,0.29345596,0.55617404,0.4614243323442136
0.0062824832943057,0.0069955817378497,0.0033156863104288,0.8929197,0.04822497,0.002747554676338
0.0026272202867096,0.0043446244477172,0.0069611093810108,0.8840419,0.0467894,0.0057698648203099
0.0933805471471814,0.1090574374079528,0.2990712414589019,0.6907241,0.11084222,0.2991354361285123
0.0676223656405277,0.0379970544918998,0.0657824836505523,0.7882791,0.030990414,0.0545847529032494
0.0340396367582386,0.0428571428571428,0.0368206048837677,0.8444576,0.04025874,0.0305528080008792
0.0217031241076018,0.014580265095729,0.0202055359138287,0.8666543,0.04392074,0.0202952705425504
0.0070249585927237,0.0094256259204712,0.0256095550385608,0.860094,0.042838473,0.0212477561636809
0.0070249585927237,0.0028718703976435,0.0299510890472439,0.850769,0.041299995,0.0248562113052716
0.0158204352047518,0.019661266568483,0.0310685302899851,0.85791266,0.042478517,0.0311572700296735
0.0169055914101319,0.0200294550810014,0.0819395848980563,0.83019155,0.036504194,0.0820236656042788
0.0147923924838654,0.0182621502209131,0.1004964370111194,0.8180175,0.035896633,0.0874455068322526
0.0057684619338625,0.008100147275405,0.046199783839235,0.7938273,0.031905778,0.0462871377807085
0.2258267176880461,0.2860824742268041,0.3094029932770338,0.68300056,0.13135584,0.3094662417115434
0.0221600319835513,0.0301178203240058,0.1640623568850867,0.79025745,0.031316787,0.1361504927281386
0.0139928037009537,0.0087628865979381,0.0704537544193885,0.82743543,0.037450433,0.0705388870571857
0.0071391855617111,0.0024300441826215,0.0455219916100313,0.8398354,0.03949619,0.0377697182840605
0.014678165514878,0.0189985272459499,0.103061056256755,0.8132126,0.03510391,0.0855222185588159
0.013021874464561,0.0133284241531664,0.0700873802414405,0.831015,0.03804097,0.0581565739824889
0.0704780398652121,0.0897643593519882,0.2530180072908461,0.76834875,0.03157136,0.20998644539693
0.0375235593123536,0.0445508100147275,0.0132077891150231,0.83515763,0.038724437,0.0132981646334762
0.1028613855731338,0.1189985272459499,0.5379838428987525,0.69448483,0.120692104,0.5380261567205188
0.0045119652750014,0.0006627393225331,0.0501749436699701,0.8139774,0.03523011,0.0416346118621093
0.0030270146781655,0.0037555228276877,0.0168165747678103,0.85401976,0.04183629,0.0156976957174781
0.0169055914101319,0.0101620029455081,0.1914854641044899,0.7649911,0.04215849,0.1589185624793933
0.0194185847278542,0.021060382916053,0.0672662990712414,0.8250614,0.037058752,0.0673517236326336
0.0083956822205722,0.0105301914580265,0.0149847038780706,0.8713353,0.044693038,0.0124372641682236
0.0051973270889256,0.0029455081001472,0.0257011485830478,0.8284699,0.037621047,0.0257903798952265
0.0121651721971557,0.003460972017673,0.0535089486892963,0.8464131,0.04058132,0.044400483569623
0.0283854017933634,0.0376288659793814,0.0635476011650698,0.82676154,0.03733924,0.0636333663039894
0.0065109372322805,0.0084683357879234,0.0393485867116085,0.8404627,0.039599646,0.0342528482983478
0.0138785767319664,0.0080265095729013,0.124384033413325,0.76375085,0.04286695,0.124464226838114
0.0142212576389285,0.0,0.0301709135540127,0.86492115,0.043634836,0.0250393816170275
0.0089668170655091,0.0027245949926362,0.0568979098353148,0.82913756,0.03773123,0.0472213063706634
0.0098235193329145,0.0124447717231222,0.0743190019967392,0.80763733,0.03418413,0.0661611166062204
0.0157062082357644,0.01620029455081,0.0586748245983623,0.8358043,0.03883114,0.0587610360112832
0.0024558798332286,0.0,0.0050010075289893,0.8771272,0.04564856,0.0041396490456826
0.005311554057913,0.0,0.0221290003480554,0.85964006,0.042763572,0.0183536652379382
0.0027985607401907,0.001620029455081,0.0146916045357123,0.8538135,0.041802246,0.0121808257317653
0.0677937060940088,0.0889543446244477,0.1427576984374141,0.8185036,0.015901279,0.1428362091072279
0.0016562910503169,0.0023564064801178,0.0039568411218377,0.871519,0.04472337,0.0040480638898047
0.0042835113370266,0.0044918998527245,0.0598655406766931,0.78224105,0.032305274,0.0496757885481921
0.003655263007596,0.0029455081001472,0.0241806957445639,0.84017,0.039551362,0.0200571491372678
0.0251299331772231,0.0,0.3534961255930682,0.7216082,0.07282639,0.2933655713082023
0.0309555085955794,0.016421207658321,0.0531792119291432,0.8312936,0.038086932,0.0441257281019892
0.0105659946313324,0.0136229749631811,0.0258110608364322,0.8464415,0.04058604,0.0259002820822801
0.0100519732708892,0.0104565537555228,0.1169649563098792,0.7489443,0.05132452,0.1170458292120013
0.0071391855617111,0.0114874815905743,0.0261957537232775,0.8467378,0.04063494,0.0217423160054218
0.0703638128962248,0.0913107511045655,0.1866859623733719,0.74684286,0.050486457,0.1867604498662856
0.005140213604432,0.000441826215022,0.0038469288684533,0.8812576,0.046363983,0.0039381617027512
0.0728768062139471,0.111340206185567,0.0214145707010569,0.8087706,0.028194875,0.0215041946001392
0.0261008624136158,0.0339469808541973,0.0371320229350235,0.8348602,0.03867538,0.0308092464373374
0.0038837169455708,0.0005154639175257,0.0459616406235688,0.80667263,0.03402497,0.0381360589075722
0.0041121708835456,0.0047128129602356,0.0094524537910568,0.8723097,0.044853747,0.0078396893431512
0.0391227368781769,0.0440353460972017,0.0742823645789444,0.8247313,0.024395218,0.0743671465728834
0.0030270146781655,0.0005154639175257,0.0441664071516239,0.7885347,0.031046357,0.0366523793823497
0.0026843337712033,0.0041973490427098,0.0047995017311179,0.8692072,0.044341903,0.0048906473238817
0.0424924324633045,0.0494845360824742,0.0782208869918848,0.82606655,0.035657074,0.0783053082756346
0.0235307556113998,0.03100147275405,0.30696660499368,0.69173896,0.10553666,0.3070300765651903
0.0028556742246844,0.0047864506627393,0.0119254794922053,0.8572189,0.04236408,0.009891196834817
0.0228453937974755,0.0301178203240058,0.0483797101980252,0.81854504,0.03598368,0.0484668644906033
0.006054029356331,0.006921944035346,0.0336697869534155,0.8153442,0.035455585,0.0337582884566069
0.0047975326974698,0.001620029455081,0.0171463115279635,0.8574154,0.0423965,0.0142323332234311
0.0035410360386087,0.0,0.0881313085053765,0.7025499,0.091207206,0.0731399054841191
0.0549431720829287,0.0586156111929307,0.1068530289985161,0.7807283,0.031977583,0.0886727479210169
0.0037123764920897,0.0054491899852724,0.0568063162908278,0.7329985,0.060432907,0.0568926988313734
0.0041121708835456,0.001840942562592,0.0013922218762021,0.88041914,0.04651433,0.0011539729640619
0.0055400079958878,0.008321060382916,0.0242906079979483,0.8349693,0.03869333,0.0201487342931457
0.0661945285281855,0.0924889543446244,0.0276062943083771,0.8066975,0.030073037,0.0276953511374876
0.0619110171911588,0.0706185567010309,0.1324809027459744,0.76229435,0.043698903,0.1325603546177235
0.0033125821006339,0.0,0.0844675667258971,0.690612,0.10053171,0.0700992783089716
0.0712205151636301,0.0722385861561119,0.9433402333803512,0.64926344,0.16628434,0.5280616917609994
0.0035981495231024,0.000441826215022,0.0269834582058656,0.81031984,0.03462665,0.0223834120965673
0.0438631560911531,0.0497790868924889,0.3160893220245837,0.724935,0.06918319,0.2749935890390885
0.00696784510823,0.0094256259204712,0.1086116250526662,0.7387258,0.05716135,0.0901381104150639
0.0071391855617111,0.0103829160530191,0.0440015387715473,0.8222826,0.036600295,0.036505843132945
0.0466617168313438,0.0573637702503681,0.098353148070124,0.7331351,0.060918834,0.0984357255376048
0.1811068593294877,0.2001472754050073,0.6044624374874059,0.68861645,0.16245505,0.6044986628567242
0.017990747615512,0.0245949926362297,0.0924545238051622,0.7845309,0.0309973,0.0925376414990658
0.0120509452281683,0.0036082474226804,0.0122735349612559,0.8597585,0.042783074,0.0123639960435212
0.0142212576389285,0.0177466863033873,0.0129146897726648,0.8404537,0.039598174,0.0130050921346668
0.0074247529841795,0.0102356406480117,0.01731117990804,0.84300816,0.040019568,0.0174011796168077
0.0151350733908275,0.022680412371134,0.0208100533074428,0.840512,0.039607767,0.0208997325713448
0.0126791935575989,0.0195876288659793,0.0683471028961878,0.8035144,0.027178764,0.0684324284719932
0.0066822776857616,0.001620029455081,0.0107714008316693,0.8549844,0.041995455,0.0108619994871231
0.0047975326974698,0.0,0.0237410467310263,0.8306505,0.037980847,0.019690808513756
0.1037180878405391,0.1232695139911634,0.0215977577900309,0.74702734,0.052419554,0.021687364911895
0.0280427208864012,0.0125184094256259,0.1291285790177508,0.78793174,0.030933078,0.1071546323771843
0.0207893083557027,0.0286450662739322,0.0433054278334463,0.8201199,0.03624351,0.0433930468549657
0.0183334285224741,0.0279086892488954,0.0186667643664474,0.83470184,0.038649227,0.0187566399238011
0.002741447255697,0.0,0.0378647712909194,0.7834392,0.03473165,0.0314137084661318
0.0067393911702552,0.0009572901325478,0.0342743043470296,0.8328305,0.038340494,0.0284463494156867
0.0772745445199611,0.1044918998527246,0.057923757533569,0.7789685,0.02886364,0.0580100377330842
0.0830430064538237,0.109941089837997,0.6597483009397498,0.6882074,0.14471422,0.659779462944646
0.0079387743446227,0.0103092783505154,0.0752898935683013,0.7925774,0.03169957,0.0624793933399274
0.0265577702895653,0.0030191458026509,0.0329370385975196,0.8106995,0.034689326,0.0330256072095834
0.0038837169455708,0.0013254786450662,0.0084449248016999,0.8437249,0.040137876,0.0069971059090742
0.0116511508367125,0.0038291605301914,0.0141054058509956,0.8511716,0.041366383,0.0141956991610799
0.0094808384259523,0.0043446244477172,0.0103683892359266,0.85407555,0.0418455,0.0104590248012602
0.0200468330572848,0.0247422680412371,0.0134092949128945,0.81977576,0.036186717,0.0134996519764076
0.0183905420069678,0.0114874815905743,0.022110681639158,0.81113905,0.03998823,0.0222002417848115
0.0157633217202581,0.0228276877761413,0.0223121874370294,0.83069825,0.03798874,0.0224017291277429
0.0101662002398766,0.0002945508100147,0.2889959515653337,0.6421501,0.15727174,0.251419569916108
0.0281569478553886,0.0326951399116347,0.1697228379343824,0.73968714,0.056612283,0.169798878997692
0.0167913644411445,0.0,0.0066863287475498,0.85147285,0.04130549,0.0055500604462028
0.0094237249414586,0.0072164948453608,0.0560002930993423,0.77888393,0.034222897,0.0560867494596475
0.0019989719572791,0.0036082474226804,0.0063932294051915,0.856577,0.0449979,0.0064842290361578
0.0215888971386144,0.0013254786450662,0.0509260107347634,0.82074535,0.036346655,0.0422573909220793
0.0226740533439945,0.0015463917525773,0.0380662770887907,0.79753214,0.032516975,0.0381543759387478
0.0278142669484265,0.0385861561119293,0.2116726813094213,0.72873217,0.0650249,0.1841594314393523
0.0061111428408247,0.0024300441826215,0.0095623660444411,0.8549329,0.041986946,0.0096530754295343
0.0025129933177223,0.0046391752577319,0.0059169429738592,0.8272299,0.03741646,0.0060079862255925
0.0114226968987377,0.0165684830633284,0.0029126747146861,0.8550337,0.042063005,0.0030039931127962
0.0510594551373579,0.0284977908689248,0.1204271922914873,0.75987846,0.045078836,0.099937722094003
0.0262722028670969,0.0308541973490427,0.0698675557346718,0.79744947,0.03250336,0.057973403670733
0.1076589182706036,0.0711340206185567,0.0724504936892047,0.72440493,0.069763675,0.0725354434553247
0.0117653778056999,0.0055964653902798,0.0096905970067229,0.83877647,0.039321475,0.0097812946477634
0.0041692843680392,0.0021354933726067,0.0011907160783307,0.8650749,0.04422042,0.0009891196834817
0.0962362213718659,0.1134020618556701,0.1426111487662349,0.70785946,0.0878828,0.1426896728578232
0.0041121708835456,0.0047128129602356,0.043616845884702,0.7882835,0.03099111,0.03619445360296
0.0164486835341824,0.0009572901325478,0.0279543497774276,0.8236609,0.036827706,0.0280433747298237
0.0154777542977897,0.0192930780559646,0.0253897305317921,0.82648295,0.039473057,0.0254789903652416
0.0026843337712033,0.0021354933726067,0.0269285020791734,0.7990949,0.032777812,0.0223467780342162
0.0275858130104517,0.0182621502209131,0.075601311619557,0.7796639,0.033777285,0.0756859728175257
0.0238163230338682,0.0022827687776141,0.0136840755463554,0.84284055,0.039991945,0.0113565593288639
0.0279856074019075,0.0114138438880706,0.0417483375771675,0.8157941,0.03552979,0.0418360992050408
0.0029127877091781,0.0044182621502209,0.019619337229112,0.81226677,0.034947917,0.0176942521156171
0.0201610600262722,0.0256259204712812,0.1559288501346425,0.7611945,0.0443272,0.1294098252555225
0.0202181735107658,0.0060382916053019,0.0751616626060195,0.8037843,0.033548485,0.0623694911528739
0.0025129933177223,0.0,0.0216527139167231,0.8093605,0.034470428,0.0179690075832509
1.0,1.0,1.0,0.0,1.0,1.0
0.0108515620538009,0.0014727540500736,0.01864844565755,0.8381541,0.0392188,0.015477891343371
0.1234793534753555,0.0153902798232695,0.3602923665940024,0.7011147,0.09526909,0.3603509543173242
0.0120509452281683,0.0008836524300441,0.0420231182106285,0.82122487,0.03642581,0.0348756273583177
0.0768747501285053,0.0924153166421207,0.1369140302991445,0.72099954,0.07349284,0.1369930761622156
0.0208464218401964,0.0293078055964653,0.0060818113539357,0.8417761,0.039897468,0.0050188665421108
0.0030270146781655,0.004860088365243,0.0071259777610873,0.8440625,0.040193588,0.0059164010697146
0.017248272317094,0.0238586156111929,0.0444045503672901,0.8088462,0.03438353,0.0368538667252811
0.0070249585927237,0.0100147275405007,0.012694865265896,0.83378476,0.038497955,0.0105322929259625
0.0071962990462048,0.0,0.0116506988587444,0.8246839,0.03699646,0.0117412169835513
0.0039979439145582,0.0059646539027982,0.0785506237520379,0.71101743,0.08258173,0.0651903139539143
0.0083385687360785,0.0010309278350515,0.0417117001593727,0.8155769,0.03549404,0.0346191889218595
0.0546004911759666,0.0780559646539028,0.0714246459909505,0.7314722,0.062024236,0.0664725061362054
0.0163915700496887,0.0229749631811487,0.0989393467548407,0.7557382,0.047443774,0.0990218705352236
0.0026843337712033,0.0041237113402061,0.0025463005367381,0.8498585,0.041171007,0.0026376524892845
0.0112513564452567,0.0053755522827687,0.0396600047628643,0.8135141,0.03515366,0.0329157050225299
0.0366668570449483,0.0427835051546391,0.079155141145652,0.7900109,0.031276166,0.0656848737956552
0.1321606031183962,0.0468335787923416,0.0723589001447178,0.72604465,0.058461893,0.0724438582994468
0.0078245473756353,0.003240058910162,0.0432138342889593,0.8040195,0.03358725,0.0358647470417994
0.0157062082357644,0.0058910162002945,0.0799062082104453,0.7920715,0.03161608,0.0663076528556251
0.0137072362784853,0.0174521354933726,0.0690432138342889,0.780878,0.033083837,0.0691284756566655
0.0013136101433548,0.0030191458026509,0.0085548370550843,0.8121855,0.034934532,0.008645638714877
0.1084585070535153,0.1391016200294551,0.4940372602538973,0.5766379,0.21603069,0.4940835989302853
0.0139356902164601,0.0055964653902798,0.030464012896371,0.81407315,0.035245895,0.0305528080008792
0.0099948597863955,0.0125184094256259,0.0615874993130484,0.792547,0.03169454,0.0535956332197677
0.0038266034610771,0.0,0.0076938577369067,0.84396994,0.040178265,0.0063743268491042
0.0152493003598149,0.0130338733431516,0.0049277326933997,0.8365484,0.03900098,0.0050188665421108
0.1977268833171512,0.2323269513991163,0.1381963399219623,0.7408643,0.07220444,0.1382752683445067
0.0211891027471586,0.0268777614138438,0.0727435930315631,0.786317,0.030666748,0.0603729347547349
0.0083385687360785,0.0108983799705449,0.094616131455055,0.7295394,0.06414087,0.0946990511777851
0.018162088068993,0.0240795287187039,0.0464379270549011,0.7771399,0.035219043,0.0465252591859911
0.0105088811468387,0.0030191458026509,0.0366374177947938,0.8087576,0.034368984,0.0304062717514745
0.0627677194585641,0.0674521354933726,0.4929381377200535,0.67577016,0.12302416,0.4584386562625929
0.0202181735107658,0.0,0.0020150579787136,0.8258369,0.03718673,0.0016668498369784
0.0137072362784853,0.0197349042709867,0.0085914744728791,0.8309482,0.038695652,0.0086822727772282
0.0434062482152036,0.0131075110456553,0.2293502353954093,0.71778715,0.07701085,0.2294208154742279
0.0073105260151921,0.0071428571428571,0.006741284874242,0.83565885,0.038807154,0.0068322526284939
0.0325546861614027,0.0380706921944035,0.0137939877997398,0.8087902,0.034374326,0.0138843096310949
0.0070820720772174,0.0091310751104565,0.0439099452270604,0.7902166,0.031310055,0.0382093270322746
0.0039408304300645,0.001620029455081,0.0120720291633845,0.8282858,0.037590716,0.0105139758947869
0.0052544405734193,0.0047864506627393,0.0076755390280093,0.83863264,0.039297722,0.0077664212184489
0.0692786566908447,0.0857142857142857,0.1056806316290827,0.72220373,0.072174266,0.1057625380078396
0.0619110171911588,0.0580265095729013,0.0464196083460037,0.7728669,0.03765989,0.0465069421548155
0.0121651721971557,0.0163475699558173,0.0431222407444723,0.80491436,0.033734884,0.0432098765432098
0.1175395510880118,0.1111929307805596,0.1899100551393137,0.6966794,0.10012626,0.189984247353189
0.0094808384259523,0.0103829160530191,0.0752166187327117,0.7659594,0.0416054,0.0624244422464007
0.0126220800731052,0.0181885125184094,0.024693619593691,0.8272688,0.037422884,0.0068505696596695
0.0054257810269004,0.0084683357879234,0.0088112989796479,0.82856464,0.049504314,0.0057149137267831
0.0095950653949397,0.0155375552282768,0.0513656597483009,0.75890595,0.045634322,0.051452540572224
0.0030270146781655,0.001620029455081,0.0125483155947168,0.82192224,0.03654087,0.0104040737077334
0.0273002455879833,0.0033136966126656,0.0180622469728333,0.8093312,0.03446354,0.0181521778950067
0.0095950653949397,0.0130338733431516,0.0168532121856051,0.8127764,0.03503195,0.0139758947869729
0.0054828945113941,0.0119293078055964,0.0136108007107659,0.81672394,0.035683226,0.0137011393193391
0.0074818664686732,0.0125920471281296,0.0111560937185147,0.8183588,0.05228608,0.0112466571418104
0.0126220800731052,0.0165684830633284,0.0085914744728791,0.82623106,0.037267666,0.0086822727772282
0.0129647609800673,0.0175257731958762,0.0116690175676418,0.8086466,0.03435065,0.0105322929259625
0.0478039865212176,0.053681885125184,0.2958105112751653,0.7046187,0.09143191,0.2958750045792578
0.0074247529841795,0.0102356406480117,0.0442396819872135,0.78182924,0.032540422,0.0443272154449206
0.0023987663487349,0.0005154639175257,0.0056238436315008,0.8261618,0.037240278,0.0057149137267831
0.0106231081158261,0.0177466863033873,0.0388539815713788,0.7970667,0.03244022,0.0322379748690332
0.0023987663487349,0.0,0.0192712817600615,0.7918242,0.031588227,0.0159907682162875
0.0626534924895767,0.0708394698085419,0.3481104251772335,0.68675834,0.110991016,0.3028537934571564
0.005140213604432,0.0069955817378497,0.0110461814651303,0.8236113,0.036819503,0.0091585155877935
0.0026843337712033,0.003460972017673,0.0074923519390353,0.8167001,0.03567928,0.007583250906693
0.0116511508367125,0.0026509572901325,0.0394584989649929,0.7906898,0.03138813,0.0395464703080924
