ID,AFP,Output,Enquiry,Interface,Changed,Deleted,PDR_AFP,Duration,N_effort,Resource_1,Resource_2,Resource_3,Resource_4,Dev.Type_0,Generated_Var_1,Generated_Var_2,Generated_Var_4,Generated_Var_5,Generated_Var_6,Generated_Var_7,Generated_Var_8,Generated_Var_9,Generated_Var_11,Effort
1,1587,260,340,0,0,0,4.7,4.0,7490,0,0,0,1,1,0.3393224,0.05999869,0.2428889,-0.114187606,-0.47898608,-0.33369648,-0.20836979,0.23382954,0.029847588,7490
2,260,4,3,41,138,61,16.0,17.0,4150,0,1,0,0,1,0.3393224,0.05999869,0.2428889,-0.114187606,-0.47898608,-0.33369648,-0.20836979,0.23382954,0.029847588,4150
3,152,33,28,35,0,0,4.4,9.0,668,1,0,0,0,1,0.3393224,0.05999869,0.2428889,-0.114187606,-0.47898608,-0.33369648,-0.20836979,0.23382954,0.029847588,668
4,252,28,8,0,153,4,12.8,4.0,3901,1,0,0,0,1,0.3393224,0.05999869,0.2428889,-0.114187606,-0.47898608,-0.33369648,-0.20836979,0.23382954,0.029847588,3238
5,292,0,194,0,307,0,10.3,13.0,3607,1,0,0,0,1,0.3393224,0.05999869,0.2428889,-0.114187606,-0.47898608,-0.33369648,-0.20836979,0.23382954,0.029847588,2994
6,83,0,24,0,87,0,16.1,4.0,1606,1,0,0,0,1,0.3393224,0.05999869,0.2428889,-0.114187606,-0.47898608,-0.33369648,-0.20836979,0.23382954,0.029847588,1333
7,79,0,23,0,77,0,20.3,6.0,1936,1,0,0,0,1,0.3393224,0.05999869,0.2428889,-0.114187606,-0.47898608,-0.33369648,-0.20836979,0.23382954,0.029847588,1607
8,97,108,7,5,0,0,11.9,7.0,1158,0,1,0,0,1,0.3393224,0.05999869,0.2428889,-0.114187606,-0.47898608,-0.33369648,-0.20836979,0.23382954,0.029847588,1158
9,116,23,58,20,34,0,10.7,6.0,1498,1,0,0,0,1,0.3393224,0.05999869,0.2428889,-0.114187606,-0.47898608,-0.33369648,-0.20836979,0.23382954,0.029847588,1243
10,52,7,0,0,46,0,64.8,7.0,4063,1,0,0,0,1,0.3393224,0.05999869,0.2428889,-0.114187606,-0.47898608,-0.33369648,-0.20836979,0.23382954,0.029847588,3372
11,465,129,24,15,0,0,21.9,9.0,10200,1,0,0,0,1,0.3393224,0.05999869,0.2428889,-0.114187606,-0.47898608,-0.33369648,-0.20836979,0.23382954,0.029847588,10200
12,67,5,16,0,35,0,25.4,7.0,2053,1,0,0,0,1,0.3393224,0.05999869,0.2428889,-0.114187606,-0.47898608,-0.33369648,-0.20836979,0.23382954,0.029847588,1704
13,199,115,57,42,0,0,13.3,7.0,3034,0,1,0,0,1,0.3393224,0.05999869,0.2428889,-0.114187606,-0.47898608,-0.33369648,-0.20836979,0.23382954,0.029847588,2640
14,176,54,54,7,0,0,19.0,26.0,3348,1,0,0,0,1,0.3393224,0.05999869,0.2428889,-0.114187606,-0.47898608,-0.33369648,-0.20836979,0.23382954,0.029847588,3348
15,391,26,81,0,302,0,1.7,7.0,814,1,0,0,0,1,5.120185,3.3732107,0.92335796,4.048375,2.8309996,-0.25416493,-5.931686,1.3795323,-1.3313723,676
16,263,45,101,10,87,0,3.5,3.0,911,1,0,0,0,1,0.3393224,0.05999869,0.2428889,-0.114187606,-0.47898608,-0.33369648,-0.20836979,0.23382954,0.029847588,911
17,42,15,3,15,0,0,59.4,6.4,2496,1,0,0,0,1,0.3393224,0.05999869,0.2428889,-0.114187606,-0.47898608,-0.33369648,-0.20836979,0.23382954,0.029847588,2496
18,190,20,16,5,42,0,6.2,10.0,1171,1,0,0,0,1,0.3393224,0.05999869,0.2428889,-0.114187606,-0.47898608,-0.33369648,-0.20836979,0.23382954,0.029847588,1171
19,245,28,18,0,190,0,14.4,13.0,3532,1,0,0,0,1,0.3393224,0.05999869,0.2428889,-0.114187606,-0.47898608,-0.33369648,-0.20836979,0.23382954,0.029847588,3532
20,77,0,42,0,70,0,5.7,1.0,525,1,0,0,0,1,0.3393224,0.05999869,0.2428889,-0.114187606,-0.47898608,-0.33369648,-0.20836979,0.23382954,0.029847588,436
21,355,0,73,0,351,0,2.6,4.0,1095,1,0,0,0,1,3.1191685,2.2586803,0.60151243,2.0854661,1.4608326,-0.31693873,-3.392972,0.60862356,-0.5819267,909
22,3156,525,97,0,12,2657,2.9,6.0,10957,1,0,0,0,1,20.14797,11.427537,12.228277,-50.72839,-47.35786,-28.280384,-24.22869,36.79891,-33.43548,9094
23,46,28,0,0,25,0,7.5,6.0,344,1,0,0,0,1,0.3393224,0.05999869,0.2428889,-0.114187606,-0.47898608,-0.33369648,-0.20836979,0.23382954,0.029847588,344
24,56,12,15,5,0,0,5.3,3.0,296,0,0,0,1,1,0.3393224,0.05999869,0.2428889,-0.114187606,-0.47898608,-0.33369648,-0.20836979,0.23382954,0.029847588,296
25,106,4,12,0,53,7,33.0,13.0,4220,1,0,0,0,1,0.3393224,0.05999869,0.2428889,-0.114187606,-0.47898608,-0.33369648,-0.20836979,0.23382954,0.029847588,3503
26,71,28,9,0,23,21,3.5,1.0,296,1,0,0,0,1,0.3393224,0.05999869,0.2428889,-0.114187606,-0.47898608,-0.33369648,-0.20836979,0.23382954,0.029847588,246
27,306,105,0,45,0,0,6.8,24.0,2082,0,1,0,0,1,0.3393224,0.05999869,0.2428889,-0.114187606,-0.47898608,-0.33369648,-0.20836979,0.23382954,0.029847588,2082
28,244,78,22,14,0,0,0.8,7.0,191,0,0,0,1,1,2.9500353,7.684751,-1.4757009,5.7339277,4.783845,-0.9249318,-1.7150517,-1.525365,0.9288357,191
29,98,46,3,0,0,0,30.3,15.0,3583,1,0,0,0,1,0.3393224,0.05999869,0.2428889,-0.114187606,-0.47898608,-0.33369648,-0.20836979,0.23382954,0.029847588,2974
30,331,44,61,0,0,0,1.0,2.0,395,1,0,0,0,1,3.862353,5.160214,-2.0931158,6.647325,6.0989437,-0.3203028,-2.3826091,-2.7413044,2.4213853,328
31,101,5,39,0,0,0,4.0,8.0,406,1,0,0,0,1,0.3393224,0.05999869,0.2428889,-0.114187606,-0.47898608,-0.33369648,-0.20836979,0.23382954,0.029847588,406
32,192,102,0,77,0,0,9.3,8.0,2151,1,0,0,0,1,0.3393224,0.05999869,0.2428889,-0.114187606,-0.47898608,-0.33369648,-0.20836979,0.23382954,0.029847588,1785
33,60,4,0,10,22,6,7.9,8.0,471,0,1,0,0,1,0.3393224,0.05999869,0.2428889,-0.114187606,-0.47898608,-0.33369648,-0.20836979,0.23382954,0.029847588,471
34,180,18,33,0,29,0,3.9,5.0,700,0,1,0,0,1,0.3393224,0.05999869,0.2428889,-0.114187606,-0.47898608,-0.33369648,-0.20836979,0.23382954,0.029847588,700
35,118,71,7,0,83,0,4.9,2.0,698,1,0,0,0,1,0.3393224,0.05999869,0.2428889,-0.114187606,-0.47898608,-0.33369648,-0.20836979,0.23382954,0.029847588,579
36,73,10,4,0,66,0,16.6,3.0,1459,1,0,0,0,1,0.3393224,0.05999869,0.2428889,-0.114187606,-0.47898608,-0.33369648,-0.20836979,0.23382954,0.029847588,1211
37,143,0,27,0,121,0,8.0,4.0,1372,1,0,0,0,1,0.3393224,0.05999869,0.2428889,-0.114187606,-0.47898608,-0.33369648,-0.20836979,0.23382954,0.029847588,1139
38,2190,648,236,0,0,0,6.6,19.0,16690,0,1,0,0,1,0.3393224,0.05999869,0.2428889,-0.114187606,-0.47898608,-0.33369648,-0.20836979,0.23382954,0.029847588,14520
39,9,10,0,0,5,0,26.6,2.0,239,1,0,0,0,1,0.3393224,0.05999869,0.2428889,-0.114187606,-0.47898608,-0.33369648,-0.20836979,0.23382954,0.029847588,239
40,203,167,3,0,0,0,6.2,5.0,1520,1,0,0,0,1,0.3393224,0.05999869,0.2428889,-0.114187606,-0.47898608,-0.33369648,-0.20836979,0.23382954,0.029847588,1262
41,162,36,9,20,0,0,10.8,8.0,1754,1,0,0,0,1,0.3393224,0.05999869,0.2428889,-0.114187606,-0.47898608,-0.33369648,-0.20836979,0.23382954,0.029847588,1754
42,183,21,29,0,0,0,8.3,6.0,1824,1,0,0,0,1,0.3393224,0.05999869,0.2428889,-0.114187606,-0.47898608,-0.33369648,-0.20836979,0.23382954,0.029847588,1514
43,59,21,0,0,51,0,11.3,8.0,804,1,0,0,0,1,0.3393224,0.05999869,0.2428889,-0.114187606,-0.47898608,-0.33369648,-0.20836979,0.23382954,0.029847588,667
44,412,14,99,10,0,0,14.2,20.0,5864,1,0,0,0,1,0.3393224,0.05999869,0.2428889,-0.114187606,-0.47898608,-0.33369648,-0.20836979,0.23382954,0.029847588,5864
45,348,14,33,0,312,0,2.8,3.0,1172,1,0,0,0,1,3.2464745,1.5545484,0.30338594,2.6845703,1.6607339,-0.4091626,-3.115829,0.5695814,-0.5907268,973
46,2529,513,66,220,0,0,2.1,13.0,5333,0,1,0,0,1,6.655816,11.604626,-2.0596817,2.3027134,-2.4505303,-1.0126405,-10.016589,1.9652416,2.6512954,5333
47,250,92,57,30,43,0,7.1,8.0,1775,0,1,0,0,1,0.3393224,0.05999869,0.2428889,-0.114187606,-0.47898608,-0.33369648,-0.20836979,0.23382954,0.029847588,1775
48,206,199,0,5,104,0,1.0,5.0,246,1,0,0,0,1,3.443317,5.032947,0.46272376,2.3022578,0.6422361,-1.6098258,-3.3276854,0.76373464,0.93608266,204
49,617,136,103,0,179,0,5.1,7.0,3793,1,0,0,0,1,0.3393224,0.05999869,0.2428889,-0.114187606,-0.47898608,-0.33369648,-0.20836979,0.23382954,0.029847588,3148
50,173,78,10,72,0,0,50.4,12.0,10501,1,0,0,0,1,0.3393224,0.05999869,0.2428889,-0.114187606,-0.47898608,-0.33369648,-0.20836979,0.23382954,0.029847588,8716
51,286,156,27,0,0,0,5.1,6.0,1464,1,0,0,0,1,0.3393224,0.05999869,0.2428889,-0.114187606,-0.47898608,-0.33369648,-0.20836979,0.23382954,0.029847588,1464
52,52,17,6,5,16,15,26.1,2.0,1636,1,0,0,0,1,0.3393224,0.05999869,0.2428889,-0.114187606,-0.47898608,-0.33369648,-0.20836979,0.23382954,0.029847588,1358
53,45,28,0,25,0,0,6.2,7.0,281,0,1,0,0,1,0.3393224,0.05999869,0.2428889,-0.114187606,-0.47898608,-0.33369648,-0.20836979,0.23382954,0.029847588,281
54,104,7,48,0,100,0,22.3,5.0,2796,1,0,0,0,1,0.3393224,0.05999869,0.2428889,-0.114187606,-0.47898608,-0.33369648,-0.20836979,0.23382954,0.029847588,2321
55,465,44,104,0,15,54,8.7,13.0,4884,1,0,0,0,1,0.3393224,0.05999869,0.2428889,-0.114187606,-0.47898608,-0.33369648,-0.20836979,0.23382954,0.029847588,4054
56,2145,63,491,300,0,0,1.1,84.0,2400,0,0,0,1,1,6.528112,40.677002,-26.909622,39.573544,47.1461,9.18607,-3.5346346,-18.354342,9.628481,2400
57,283,125,39,17,0,0,20.0,13.0,5650,1,0,0,0,1,0.3393224,0.05999869,0.2428889,-0.114187606,-0.47898608,-0.33369648,-0.20836979,0.23382954,0.029847588,5650
58,109,84,0,5,59,0,14.0,2.0,1837,1,0,0,0,1,0.3393224,0.05999869,0.2428889,-0.114187606,-0.47898608,-0.33369648,-0.20836979,0.23382954,0.029847588,1525
59,160,21,72,40,68,16,3.0,2.0,575,1,0,0,0,1,0.9774948,0.50980234,0.2618317,0.48607078,0.090890795,-0.2007345,-0.8710732,0.1606613,-0.10429097,477
60,65,64,0,0,10,0,7.7,2.0,606,1,0,0,0,1,0.3393224,0.05999869,0.2428889,-0.114187606,-0.47898608,-0.33369648,-0.20836979,0.23382954,0.029847588,503
61,366,27,96,0,84,11,23.1,10.0,10205,1,0,0,0,1,0.3393224,0.05999869,0.2428889,-0.114187606,-0.47898608,-0.33369648,-0.20836979,0.23382954,0.029847588,8470
62,63,10,3,0,43,0,12.3,3.0,937,1,0,0,0,1,0.3393224,0.05999869,0.2428889,-0.114187606,-0.47898608,-0.33369648,-0.20836979,0.23382954,0.029847588,778
63,309,13,59,30,0,0,8.4,7.5,2597,0,0,0,1,1,0.3393224,0.05999869,0.2428889,-0.114187606,-0.47898608,-0.33369648,-0.20836979,0.23382954,0.029847588,2597
64,610,174,117,0,0,0,1.6,3.0,950,1,0,0,0,1,5.850779,10.871225,1.8121134,6.1616993,3.2342153,-3.1857057,-4.0478234,0.6063826,0.08082124,950
65,562,125,93,0,0,0,10.2,13.0,5727,0,0,1,0,1,0.3393224,0.05999869,0.2428889,-0.114187606,-0.47898608,-0.33369648,-0.20836979,0.23382954,0.029847588,5727
66,156,38,39,41,0,0,13.1,4.0,2458,1,0,0,0,1,0.3393224,0.05999869,0.2428889,-0.114187606,-0.47898608,-0.33369648,-0.20836979,0.23382954,0.029847588,2040
67,75,5,19,0,35,0,49.0,8.0,4430,1,0,0,0,1,0.3393224,0.05999869,0.2428889,-0.114187606,-0.47898608,-0.33369648,-0.20836979,0.23382954,0.029847588,3677
68,136,64,0,0,127,0,4.2,2.0,687,1,0,0,0,1,0.400958,0.17264356,0.25116372,-0.06159689,-0.39752567,-0.2645306,-0.28377756,0.16421787,0.057504002,570
69,96,56,0,40,0,0,12.7,8.0,4530,0,1,0,0,1,-23.305172,26.063046,-43.484528,-22.896646,16.09478,9.755904,-10.0044155,-18.428633,-12.425916,1223
70,78,24,9,0,0,0,12.5,4.0,1084,1,0,0,0,1,0.3393224,0.05999869,0.2428889,-0.114187606,-0.47898608,-0.33369648,-0.20836979,0.23382954,0.029847588,976
71,51,0,14,0,36,0,7.6,12.0,466,1,0,0,0,1,0.3393224,0.05999869,0.2428889,-0.114187606,-0.47898608,-0.33369648,-0.20836979,0.23382954,0.029847588,387
72,1092,84,170,21,0,0,4.0,13.0,5320,1,0,0,0,1,0.3393224,0.05999869,0.2428889,-0.114187606,-0.47898608,-0.33369648,-0.20836979,0.23382954,0.029847588,4416
73,134,11,32,14,0,0,2.1,8.0,345,1,0,0,0,1,1.7000641,1.4497904,0.790499,0.8969507,0.2901502,-0.86519915,-1.1238151,0.43507916,-0.18446499,286
74,75,9,0,0,69,0,4.1,5.0,367,1,0,0,0,1,0.9780369,0.51005185,0.26184157,0.48659608,0.09126592,-0.20078427,-0.8716095,0.16075896,-0.10440721,305
75,88,20,0,0,45,0,1.5,7.0,155,1,0,0,0,1,2.3585558,0.9419231,0.15901378,2.0304263,1.1826257,-0.2262567,-2.2737467,0.27335197,-0.3390837,129
76,3088,1009,772,5,2544,0,1.4,8.0,4266,1,0,0,0,1,52.73405,39.953117,11.879657,41.501118,32.296738,-0.7473006,-67.28985,18.471338,-16.959723,4266
77,82,46,0,15,0,0,5.4,3.0,440,1,0,0,0,1,0.3393224,0.05999869,0.2428889,-0.114187606,-0.47898608,-0.33369648,-0.20836979,0.23382954,0.029847588,440
78,110,66,0,0,85,0,12.4,2.0,1362,1,0,0,0,1,0.3393224,0.05999869,0.2428889,-0.114187606,-0.47898608,-0.33369648,-0.20836979,0.23382954,0.029847588,1362
79,308,83,0,10,122,0,8.2,6.0,2533,0,1,0,0,1,0.3393224,0.05999869,0.2428889,-0.114187606,-0.47898608,-0.33369648,-0.20836979,0.23382954,0.029847588,2533
80,143,32,3,0,0,0,1.6,10.0,225,1,0,0,0,1,4.198596,4.147476,3.12546,3.2431524,1.5813886,-2.494959,-2.100763,1.2995957,-1.4834117,225
81,826,326,155,0,139,270,13.4,13.0,11045,1,0,0,0,1,0.3393224,0.05999869,0.2428889,-0.114187606,-0.47898608,-0.33369648,-0.20836979,0.23382954,0.029847588,11045
82,3460,1831,318,142,227,0,9.5,24.0,32760,0,0,0,1,1,0.3393224,0.05999869,0.2428889,-0.114187606,-0.47898608,-0.33369648,-0.20836979,0.23382954,0.029847588,32760
83,73,32,0,5,0,0,28.1,8.0,2475,1,0,0,0,1,0.3393224,0.05999869,0.2428889,-0.114187606,-0.47898608,-0.33369648,-0.20836979,0.23382954,0.029847588,2054
84,64,56,0,0,56,0,3.9,7.0,252,1,0,0,0,1,0.89238137,0.4706121,0.26027292,0.40360126,0.0320033,-0.19291598,-0.7868685,0.14532198,-0.08604389,252
85,497,28,113,10,92,0,4.8,8.0,2362,0,1,0,0,1,0.3393224,0.05999869,0.2428889,-0.114187606,-0.47898608,-0.33369648,-0.20836979,0.23382954,0.029847588,2362
86,288,0,36,0,214,0,8.5,5.0,2963,1,0,0,0,1,0.3393224,0.05999869,0.2428889,-0.114187606,-0.47898608,-0.33369648,-0.20836979,0.23382954,0.029847588,2459
87,494,62,140,67,0,0,17.6,21.0,8706,1,0,0,0,1,0.3393224,0.05999869,0.2428889,-0.114187606,-0.47898608,-0.33369648,-0.20836979,0.23382954,0.029847588,8706
88,130,65,0,0,111,0,5.9,6.0,770,1,0,0,0,1,0.3393224,0.05999869,0.2428889,-0.114187606,-0.47898608,-0.33369648,-0.20836979,0.23382954,0.029847588,770
89,204,43,6,104,0,0,39.8,36.0,8111,1,0,0,0,1,0.3393224,0.05999869,0.2428889,-0.114187606,-0.47898608,-0.33369648,-0.20836979,0.23382954,0.029847588,8111
90,17,5,0,0,0,0,44.8,11.0,762,1,0,0,0,1,0.3393224,0.05999869,0.2428889,-0.114187606,-0.47898608,-0.33369648,-0.20836979,0.23382954,0.029847588,762
91,60,25,0,5,0,0,2.3,1.0,164,1,0,0,0,1,1.5818923,1.0538505,0.4354834,0.8653116,0.40542772,-0.44487464,-1.3698131,0.31813383,-0.23640102,136
92,73,20,36,0,10,0,4.9,1.0,431,1,0,0,0,1,0.3393224,0.05999869,0.2428889,-0.114187606,-0.47898608,-0.33369648,-0.20836979,0.23382954,0.029847588,358
93,169,14,25,70,0,0,2.8,6.0,580,1,0,0,0,1,0.56676066,0.3151354,0.25872034,0.09134726,-0.20758896,-0.17865482,-0.47084945,0.10694119,-0.009400956,481
94,1351,449,271,20,29,136,2.4,8.0,3842,1,0,0,0,1,-3.119916,5.2860427,-8.672071,-2.29531,-3.187597,3.9302673,-1.689637,-2.5140069,-0.94302803,3189
95,2087,444,303,0,0,0,10.8,9.0,22500,0,0,0,1,1,0.3393224,0.05999869,0.2428889,-0.114187606,-0.47898608,-0.33369648,-0.20836979,0.23382954,0.029847588,22500
96,253,0,107,44,0,0,46.3,13.0,12601,1,0,0,0,1,0.3393224,0.05999869,0.2428889,-0.114187606,-0.47898608,-0.33369648,-0.20836979,0.23382954,0.029847588,11719
97,102,26,10,0,0,0,1.8,5.0,244,1,0,0,0,1,2.6585507,2.272666,1.5773318,1.6574821,0.65991557,-1.4613208,-1.5897528,0.7070996,-0.48785233,183
98,115,39,0,0,50,0,12.9,5.0,1786,1,0,0,0,1,0.3393224,0.05999869,0.2428889,-0.114187606,-0.47898608,-0.33369648,-0.20836979,0.23382954,0.029847588,1482
99,288,186,21,60,0,0,4.3,11.0,1251,0,1,0,0,1,0.3393224,0.05999869,0.2428889,-0.114187606,-0.47898608,-0.33369648,-0.20836979,0.23382954,0.029847588,1251
100,199,7,77,0,188,0,4.7,8.0,1136,1,0,0,0,1,0.3393224,0.05999869,0.2428889,-0.114187606,-0.47898608,-0.33369648,-0.20836979,0.23382954,0.029847588,943
101,163,14,33,10,0,0,16.5,11.0,3234,1,0,0,0,1,0.3393224,0.05999869,0.2428889,-0.114187606,-0.47898608,-0.33369648,-0.20836979,0.23382954,0.029847588,2684
102,97,41,0,15,100,10,7.5,9.0,729,0,1,0,0,1,0.3393224,0.05999869,0.2428889,-0.114187606,-0.47898608,-0.33369648,-0.20836979,0.23382954,0.029847588,729
103,439,222,19,10,313,0,8.3,7.0,3630,1,0,0,0,1,0.3393224,0.05999869,0.2428889,-0.114187606,-0.47898608,-0.33369648,-0.20836979,0.23382954,0.029847588,3630
104,3113,609,248,80,0,0,10.9,24.0,42080,1,0,0,0,1,0.3393224,0.05999869,0.2428889,-0.114187606,-0.47898608,-0.33369648,-0.20836979,0.23382954,0.029847588,34085
105,153,7,57,20,0,0,18.7,3.0,3283,0,1,0,0,1,0.3393224,0.05999869,0.2428889,-0.114187606,-0.47898608,-0.33369648,-0.20836979,0.23382954,0.029847588,2856
106,670,97,122,0,498,0,8.6,6.0,6936,1,0,0,0,1,0.3393224,0.05999869,0.2428889,-0.114187606,-0.47898608,-0.33369648,-0.20836979,0.23382954,0.029847588,5757
107,129,93,3,30,155,0,4.9,15.0,631,0,1,0,0,1,0.5483264,0.3046163,0.2585164,0.07473482,-0.22315976,-0.17976314,-0.4538723,0.10760248,-0.0038860962,631
108,329,68,14,0,73,127,6.6,8.0,2184,0,1,0,0,1,0.3393224,0.05999869,0.2428889,-0.114187606,-0.47898608,-0.33369648,-0.20836979,0.23382954,0.029847588,2184
109,5684,454,820,311,0,0,3.7,37.0,21014,1,0,0,0,1,0.3393224,0.05999869,0.2428889,-0.114187606,-0.47898608,-0.33369648,-0.20836979,0.23382954,0.029847588,21014
110,61,4,24,0,0,0,6.8,4.0,502,1,0,0,0,1,0.3393224,0.05999869,0.2428889,-0.114187606,-0.47898608,-0.33369648,-0.20836979,0.23382954,0.029847588,417
111,267,133,51,89,178,86,10.0,9.0,2683,0,1,0,0,1,0.3393224,0.05999869,0.2428889,-0.114187606,-0.47898608,-0.33369648,-0.20836979,0.23382954,0.029847588,2683
112,218,16,56,0,0,0,25.4,4.0,6665,1,0,0,0,1,0.3393224,0.05999869,0.2428889,-0.114187606,-0.47898608,-0.33369648,-0.20836979,0.23382954,0.029847588,5532
113,919,236,56,76,0,0,5.2,6.0,5801,1,0,0,0,1,0.3393224,0.05999869,0.2428889,-0.114187606,-0.47898608,-0.33369648,-0.20836979,0.23382954,0.029847588,4815
114,66,12,6,0,31,0,3.7,2.0,296,1,0,0,0,1,1.029539,0.5337659,0.2627848,0.5364985,0.12689883,-0.20551522,-0.92256194,0.17004083,-0.11544853,246
115,54,0,16,0,52,0,12.7,1.0,827,1,0,0,0,1,0.3393224,0.05999869,0.2428889,-0.114187606,-0.47898608,-0.33369648,-0.20836979,0.23382954,0.029847588,686
116,245,105,27,0,0,0,1.9,13.0,870,1,0,0,0,1,2.2542574,8.026842,1.2339094,2.0813746,0.35939345,-1.9816265,-2.120293,1.2522552,-1.2071499,470
117,54,28,0,0,52,0,7.3,2.0,476,1,0,0,0,1,0.3393224,0.05999869,0.2428889,-0.114187606,-0.47898608,-0.33369648,-0.20836979,0.23382954,0.029847588,395
118,151,54,15,0,19,0,7.2,3.0,1241,0,1,0,0,1,0.3393224,0.05999869,0.2428889,-0.114187606,-0.47898608,-0.33369648,-0.20836979,0.23382954,0.029847588,1080
119,103,4,27,0,0,0,13.6,7.0,1396,0,1,0,0,1,0.3393224,0.05999869,0.2428889,-0.114187606,-0.47898608,-0.33369648,-0.20836979,0.23382954,0.029847588,1396
120,300,82,27,0,142,0,9.8,10.0,2933,1,0,0,0,1,0.3393224,0.05999869,0.2428889,-0.114187606,-0.47898608,-0.33369648,-0.20836979,0.23382954,0.029847588,2933
121,249,4,98,0,191,0,18.3,9.0,4551,1,0,0,0,1,0.3393224,0.05999869,0.2428889,-0.114187606,-0.47898608,-0.33369648,-0.20836979,0.23382954,0.029847588,4551
122,224,21,0,10,210,0,13.4,4.0,3613,1,0,0,0,1,0.3393224,0.05999869,0.2428889,-0.114187606,-0.47898608,-0.33369648,-0.20836979,0.23382954,0.029847588,2999
123,1984,1008,192,0,0,0,1.3,11.0,2540,0,1,0,0,1,15.124418,52.458687,7.4965124,16.686005,5.854437,-12.264191,-14.016371,6.8371925,-6.2022977,2540
124,58,37,0,5,57,0,0.4,2.0,31,1,0,0,0,1,3.9221854,2.8980424,0.3369071,3.362404,1.7164994,0.12198873,-5.017714,1.532611,-1.0888214,26
125,56,0,3,0,53,0,8.0,2.0,540,1,0,0,0,1,0.3393224,0.05999869,0.2428889,-0.114187606,-0.47898608,-0.33369648,-0.20836979,0.23382954,0.029847588,448
126,244,12,44,50,0,0,3.7,3.0,1092,1,0,0,0,1,0.3393224,0.05999869,0.2428889,-0.114187606,-0.47898608,-0.33369648,-0.20836979,0.23382954,0.029847588,906
127,12,0,6,0,3,0,17.6,13.0,211,0,1,0,0,1,0.3705415,0.30716312,-0.24221304,-0.74936634,-1.2660453,-0.123361506,-1.0292276,0.22420217,-0.6753167,211
128,1416,432,0,65,775,0,1.2,12.0,1724,0,1,0,0,1,20.84321,5.8493543,-4.3623223,24.614666,17.498228,0.82276815,-22.813665,-0.30435205,-1.503081,1724
129,67,26,0,35,0,0,23.6,5.0,1821,0,1,0,0,1,0.3393224,0.05999869,0.2428889,-0.114187606,-0.47898608,-0.33369648,-0.20836979,0.23382954,0.029847588,1584
130,95,0,32,0,92,0,1.6,7.0,178,1,0,0,0,1,3.3900723,2.179792,0.41132692,2.8892627,1.6730115,-0.1179504,-3.9637175,1.1913803,-0.6993505,148
131,2376,233,639,131,0,0,10.7,24.0,30701,1,0,0,0,1,0.3393224,0.05999869,0.2428889,-0.114187606,-0.47898608,-0.33369648,-0.20836979,0.23382954,0.029847588,25482
132,442,102,57,0,393,0,1.5,5.0,683,1,0,0,0,1,9.338943,6.1470017,1.522501,7.7360926,5.6296124,-0.3582228,-10.9552355,2.5534277,-2.5356178,683
133,68,12,19,0,56,0,37.1,4.0,3037,1,0,0,0,1,0.3393224,0.05999869,0.2428889,-0.114187606,-0.47898608,-0.33369648,-0.20836979,0.23382954,0.029847588,2521
134,268,96,45,10,20,0,10.9,9.0,2933,0,1,0,0,1,0.3393224,0.05999869,0.2428889,-0.114187606,-0.47898608,-0.33369648,-0.20836979,0.23382954,0.029847588,2933
135,90,0,0,0,0,0,5.5,2.0,595,1,0,0,0,1,0.3393224,0.05999869,0.2428889,-0.114187606,-0.47898608,-0.33369648,-0.20836979,0.23382954,0.029847588,494
136,72,25,7,0,17,0,6.8,7.0,486,1,0,0,0,1,0.3393224,0.05999869,0.2428889,-0.114187606,-0.47898608,-0.33369648,-0.20836979,0.23382954,0.029847588,486
137,505,127,18,0,0,0,9.8,30.0,4955,1,0,0,0,1,0.3393224,0.05999869,0.2428889,-0.114187606,-0.47898608,-0.33369648,-0.20836979,0.23382954,0.029847588,4955
138,450,145,59,0,58,7,13.6,7.0,6138,1,0,0,0,1,0.3393224,0.05999869,0.2428889,-0.114187606,-0.47898608,-0.33369648,-0.20836979,0.23382954,0.029847588,6138
139,230,38,46,0,40,0,6.3,10.0,1748,1,0,0,0,1,0.3393224,0.05999869,0.2428889,-0.114187606,-0.47898608,-0.33369648,-0.20836979,0.23382954,0.029847588,1451
140,242,78,4,0,222,0,1.3,2.0,375,1,0,0,0,1,6.3250046,2.9720504,0.35976702,5.667473,3.7906818,-0.69195604,-6.1614914,1.1244007,-1.2507197,311
141,106,76,6,0,96,0,23.1,2.0,2946,1,0,0,0,1,0.3393224,0.05999869,0.2428889,-0.114187606,-0.47898608,-0.33369648,-0.20836979,0.23382954,0.029847588,2445
142,31,14,0,0,27,0,7.6,6.0,237,1,0,0,0,1,0.93448716,0.6223032,0.18290041,-0.08330128,-0.7636161,-0.1350693,-1.3835304,0.3224436,-0.3962677,237
143,1186,306,109,230,0,0,3.1,9.0,3711,0,0,1,0,1,0.3393224,0.05999869,0.2428889,-0.114187606,-0.47898608,-0.33369648,-0.20836979,0.23382954,0.029847588,3711
144,256,198,0,5,0,0,11.5,19.0,2941,0,1,0,0,1,0.3393224,0.05999869,0.2428889,-0.114187606,-0.47898608,-0.33369648,-0.20836979,0.23382954,0.029847588,2941
145,191,60,15,25,34,0,12.7,11.0,2430,0,1,0,0,1,0.3393224,0.05999869,0.2428889,-0.114187606,-0.47898608,-0.33369648,-0.20836979,0.23382954,0.029847588,2430
146,213,63,6,0,13,0,11.9,10.0,3051,1,0,0,0,1,0.3393224,0.05999869,0.2428889,-0.114187606,-0.47898608,-0.33369648,-0.20836979,0.23382954,0.029847588,2532
147,4562,1278,498,0,0,0,5.8,15.0,26408,1,0,0,0,1,0.3393224,0.05999869,0.2428889,-0.114187606,-0.47898608,-0.33369648,-0.20836979,0.23382954,0.029847588,26408
148,141,33,44,0,133,0,8.8,2.0,1499,1,0,0,0,1,0.3393224,0.05999869,0.2428889,-0.114187606,-0.47898608,-0.33369648,-0.20836979,0.23382954,0.029847588,1244
149,187,65,17,5,0,0,3.0,6.0,677,1,0,0,0,1,1.4294612,0.7179091,0.27010894,0.92399806,0.4035937,-0.24225208,-1.3182145,0.24211563,-0.20118591,562
150,128,0,68,15,0,0,25.8,10.0,7180,1,0,0,0,1,4.6559334,-12.018729,3.5452855,-7.681513,14.347858,-0.20395799,-11.94525,-5.3400393,-22.896706,3303
151,194,16,0,47,132,0,2.6,12.0,703,1,0,0,0,1,2.9687135,1.4266537,0.29829895,2.4154367,1.4685585,-0.38364738,-2.8410325,0.5195225,-0.5311791,499
152,869,300,116,0,0,0,2.4,6.0,2078,0,0,1,0,1,3.5568166,8.361807,2.6269403,3.3964674,1.1224906,-2.8678455,-2.3332245,1.7989943,-1.55998,2078
153,125,9,33,0,84,11,18.6,3.0,2802,1,0,0,0,1,0.3393224,0.05999869,0.2428889,-0.114187606,-0.47898608,-0.33369648,-0.20836979,0.23382954,0.029847588,2326
154,477,117,89,10,218,107,5.7,6.0,2741,1,0,0,0,1,0.3393224,0.05999869,0.2428889,-0.114187606,-0.47898608,-0.33369648,-0.20836979,0.23382954,0.029847588,2741
155,717,13,10,0,712,0,4.9,5.0,4272,1,0,0,0,1,0.3393224,0.05999869,0.2428889,-0.114187606,-0.47898608,-0.33369648,-0.20836979,0.23382954,0.029847588,3546
156,25,28,0,0,28,0,5.6,3.0,140,1,0,0,0,1,2.725184,3.038088,1.2970171,0.46025947,-0.70951396,-0.9689947,-3.3093128,1.4989257,-0.6239296,140
157,73,61,3,0,0,0,19.2,8.0,1404,1,0,0,0,1,0.3393224,0.05999869,0.2428889,-0.114187606,-0.47898608,-0.33369648,-0.20836979,0.23382954,0.029847588,1404
158,100,0,0,42,75,0,9.3,12.0,1119,1,0,0,0,1,0.3393224,0.05999869,0.2428889,-0.114187606,-0.47898608,-0.33369648,-0.20836979,0.23382954,0.029847588,929
159,273,183,15,0,0,0,1.9,5.0,528,0,0,1,0,1,4.3290267,7.425447,3.65175,4.095963,1.802879,-3.186662,-2.2200835,1.8771095,-2.2807722,528
160,587,119,94,0,0,0,6.4,15.0,3748,0,0,1,0,1,0.3393224,0.05999869,0.2428889,-0.114187606,-0.47898608,-0.33369648,-0.20836979,0.23382954,0.029847588,3748
161,1437,154,41,0,0,0,3.4,18.0,4900,0,0,0,1,1,-0.07176694,0.16668728,-0.75067085,-0.24604966,-0.6733118,0.3006481,-0.31670848,-0.22646594,-0.11157734,4900
162,97,101,3,7,6,0,19.1,12.0,1853,0,1,0,0,1,0.3393224,0.05999869,0.2428889,-0.114187606,-0.47898608,-0.33369648,-0.20836979,0.23382954,0.029847588,1853
163,224,25,6,5,0,0,12.9,13.0,3322,0,1,0,0,1,0.3393224,0.05999869,0.2428889,-0.114187606,-0.47898608,-0.33369648,-0.20836979,0.23382954,0.029847588,2890
164,321,46,9,15,0,0,3.4,11.0,1076,0,0,0,1,1,0.3393224,0.05999869,0.2428889,-0.114187606,-0.47898608,-0.33369648,-0.20836979,0.23382954,0.029847588,1076
165,99,4,19,10,0,0,24.1,4.0,2876,1,0,0,0,1,0.3393224,0.05999869,0.2428889,-0.114187606,-0.47898608,-0.33369648,-0.20836979,0.23382954,0.029847588,2387
166,416,40,54,7,65,6,3.8,6.0,1911,1,0,0,0,1,0.3393224,0.05999869,0.2428889,-0.114187606,-0.47898608,-0.33369648,-0.20836979,0.23382954,0.029847588,1586
167,71,21,4,5,40,0,14.0,4.0,1201,1,0,0,0,1,0.3393224,0.05999869,0.2428889,-0.114187606,-0.47898608,-0.33369648,-0.20836979,0.23382954,0.029847588,997
168,120,48,12,0,108,0,1.8,5.0,212,1,0,0,0,1,3.649887,2.289976,0.3725227,3.0047646,1.9793895,-0.27642992,-4.032633,0.8110516,-0.70854855,212
169,213,43,3,30,97,3,6.0,12.0,1278,0,1,0,0,1,0.3393224,0.05999869,0.2428889,-0.114187606,-0.47898608,-0.33369648,-0.20836979,0.23382954,0.029847588,1278
170,1634,387,223,0,0,0,4.3,12.0,7060,0,1,0,0,1,0.3393224,0.05999869,0.2428889,-0.114187606,-0.47898608,-0.33369648,-0.20836979,0.23382954,0.029847588,7060
171,275,11,48,0,243,0,2.6,9.0,702,1,0,0,0,1,3.9401526,2.5066395,0.68363434,3.0885603,2.08466,-0.23677567,-4.4463763,0.9850862,-0.9594986,702
172,458,66,75,0,0,0,2.0,16.0,903,1,0,0,0,1,6.36087,7.236496,4.4643793,5.1671414,2.5828629,-3.7750778,-3.3726475,2.023908,-2.1309369,903
173,218,118,44,10,109,0,31.0,8.0,8151,1,0,0,0,1,0.3393224,0.05999869,0.2428889,-0.114187606,-0.47898608,-0.33369648,-0.20836979,0.23382954,0.029847588,6765
174,498,132,7,122,0,0,16.5,19.0,8227,0,0,1,0,1,0.3393224,0.05999869,0.2428889,-0.114187606,-0.47898608,-0.33369648,-0.20836979,0.23382954,0.029847588,8227
175,143,65,0,0,122,0,2.3,4.0,402,1,0,0,0,1,3.3439767,1.5994437,0.3051717,2.7790442,1.7281929,-0.4181191,-3.2122905,0.5871534,-0.6116302,334
176,722,0,202,20,0,0,5.8,9.0,4164,1,0,0,0,1,0.3393224,0.05999869,0.2428889,-0.114187606,-0.47898608,-0.33369648,-0.20836979,0.23382954,0.029847588,4164
177,236,192,12,0,0,0,29.0,15.0,6844,0,1,0,0,1,0.3393224,0.05999869,0.2428889,-0.114187606,-0.47898608,-0.33369648,-0.20836979,0.23382954,0.029847588,6844
178,239,70,18,55,0,0,6.9,10.0,1661,0,1,0,0,1,0.3393224,0.05999869,0.2428889,-0.114187606,-0.47898608,-0.33369648,-0.20836979,0.23382954,0.029847588,1661
179,1882,589,218,0,0,0,3.2,10.0,6068,0,1,0,0,1,0.3393224,0.05999869,0.2428889,-0.114187606,-0.47898608,-0.33369648,-0.20836979,0.23382954,0.029847588,6068
180,291,29,0,37,0,0,20.8,14.0,6519,0,1,0,0,1,0.3393224,0.05999869,0.2428889,-0.114187606,-0.47898608,-0.33369648,-0.20836979,0.23382954,0.029847588,6063
181,328,71,61,0,0,0,2.0,13.0,665,1,0,0,0,1,5.106354,4.4033985,3.4459379,3.7006063,1.8328868,-2.9227521,-2.7590334,1.3918209,-1.4097449,665
182,264,7,50,0,0,0,2.1,6.0,544,1,0,0,0,1,4.5946665,3.915454,2.1928158,3.2322583,1.9564246,-2.3016293,-2.8057113,1.0627462,-0.98748547,544
183,270,42,53,30,0,0,3.3,6.0,893,1,0,0,0,1,0.7859587,0.4216099,0.25832388,0.30048427,-0.041627586,-0.18314,-0.6815819,0.12614222,-0.063228436,893
184,32,7,12,10,0,0,11.0,2.5,352,1,0,0,0,1,0.24868621,0.10415737,-0.4532737,-0.5608244,-1.0610088,0.021232639,-0.93689114,0.12298633,-0.5576127,352
185,1382,245,7,253,0,0,2.4,8.0,3344,0,0,0,1,1,6.0463405,2.8437417,0.3546635,5.3974657,3.5978827,-0.6663586,-5.885804,1.0741795,-1.1909791,3344
186,98,5,19,0,3,0,4.1,1.0,487,1,0,0,0,1,0.90580887,0.47679472,0.2605188,0.41661164,0.041293383,-0.1941494,-0.8001527,0.14774196,-0.0889226,404
187,289,100,0,145,0,0,19.8,8.0,5732,0,1,0,0,1,0.3393224,0.05999869,0.2428889,-0.114187606,-0.47898608,-0.33369648,-0.20836979,0.23382954,0.029847588,5732
188,1059,234,144,60,0,0,21.6,17.0,26345,0,1,0,0,1,0.3393224,0.05999869,0.2428889,-0.114187606,-0.47898608,-0.33369648,-0.20836979,0.23382954,0.029847588,22920
189,724,12,189,0,142,24,13.0,9.0,11336,1,0,0,0,1,0.3393224,0.05999869,0.2428889,-0.114187606,-0.47898608,-0.33369648,-0.20836979,0.23382954,0.029847588,9409
190,40,22,0,0,0,0,7.1,4.0,285,0,0,0,1,1,1.4159058,1.0667909,0.46941513,-0.28784204,-1.2075495,-0.3049114,-2.0189135,0.60280114,-0.767966,285
191,128,18,24,0,117,0,10.1,3.0,1558,1,0,0,0,1,0.3393224,0.05999869,0.2428889,-0.114187606,-0.47898608,-0.33369648,-0.20836979,0.23382954,0.029847588,1293
192,1248,262,146,15,0,0,12.2,12.0,15165,0,0,0,1,1,0.3393224,0.05999869,0.2428889,-0.114187606,-0.47898608,-0.33369648,-0.20836979,0.23382954,0.029847588,15165
193,387,118,67,7,0,0,8.5,17.0,3960,1,0,0,0,1,0.3393224,0.05999869,0.2428889,-0.114187606,-0.47898608,-0.33369648,-0.20836979,0.23382954,0.029847588,3287
194,73,65,0,5,44,7,10.5,3.0,920,1,0,0,0,1,0.3393224,0.05999869,0.2428889,-0.114187606,-0.47898608,-0.33369648,-0.20836979,0.23382954,0.029847588,764
195,151,0,68,0,105,0,14.5,3.0,2643,1,0,0,0,1,0.3393224,0.05999869,0.2428889,-0.114187606,-0.47898608,-0.33369648,-0.20836979,0.23382954,0.029847588,2194
196,465,162,0,37,0,0,4.3,4.0,2427,1,0,0,0,1,0.3393224,0.05999869,0.2428889,-0.114187606,-0.47898608,-0.33369648,-0.20836979,0.23382954,0.029847588,2014
197,63,0,9,0,0,0,13.1,4.0,996,1,0,0,0,1,0.3393224,0.05999869,0.2428889,-0.114187606,-0.47898608,-0.33369648,-0.20836979,0.23382954,0.029847588,827
198,226,70,19,0,106,7,11.1,10.0,2508,1,0,0,0,1,0.3393224,0.05999869,0.2428889,-0.114187606,-0.47898608,-0.33369648,-0.20836979,0.23382954,0.029847588,2508
199,115,11,28,0,105,0,1.7,1.5,201,1,0,0,0,1,4.6179323,4.50246,0.69705707,3.3836114,1.5517118,-0.1697194,-6.554735,2.3356066,-1.2599224,201
200,189,112,3,0,182,0,3.0,15.0,563,0,1,0,0,1,3.4522948,1.6493182,0.30715543,2.8839977,1.8031353,-0.42806917,-3.319452,0.6066747,-0.634852,563
201,55,0,6,0,0,0,9.7,11.0,643,1,0,0,0,1,0.3393224,0.05999869,0.2428889,-0.114187606,-0.47898608,-0.33369648,-0.20836979,0.23382954,0.029847588,534
202,85,44,0,0,68,0,12.2,4.0,1252,1,0,0,0,1,0.3393224,0.05999869,0.2428889,-0.114187606,-0.47898608,-0.33369648,-0.20836979,0.23382954,0.029847588,1039
203,2143,657,3,437,0,0,20.2,7.0,52172,1,0,0,0,1,0.3393224,0.05999869,0.2428889,-0.114187606,-0.47898608,-0.33369648,-0.20836979,0.23382954,0.029847588,43303
204,520,160,9,25,0,0,6.0,8.0,3133,0,1,0,0,1,0.3393224,0.05999869,0.2428889,-0.114187606,-0.47898608,-0.33369648,-0.20836979,0.23382954,0.029847588,3133
205,113,34,16,0,64,0,15.9,3.0,2070,0,1,0,0,1,0.3393224,0.05999869,0.2428889,-0.114187606,-0.47898608,-0.33369648,-0.20836979,0.23382954,0.029847588,1801
206,264,17,26,0,98,6,10.0,6.0,3180,1,0,0,0,1,0.3393224,0.05999869,0.2428889,-0.114187606,-0.47898608,-0.33369648,-0.20836979,0.23382954,0.029847588,2639
207,349,24,18,30,4,0,6.8,4.0,2360,0,1,0,0,1,0.3393224,0.05999869,0.2428889,-0.114187606,-0.47898608,-0.33369648,-0.20836979,0.23382954,0.029847588,2360
208,229,5,0,131,0,0,11.0,5.0,2897,0,1,0,0,1,0.3393224,0.05999869,0.2428889,-0.114187606,-0.47898608,-0.33369648,-0.20836979,0.23382954,0.029847588,2520
209,172,40,4,7,0,0,10.4,5.0,1788,0,0,0,1,1,0.3393224,0.05999869,0.2428889,-0.114187606,-0.47898608,-0.33369648,-0.20836979,0.23382954,0.029847588,1788
210,323,57,53,31,0,0,3.8,13.0,1238,1,0,0,0,1,0.3393224,0.05999869,0.2428889,-0.114187606,-0.47898608,-0.33369648,-0.20836979,0.23382954,0.029847588,1238
211,89,28,17,30,73,0,5.0,4.0,442,0,1,0,0,1,1.5617824,1.0605108,0.34038264,0.9275156,0.45240173,-0.21155791,-1.6418327,0.24622594,-0.25205952,442
212,878,404,161,17,0,0,3.8,5.0,3742,1,0,0,0,1,0.3393224,0.05999869,0.2428889,-0.114187606,-0.47898608,-0.33369648,-0.20836979,0.23382954,0.029847588,3368
213,220,50,51,0,0,0,1.3,3.0,281,0,0,1,0,1,7.129788,6.155381,4.175016,5.364569,3.0531285,-3.8605275,-4.126973,1.742527,-1.8526279,281
214,150,4,20,0,143,0,4.6,3.0,828,1,0,0,0,1,1.1447686,0.58682317,0.26489508,0.6481487,0.20662296,-0.21610023,-1.0365613,0.19080766,-0.14015216,687
215,161,38,30,0,0,0,1.4,2.0,220,1,0,0,0,1,5.8912454,5.6974506,2.5140417,4.168819,2.4398808,-2.6763399,-4.562012,1.7127548,-1.1118908,220
216,804,334,0,42,0,0,14.2,12.0,13720,1,0,0,0,1,0.3393224,0.05999869,0.2428889,-0.114187606,-0.47898608,-0.33369648,-0.20836979,0.23382954,0.029847588,11388
217,272,20,61,30,0,0,35.7,14.0,11172,0,1,0,0,1,0.3393224,0.05999869,0.2428889,-0.114187606,-0.47898608,-0.33369648,-0.20836979,0.23382954,0.029847588,9720
218,33,7,0,15,8,0,4.4,2.0,145,0,1,0,0,1,4.127358,5.888515,1.315298,1.0432664,-0.78027,-1.1300149,-5.761813,2.4786103,-0.97472423,145
219,64,28,10,0,0,0,2.2,3.0,140,0,1,0,0,1,4.3456693,5.436671,1.7990963,1.2918564,-0.20738907,-1.5191514,-5.444342,2.670936,-0.88422114,140
220,277,110,47,0,170,0,4.6,19.0,1265,0,1,0,0,1,0.3393224,0.05999869,0.2428889,-0.114187606,-0.47898608,-0.33369648,-0.20836979,0.23382954,0.029847588,1265
221,322,100,67,0,106,14,16.3,13.0,6316,1,0,0,0,1,0.3393224,0.05999869,0.2428889,-0.114187606,-0.47898608,-0.33369648,-0.20836979,0.23382954,0.029847588,5242
222,164,56,18,20,43,0,17.0,11.0,2791,0,1,0,0,1,0.3393224,0.05999869,0.2428889,-0.114187606,-0.47898608,-0.33369648,-0.20836979,0.23382954,0.029847588,2791
223,145,10,72,0,0,0,5.1,3.0,894,1,0,0,0,1,0.3393224,0.05999869,0.2428889,-0.114187606,-0.47898608,-0.33369648,-0.20836979,0.23382954,0.029847588,742
224,73,24,12,0,72,0,8.0,5.0,704,1,0,0,0,1,0.3393224,0.05999869,0.2428889,-0.114187606,-0.47898608,-0.33369648,-0.20836979,0.23382954,0.029847588,584
225,245,179,24,15,0,0,3.6,7.0,893,0,1,0,0,1,0.3393224,0.05999869,0.2428889,-0.114187606,-0.47898608,-0.33369648,-0.20836979,0.23382954,0.029847588,893
226,406,36,125,0,288,0,13.9,7.0,6794,1,0,0,0,1,0.3393224,0.05999869,0.2428889,-0.114187606,-0.47898608,-0.33369648,-0.20836979,0.23382954,0.029847588,5639
227,98,0,41,0,68,0,56.5,5.0,6666,1,0,0,0,1,0.3393224,0.05999869,0.2428889,-0.114187606,-0.47898608,-0.33369648,-0.20836979,0.23382954,0.029847588,5533
228,83,10,3,0,63,4,4.9,3.0,494,1,0,0,0,1,1.7303177,0.8564377,0.2756189,1.2155094,0.61174786,-0.26988858,-1.615859,0.2963367,-0.26568535,410
229,182,59,39,0,157,0,5.5,5.0,1206,1,0,0,0,1,0.3393224,0.05999869,0.2428889,-0.114187606,-0.47898608,-0.33369648,-0.20836979,0.23382954,0.029847588,1001
230,820,98,199,0,212,35,3.1,11.0,2552,0,0,0,1,1,0.97908247,0.5105333,0.26186073,0.48760924,0.09198934,-0.20088035,-0.87264407,0.1609474,-0.10463139,2552
231,545,226,131,0,466,0,16.0,11.0,8740,1,0,0,0,1,0.3393224,0.05999869,0.2428889,-0.114187606,-0.47898608,-0.33369648,-0.20836979,0.23382954,0.029847588,8740
232,105,9,0,0,84,0,1.9,8.0,198,1,0,0,0,1,5.2761073,5.001637,0.5570521,4.321277,1.5178174,0.061161593,-7.783313,2.7882028,-0.94193023,198
233,55,10,14,0,42,0,42.7,1.0,2828,1,0,0,0,1,0.3393224,0.05999869,0.2428889,-0.114187606,-0.47898608,-0.33369648,-0.20836979,0.23382954,0.029847588,2347
234,62,4,0,7,0,0,13.2,8.0,984,1,0,0,0,1,0.3393224,0.05999869,0.2428889,-0.114187606,-0.47898608,-0.33369648,-0.20836979,0.23382954,0.029847588,817
235,109,105,0,0,105,0,2.3,1.0,300,1,0,0,0,1,3.8967924,2.4680715,0.39305377,3.0756657,2.0739331,-0.39351904,-4.1355615,0.6394656,-0.752487,249
236,436,334,15,60,0,0,17.8,15.0,7762,0,1,0,0,1,0.3393224,0.05999869,0.2428889,-0.114187606,-0.47898608,-0.33369648,-0.20836979,0.23382954,0.029847588,7762
237,179,44,6,40,0,0,4.3,4.0,935,1,0,0,0,1,0.3393224,0.05999869,0.2428889,-0.114187606,-0.47898608,-0.33369648,-0.20836979,0.23382954,0.029847588,776
238,1710,521,233,0,0,0,7.7,21.0,13130,0,1,0,0,1,0.3393224,0.05999869,0.2428889,-0.114187606,-0.47898608,-0.33369648,-0.20836979,0.23382954,0.029847588,13130
239,128,15,25,0,0,0,12.8,2.0,1890,0,1,0,0,1,0.3393224,0.05999869,0.2428889,-0.114187606,-0.47898608,-0.33369648,-0.20836979,0.23382954,0.029847588,1644
240,174,7,30,32,0,0,77.7,8.0,13528,0,0,0,1,1,0.3393224,0.05999869,0.2428889,-0.114187606,-0.47898608,-0.33369648,-0.20836979,0.23382954,0.029847588,13528
241,70,4,15,0,29,0,8.8,5.0,743,1,0,0,0,1,0.3393224,0.05999869,0.2428889,-0.114187606,-0.47898608,-0.33369648,-0.20836979,0.23382954,0.029847588,617
242,379,29,57,15,0,0,6.3,7.0,2391,1,0,0,0,1,0.3393224,0.05999869,0.2428889,-0.114187606,-0.47898608,-0.33369648,-0.20836979,0.23382954,0.029847588,2391
243,258,16,230,0,232,0,2.3,5.0,605,0,1,0,0,1,6.173799,6.3902445,3.0934474,2.7587266,0.5865387,-0.8545307,-8.349988,3.766443,-2.4848557,605
244,129,0,39,25,0,0,16.0,4.0,2372,0,1,0,0,1,0.3393224,0.05999869,0.2428889,-0.114187606,-0.47898608,-0.33369648,-0.20836979,0.23382954,0.029847588,2064
245,856,194,74,155,0,0,3.0,12.0,2551,0,1,0,0,1,0.3393224,0.05999869,0.2428889,-0.114187606,-0.47898608,-0.33369648,-0.20836979,0.23382954,0.029847588,2551
246,127,14,10,0,94,0,13.1,7.0,2010,1,0,0,0,1,0.3393224,0.05999869,0.2428889,-0.114187606,-0.47898608,-0.33369648,-0.20836979,0.23382954,0.029847588,1668
247,381,107,9,65,191,0,4.8,19.0,1817,0,1,0,0,1,0.3393224,0.05999869,0.2428889,-0.114187606,-0.47898608,-0.33369648,-0.20836979,0.23382954,0.029847588,1817
248,234,19,93,5,3,0,21.8,10.0,5103,1,0,0,0,1,0.3393224,0.05999869,0.2428889,-0.114187606,-0.47898608,-0.33369648,-0.20836979,0.23382954,0.029847588,5103
249,215,62,46,0,135,0,13.2,8.0,3417,1,0,0,0,1,0.3393224,0.05999869,0.2428889,-0.114187606,-0.47898608,-0.33369648,-0.20836979,0.23382954,0.029847588,2836
250,1406,70,290,90,0,0,10.6,1.0,14698,0,0,0,1,1,0.3393224,0.05999869,0.2428889,-0.114187606,-0.47898608,-0.33369648,-0.20836979,0.23382954,0.029847588,14938
251,85,67,3,15,59,25,12.3,13.0,1049,0,1,0,0,1,0.3393224,0.05999869,0.2428889,-0.114187606,-0.47898608,-0.33369648,-0.20836979,0.23382954,0.029847588,1049
252,59,32,3,5,0,0,18.0,10.0,1278,1,0,0,0,1,0.3393224,0.05999869,0.2428889,-0.114187606,-0.47898608,-0.33369648,-0.20836979,0.23382954,0.029847588,1061
253,358,0,89,40,0,0,38.9,9.0,16770,1,0,0,0,1,0.3393224,0.05999869,0.2428889,-0.114187606,-0.47898608,-0.33369648,-0.20836979,0.23382954,0.029847588,13919
254,73,0,12,0,62,0,50.3,7.0,4428,1,0,0,0,1,0.3393224,0.05999869,0.2428889,-0.114187606,-0.47898608,-0.33369648,-0.20836979,0.23382954,0.029847588,3675
255,597,96,78,7,0,0,4.3,6.0,2542,1,0,0,0,1,0.3393224,0.05999869,0.2428889,-0.114187606,-0.47898608,-0.33369648,-0.20836979,0.23382954,0.029847588,2542
256,276,120,34,0,139,18,8.1,2.0,2244,1,0,0,0,1,0.3393224,0.05999869,0.2428889,-0.114187606,-0.47898608,-0.33369648,-0.20836979,0.23382954,0.029847588,2244
257,728,165,15,167,27,255,11.1,4.0,9694,1,0,0,0,1,0.3393224,0.05999869,0.2428889,-0.114187606,-0.47898608,-0.33369648,-0.20836979,0.23382954,0.029847588,8046
258,59,55,0,0,11,33,83.8,6.0,5958,1,0,0,0,1,0.3393224,0.05999869,0.2428889,-0.114187606,-0.47898608,-0.33369648,-0.20836979,0.23382954,0.029847588,4945
259,98,32,9,0,42,7,13.4,11.0,1582,1,0,0,0,1,0.3393224,0.05999869,0.2428889,-0.114187606,-0.47898608,-0.33369648,-0.20836979,0.23382954,0.029847588,1313
260,756,66,127,5,320,112,4.3,7.0,3214,1,0,0,0,1,0.3393224,0.05999869,0.2428889,-0.114187606,-0.47898608,-0.33369648,-0.20836979,0.23382954,0.029847588,3214
261,155,34,0,0,107,0,3.1,10.0,582,1,0,0,0,1,2.7887175,1.3437753,0.2950027,2.2410321,1.3440245,-0.3671129,-2.6629586,0.4870835,-0.4925909,483
262,544,104,107,0,362,0,4.2,4.0,2778,1,0,0,0,1,0.3393224,0.05999869,0.2428889,-0.114187606,-0.47898608,-0.33369648,-0.20836979,0.23382954,0.029847588,2306
263,813,677,34,100,820,0,2.0,9.0,1634,0,1,0,0,1,14.055691,6.531628,0.5013469,13.158025,9.139325,-1.4020941,-13.809647,2.517641,-2.9080658,1634
264,75,0,30,14,0,0,9.6,6.0,720,1,0,0,0,1,0.24480507,0.15089461,-0.018680245,-0.20345238,-0.5374214,-0.1075371,-0.3429038,0.060452342,-0.08247162,720
265,112,4,16,0,0,0,9.6,13.0,1073,0,0,0,1,1,0.3393224,0.05999869,0.2428889,-0.114187606,-0.47898608,-0.33369648,-0.20836979,0.23382954,0.029847588,1073
266,211,32,79,5,100,0,16.9,13.0,3566,1,0,0,0,1,0.3393224,0.05999869,0.2428889,-0.114187606,-0.47898608,-0.33369648,-0.20836979,0.23382954,0.029847588,3566
267,895,271,222,0,0,0,0.9,7.0,780,1,0,0,0,1,15.304881,26.826883,6.09032,17.405062,10.54408,-8.141538,-9.118724,1.3218646,-1.8657706,780
268,74,7,37,5,0,0,54.0,14.0,3995,1,0,0,0,1,0.3393224,0.05999869,0.2428889,-0.114187606,-0.47898608,-0.33369648,-0.20836979,0.23382954,0.029847588,3995
269,3331,519,399,360,0,0,14.7,42.0,49034,0,0,0,1,1,0.3393224,0.05999869,0.2428889,-0.114187606,-0.47898608,-0.33369648,-0.20836979,0.23382954,0.029847588,49034
270,64,18,9,5,39,11,6.1,6.0,472,1,0,0,0,1,1.7392361,1.5266787,0.5876137,0.837727,0.27707455,-0.24624655,-2.2061243,0.3631996,-0.3238464,392
271,1402,804,187,63,0,0,12.6,23.0,17219,1,0,0,0,1,0.3393224,0.05999869,0.2428889,-0.114187606,-0.47898608,-0.33369648,-0.20836979,0.23382954,0.029847588,17607
272,337,21,86,25,0,0,1.8,8.0,657,1,0,0,0,1,7.044536,6.0830894,3.2196245,5.162174,3.3369694,-3.4644413,-4.3436885,1.6004721,-1.5591779,591
273,73,0,67,10,38,0,11.1,6.0,978,1,0,0,0,1,0.3393224,0.05999869,0.2428889,-0.114187606,-0.47898608,-0.33369648,-0.20836979,0.23382954,0.029847588,812
274,64,28,17,0,17,0,8.8,12.0,680,1,0,0,0,1,0.3393224,0.05999869,0.2428889,-0.114187606,-0.47898608,-0.33369648,-0.20836979,0.23382954,0.029847588,564
275,1703,463,0,316,0,0,5.0,8.0,8549,0,0,1,0,1,0.3393224,0.05999869,0.2428889,-0.114187606,-0.47898608,-0.33369648,-0.20836979,0.23382954,0.029847588,8549
276,151,21,29,19,0,0,2.6,3.0,434,1,0,0,0,1,3.1311827,2.0678635,0.39676535,2.3406863,1.5280207,-0.32432178,-3.3634145,0.50647587,-0.5949827,391
277,66,14,6,0,22,0,27.5,2.0,2189,1,0,0,0,1,0.3393224,0.05999869,0.2428889,-0.114187606,-0.47898608,-0.33369648,-0.20836979,0.23382954,0.029847588,1817
278,70,0,3,5,0,0,7.7,3.0,659,0,1,0,0,1,0.38964218,0.2886535,0.20368505,-0.08634071,-0.42106837,-0.18217824,-0.3822869,0.11108908,0.011579625,540
279,754,130,204,0,512,0,9.9,8.0,8967,1,0,0,0,1,0.3393224,0.05999869,0.2428889,-0.114187606,-0.47898608,-0.33369648,-0.20836979,0.23382954,0.029847588,7443
280,325,49,31,12,142,0,26.7,6.0,10437,1,0,0,0,1,0.3393224,0.05999869,0.2428889,-0.114187606,-0.47898608,-0.33369648,-0.20836979,0.23382954,0.029847588,8663
281,168,7,45,22,0,0,27.5,12.0,4622,0,1,0,0,1,0.3393224,0.05999869,0.2428889,-0.114187606,-0.47898608,-0.33369648,-0.20836979,0.23382954,0.029847588,4622
282,226,50,43,5,0,0,4.0,7.0,915,0,0,0,1,1,0.55989254,0.31144452,0.25909343,0.08472538,-0.213424,-0.17928006,-0.46432355,0.10717557,-0.007475853,915
283,335,71,71,17,0,0,75.8,12.0,25401,0,0,0,1,1,0.3393224,0.05999869,0.2428889,-0.114187606,-0.47898608,-0.33369648,-0.20836979,0.23382954,0.029847588,25401
284,76,51,3,0,12,0,7.5,5.0,686,1,0,0,0,1,0.3393224,0.05999869,0.2428889,-0.114187606,-0.47898608,-0.33369648,-0.20836979,0.23382954,0.029847588,569
285,221,133,0,5,161,0,6.8,4.0,1822,1,0,0,0,1,0.3393224,0.05999869,0.2428889,-0.114187606,-0.47898608,-0.33369648,-0.20836979,0.23382954,0.029847588,1512
286,1010,224,111,75,77,0,5.0,11.0,5053,0,1,0,0,1,0.3393224,0.05999869,0.2428889,-0.114187606,-0.47898608,-0.33369648,-0.20836979,0.23382954,0.029847588,5053
287,116,12,22,15,0,0,16.7,10.0,1939,1,0,0,0,1,0.3393224,0.05999869,0.2428889,-0.114187606,-0.47898608,-0.33369648,-0.20836979,0.23382954,0.029847588,1939
288,39,0,3,0,31,0,2.9,1.0,114,0,1,0,0,1,6.441854,7.3442173,0.32116354,4.725581,1.9112083,0.15828027,-9.072025,2.9461648,-2.1828544,114
289,170,12,23,0,41,0,9.0,8.0,1532,0,0,0,1,1,0.3393224,0.05999869,0.2428889,-0.114187606,-0.47898608,-0.33369648,-0.20836979,0.23382954,0.029847588,1532
290,179,0,49,0,0,0,26.4,4.0,5690,1,0,0,0,1,0.3393224,0.05999869,0.2428889,-0.114187606,-0.47898608,-0.33369648,-0.20836979,0.23382954,0.029847588,4723
291,166,0,38,0,164,0,17.9,13.0,3580,1,0,0,0,1,0.3393224,0.05999869,0.2428889,-0.114187606,-0.47898608,-0.33369648,-0.20836979,0.23382954,0.029847588,2971
292,354,34,174,25,0,0,16.5,10.0,5841,1,0,0,0,1,0.3393224,0.05999869,0.2428889,-0.114187606,-0.47898608,-0.33369648,-0.20836979,0.23382954,0.029847588,5841
293,615,0,74,0,0,0,1.5,8.0,941,0,1,0,0,1,13.905403,24.461164,11.563233,9.842518,2.1711545,-11.818648,-8.135806,10.050058,-10.845569,941
294,126,7,18,15,0,0,8.2,8.0,1035,0,1,0,0,1,0.3393224,0.05999869,0.2428889,-0.114187606,-0.47898608,-0.33369648,-0.20836979,0.23382954,0.029847588,1035
295,1390,377,133,170,0,0,4.0,13.0,5597,0,0,1,0,1,0.3393224,0.05999869,0.2428889,-0.114187606,-0.47898608,-0.33369648,-0.20836979,0.23382954,0.029847588,5597
296,129,59,10,0,44,0,23.2,8.0,3600,1,0,0,0,1,0.3393224,0.05999869,0.2428889,-0.114187606,-0.47898608,-0.33369648,-0.20836979,0.23382954,0.029847588,2988
297,203,48,6,100,0,0,15.9,5.0,3219,1,0,0,0,1,0.3393224,0.05999869,0.2428889,-0.114187606,-0.47898608,-0.33369648,-0.20836979,0.23382954,0.029847588,3219
298,758,312,132,58,0,0,6.1,15.0,4630,1,0,0,0,1,0.3393224,0.05999869,0.2428889,-0.114187606,-0.47898608,-0.33369648,-0.20836979,0.23382954,0.029847588,4630
299,558,116,57,0,0,0,7.4,6.0,4112,1,0,0,0,1,0.3393224,0.05999869,0.2428889,-0.114187606,-0.47898608,-0.33369648,-0.20836979,0.23382954,0.029847588,4112
300,25,0,4,0,0,3,23.2,6.0,580,1,0,0,0,1,0.25000116,-0.0040989276,-1.087331,-1.0296841,-1.7912359,0.2127198,-1.8019412,0.22272547,-1.223582,580
301,850,348,205,74,446,0,12.9,5.0,13183,1,0,0,0,1,0.3393224,0.05999869,0.2428889,-0.114187606,-0.47898608,-0.33369648,-0.20836979,0.23382954,0.029847588,10942
302,235,10,123,0,82,184,4.0,9.0,1129,1,0,0,0,1,1.8546793,0.9137,0.27789655,1.336008,0.69779015,-0.2813125,-1.7388929,0.31874943,-0.29234675,937
303,58,0,19,0,30,0,43.4,8.0,3030,1,0,0,0,1,0.3393224,0.05999869,0.2428889,-0.114187606,-0.47898608,-0.33369648,-0.20836979,0.23382954,0.029847588,2515
304,316,118,14,0,151,11,8.2,8.0,2600,0,1,0,0,1,0.3393224,0.05999869,0.2428889,-0.114187606,-0.47898608,-0.33369648,-0.20836979,0.23382954,0.029847588,2600
305,7633,2455,135,1572,5193,565,3.3,19.0,25217,0,1,0,0,1,22.32515,10.339277,0.65279394,21.17061,14.860727,-2.161725,-21.990818,4.0079803,-4.680917,25217
306,119,118,0,0,19,4,1.5,2.0,212,1,0,0,0,1,6.961353,8.3613205,3.7388802,2.0524569,0.6646255,-3.3240814,-7.5030107,3.4838328,-1.9834796,176
307,55,17,6,10,0,0,6.2,3.0,411,1,0,0,0,1,3.0057118,3.5460103,1.5594319,0.2648319,-0.914381,-1.1955351,-3.860183,1.5160195,-0.9781005,341
308,1644,858,177,115,0,0,9.9,38.0,16357,1,0,0,0,1,0.3393224,0.05999869,0.2428889,-0.114187606,-0.47898608,-0.33369648,-0.20836979,0.23382954,0.029847588,16357
309,1193,667,149,54,485,180,2.5,12.0,3622,1,0,0,0,1,6.5434594,3.0726378,0.36376753,5.879142,3.9418244,-0.7120236,-6.377615,1.1637712,-1.2975535,3006
310,605,231,91,0,0,0,2.8,8.0,2041,1,0,0,0,1,0.62311333,0.7340189,-0.4303595,0.06699989,-0.75377035,0.21948002,-1.1072866,0.08915654,0.40047106,1694
311,389,94,77,10,166,0,2.9,6.0,1134,0,1,0,0,1,3.835713,1.825862,0.31417713,3.255505,2.0684116,-0.46328995,-3.6987772,0.67577523,-0.71705127,1134
312,132,0,27,7,0,0,9.0,8.0,1429,1,0,0,0,1,0.3393224,0.05999869,0.2428889,-0.114187606,-0.47898608,-0.33369648,-0.20836979,0.23382954,0.029847588,1186
313,132,50,22,0,27,60,10.5,9.0,1666,1,0,0,0,1,0.3393224,0.05999869,0.2428889,-0.114187606,-0.47898608,-0.33369648,-0.20836979,0.23382954,0.029847588,1383
314,286,36,44,55,0,0,6.0,6.0,1727,1,0,0,0,1,0.3393224,0.05999869,0.2428889,-0.114187606,-0.47898608,-0.33369648,-0.20836979,0.23382954,0.029847588,1727
315,305,87,39,10,0,0,14.8,7.0,4504,0,0,1,0,1,0.3393224,0.05999869,0.2428889,-0.114187606,-0.47898608,-0.33369648,-0.20836979,0.23382954,0.029847588,4504
316,268,105,0,0,0,0,17.9,8.0,5517,0,1,0,0,1,0.3393224,0.05999869,0.2428889,-0.114187606,-0.47898608,-0.33369648,-0.20836979,0.23382954,0.029847588,4800
317,110,15,0,10,0,0,23.2,24.0,2553,0,1,0,0,1,0.3393224,0.05999869,0.2428889,-0.114187606,-0.47898608,-0.33369648,-0.20836979,0.23382954,0.029847588,2553
318,3963,616,952,42,0,0,4.3,11.0,16921,0,1,0,0,1,0.3393224,0.05999869,0.2428889,-0.114187606,-0.47898608,-0.33369648,-0.20836979,0.23382954,0.029847588,16921
319,397,252,16,0,0,0,18.8,7.0,8987,1,0,0,0,1,0.3393224,0.05999869,0.2428889,-0.114187606,-0.47898608,-0.33369648,-0.20836979,0.23382954,0.029847588,7459
320,254,39,3,0,100,30,15.3,11.0,3877,0,1,0,0,1,0.3393224,0.05999869,0.2428889,-0.114187606,-0.47898608,-0.33369648,-0.20836979,0.23382954,0.029847588,3877
321,134,0,22,0,76,0,15.6,8.0,2516,1,0,0,0,1,0.3393224,0.05999869,0.2428889,-0.114187606,-0.47898608,-0.33369648,-0.20836979,0.23382954,0.029847588,2088
322,266,70,26,5,0,0,17.7,8.0,5657,1,0,0,0,1,0.3393224,0.05999869,0.2428889,-0.114187606,-0.47898608,-0.33369648,-0.20836979,0.23382954,0.029847588,4695
323,237,11,44,0,30,0,13.5,9.0,3857,1,0,0,0,1,0.3393224,0.05999869,0.2428889,-0.114187606,-0.47898608,-0.33369648,-0.20836979,0.23382954,0.029847588,3201
324,1243,15,245,10,0,0,9.2,9.0,13843,1,0,0,0,1,0.3393224,0.05999869,0.2428889,-0.114187606,-0.47898608,-0.33369648,-0.20836979,0.23382954,0.029847588,11490
325,666,233,124,5,0,0,1.1,13.0,752,1,0,0,0,1,14.525679,17.647017,7.423247,12.079052,6.527814,-7.893498,-8.859029,3.2231374,-2.3993587,752
326,1810,423,377,10,0,0,16.2,35.0,29399,0,0,1,0,1,0.3393224,0.05999869,0.2428889,-0.114187606,-0.47898608,-0.33369648,-0.20836979,0.23382954,0.029847588,29399
327,88,7,15,0,76,0,26.1,6.0,2770,1,0,0,0,1,0.3393224,0.05999869,0.2428889,-0.114187606,-0.47898608,-0.33369648,-0.20836979,0.23382954,0.029847588,2299
328,62,8,9,0,0,0,14.2,5.0,949,1,0,0,0,1,0.3393224,0.05999869,0.2428889,-0.114187606,-0.47898608,-0.33369648,-0.20836979,0.23382954,0.029847588,883
329,305,102,19,21,123,0,28.5,10.0,10484,1,0,0,0,1,0.3393224,0.05999869,0.2428889,-0.114187606,-0.47898608,-0.33369648,-0.20836979,0.23382954,0.029847588,8702
330,349,93,97,0,63,0,10.6,8.0,3703,1,0,0,0,1,0.3393224,0.05999869,0.2428889,-0.114187606,-0.47898608,-0.33369648,-0.20836979,0.23382954,0.029847588,3703
331,156,133,0,0,0,0,4.5,4.0,849,1,0,0,0,1,0.7286089,0.39520338,0.25727355,0.24491595,-0.081306264,-0.17787191,-0.6248444,0.11580649,-0.050933503,705
332,100,76,3,0,70,0,14.3,15.0,1434,1,0,0,0,1,0.3393224,0.05999869,0.2428889,-0.114187606,-0.47898608,-0.33369648,-0.20836979,0.23382954,0.029847588,1434
333,222,5,93,0,144,0,11.0,4.0,2952,1,0,0,0,1,0.3393224,0.05999869,0.2428889,-0.114187606,-0.47898608,-0.33369648,-0.20836979,0.23382954,0.029847588,2450
334,506,161,43,80,0,0,6.9,9.0,3500,1,0,0,0,1,0.3393224,0.05999869,0.2428889,-0.114187606,-0.47898608,-0.33369648,-0.20836979,0.23382954,0.029847588,3500
335,123,0,47,25,0,0,15.4,3.0,2179,0,1,0,0,1,0.3393224,0.05999869,0.2428889,-0.114187606,-0.47898608,-0.33369648,-0.20836979,0.23382954,0.029847588,1896
336,252,109,143,0,143,0,27.1,11.0,6821,0,1,0,0,1,0.3393224,0.05999869,0.2428889,-0.114187606,-0.47898608,-0.33369648,-0.20836979,0.23382954,0.029847588,6821
337,258,40,19,0,255,0,5.4,4.0,1678,1,0,0,0,1,0.3393224,0.05999869,0.2428889,-0.114187606,-0.47898608,-0.33369648,-0.20836979,0.23382954,0.029847588,1393
338,166,88,6,0,120,4,15.7,7.0,3137,1,0,0,0,1,0.3393224,0.05999869,0.2428889,-0.114187606,-0.47898608,-0.33369648,-0.20836979,0.23382954,0.029847588,2604
339,181,39,38,5,0,0,20.1,10.0,4088,0,1,0,0,1,0.3393224,0.05999869,0.2428889,-0.114187606,-0.47898608,-0.33369648,-0.20836979,0.23382954,0.029847588,3638
340,284,112,26,0,27,18,11.4,4.0,3234,1,0,0,0,1,0.3393224,0.05999869,0.2428889,-0.114187606,-0.47898608,-0.33369648,-0.20836979,0.23382954,0.029847588,3234
341,52,60,0,0,55,5,4.8,3.0,304,1,0,0,0,1,5.8019257,6.749642,2.4204702,2.1935737,-0.017447382,-1.7622362,-7.2622023,2.8174455,-1.5147247,252
342,102,0,18,7,97,0,10.1,3.0,1239,1,0,0,0,1,0.3393224,0.05999869,0.2428889,-0.114187606,-0.47898608,-0.33369648,-0.20836979,0.23382954,0.029847588,1028
343,58,29,3,0,36,0,11.9,5.0,833,1,0,0,0,1,0.29043376,0.118490174,0.12759826,-0.13587129,-0.4820004,-0.22054201,-0.26202542,0.13897817,-0.022705443,691
344,1196,108,56,5,0,0,6.5,15.0,7824,0,0,0,1,1,0.3393224,0.05999869,0.2428889,-0.114187606,-0.47898608,-0.33369648,-0.20836979,0.23382954,0.029847588,7824
345,38,0,8,0,0,6,6.5,4.0,247,1,0,0,0,1,5.127948,8.200626,0.4787798,1.104341,-1.0714575,-0.7330702,-8.031333,3.611364,-1.3292776,247
346,84,0,21,0,20,0,32.6,10.0,3299,1,0,0,0,1,0.3393224,0.05999869,0.2428889,-0.114187606,-0.47898608,-0.33369648,-0.20836979,0.23382954,0.029847588,2738
347,73,14,8,0,44,0,15.4,6.0,1351,1,0,0,0,1,0.3393224,0.05999869,0.2428889,-0.114187606,-0.47898608,-0.33369648,-0.20836979,0.23382954,0.029847588,1121
348,449,12,12,0,428,0,35.7,8.0,19328,1,0,0,0,1,0.16607684,-0.086697,0.08378906,0.0051149335,-0.23325747,-0.19234645,-0.115202785,-0.142168,-0.18228176,16042
349,551,116,52,5,231,21,4.4,13.0,2934,1,0,0,0,1,0.3393224,0.05999869,0.2428889,-0.114187606,-0.47898608,-0.33369648,-0.20836979,0.23382954,0.029847588,2435
350,194,47,28,35,0,0,7.4,8.0,1440,0,1,0,0,1,0.3393224,0.05999869,0.2428889,-0.114187606,-0.47898608,-0.33369648,-0.20836979,0.23382954,0.029847588,1440
351,185,14,50,10,0,0,34.7,16.0,6416,1,0,0,0,1,0.3393224,0.05999869,0.2428889,-0.114187606,-0.47898608,-0.33369648,-0.20836979,0.23382954,0.029847588,6416
352,134,0,77,0,0,0,9.1,5.0,1461,1,0,0,0,1,0.3393224,0.05999869,0.2428889,-0.114187606,-0.47898608,-0.33369648,-0.20836979,0.23382954,0.029847588,1213
353,1241,45,319,0,0,0,8.2,15.0,10222,1,0,0,0,1,0.3393224,0.05999869,0.2428889,-0.114187606,-0.47898608,-0.33369648,-0.20836979,0.23382954,0.029847588,10222
354,99,0,3,0,93,0,2.4,3.0,241,1,0,0,0,1,8.047245,7.1667657,0.30677614,6.623751,2.6928527,0.26790094,-10.935869,3.7502775,-1.442392,241
355,1285,67,133,7,0,0,0.9,16.5,1200,1,0,0,0,1,28.21054,27.033173,2.3010638,39.70927,35.19666,-6.436144,-14.63573,-11.63244,1.6283473,1200
356,466,212,12,7,0,0,3.7,10.0,2058,1,0,0,0,1,0.3393224,0.05999869,0.2428889,-0.114187606,-0.47898608,-0.33369648,-0.20836979,0.23382954,0.029847588,1708
357,77,0,20,0,65,0,27.4,4.0,2540,1,0,0,0,1,0.3393224,0.05999869,0.2428889,-0.114187606,-0.47898608,-0.33369648,-0.20836979,0.23382954,0.029847588,2108
358,81,22,0,21,10,0,5.6,1.0,547,1,0,0,0,1,2.6843193,2.5230918,0.9928507,1.1683093,0.047943234,-0.36460617,-3.6667345,0.8324921,-0.46685427,454
359,694,164,168,60,0,0,5.9,8.0,4086,0,0,0,1,1,0.3393224,0.05999869,0.2428889,-0.114187606,-0.47898608,-0.33369648,-0.20836979,0.23382954,0.029847588,4086
360,62,7,6,17,51,0,32.7,5.0,2442,1,0,0,0,1,0.3393224,0.05999869,0.2428889,-0.114187606,-0.47898608,-0.33369648,-0.20836979,0.23382954,0.029847588,2027
361,56,42,0,15,0,0,5.2,3.0,293,1,0,0,0,1,5.428315,8.1541,2.319961,-0.035153218,-2.307732,-2.615624,-7.361261,3.721651,-1.9114945,293
362,753,13,0,7,0,0,5.7,12.0,4301,1,0,0,0,1,0.3393224,0.05999869,0.2428889,-0.114187606,-0.47898608,-0.33369648,-0.20836979,0.23382954,0.029847588,4301
363,421,22,217,5,0,0,39.9,15.5,16788,1,0,0,0,1,0.3393224,0.05999869,0.2428889,-0.114187606,-0.47898608,-0.33369648,-0.20836979,0.23382954,0.029847588,16788
364,59,11,3,0,0,0,9.6,3.0,682,1,0,0,0,1,0.98285323,0.54056704,-0.08224905,-0.33241937,-1.1909404,-0.057813417,-1.8282374,0.3875265,-0.748197,566
365,409,201,39,60,0,0,6.5,11.0,2672,0,1,0,0,1,0.3393224,0.05999869,0.2428889,-0.114187606,-0.47898608,-0.33369648,-0.20836979,0.23382954,0.029847588,2672
366,115,90,4,0,21,0,16.3,12.0,1869,0,1,0,0,1,0.3393224,0.05999869,0.2428889,-0.114187606,-0.47898608,-0.33369648,-0.20836979,0.23382954,0.029847588,1869
367,93,20,4,0,70,0,8.6,3.0,967,1,0,0,0,1,0.3393224,0.05999869,0.2428889,-0.114187606,-0.47898608,-0.33369648,-0.20836979,0.23382954,0.029847588,803
368,71,15,12,5,69,0,56.6,7.0,4842,1,0,0,0,1,0.3393224,0.05999869,0.2428889,-0.114187606,-0.47898608,-0.33369648,-0.20836979,0.23382954,0.029847588,4019
369,971,42,249,10,0,0,5.0,14.0,5864,1,0,0,0,1,0.3393224,0.05999869,0.2428889,-0.114187606,-0.47898608,-0.33369648,-0.20836979,0.23382954,0.029847588,4867
370,74,7,42,10,0,0,42.3,17.0,3132,1,0,0,0,1,0.3393224,0.05999869,0.2428889,-0.114187606,-0.47898608,-0.33369648,-0.20836979,0.23382954,0.029847588,3132
371,81,4,25,10,30,23,1.1,1.0,107,1,0,0,0,1,9.465138,9.859004,0.6826283,7.7627673,3.7435024,-0.38941285,-12.972739,4.5883255,-2.9917073,89
372,106,33,19,55,0,0,10.6,7.0,1357,1,0,0,0,1,0.3393224,0.05999869,0.2428889,-0.114187606,-0.47898608,-0.33369648,-0.20836979,0.23382954,0.029847588,1126
373,1168,240,176,10,0,0,1.3,8.0,1538,0,0,1,0,1,23.173662,32.184376,13.45282,23.663586,14.601765,-12.71706,-12.1992655,4.1081586,-6.581647,1538
374,1093,119,235,47,0,0,6.6,11.0,7263,1,0,0,0,1,0.3393224,0.05999869,0.2428889,-0.114187606,-0.47898608,-0.33369648,-0.20836979,0.23382954,0.029847588,7263
375,67,18,31,0,59,0,57.5,2.0,4642,1,0,0,0,1,0.3393224,0.05999869,0.2428889,-0.114187606,-0.47898608,-0.33369648,-0.20836979,0.23382954,0.029847588,3853
376,1256,121,450,50,0,0,23.0,28.0,51527,1,0,0,0,1,17.505655,-78.42689,48.172375,-18.662628,70.10544,-40.15163,-44.75521,-2.883386,-108.513275,28855
377,72,5,0,0,66,0,17.3,15.0,1504,1,0,0,0,1,0.3393224,0.05999869,0.2428889,-0.114187606,-0.47898608,-0.33369648,-0.20836979,0.23382954,0.029847588,1248
378,777,159,38,45,0,0,19.4,13.0,17286,0,1,0,0,1,0.3393224,0.05999869,0.2428889,-0.114187606,-0.47898608,-0.33369648,-0.20836979,0.23382954,0.029847588,15039
379,131,33,18,12,0,0,37.8,13.0,5960,1,0,0,0,1,0.3393224,0.05999869,0.2428889,-0.114187606,-0.47898608,-0.33369648,-0.20836979,0.23382954,0.029847588,4947
380,134,0,0,0,0,0,15.1,8.0,2433,1,0,0,0,1,0.3393224,0.05999869,0.2428889,-0.114187606,-0.47898608,-0.33369648,-0.20836979,0.23382954,0.029847588,2019
381,826,295,72,0,0,0,6.5,42.0,5400,1,0,0,0,1,0.3393224,0.05999869,0.2428889,-0.114187606,-0.47898608,-0.33369648,-0.20836979,0.23382954,0.029847588,5400
382,3180,538,295,0,0,0,10.4,36.0,33028,0,0,0,1,1,0.3393224,0.05999869,0.2428889,-0.114187606,-0.47898608,-0.33369648,-0.20836979,0.23382954,0.029847588,33028
383,324,108,29,5,0,0,15.7,13.0,5078,1,0,0,0,1,0.3393224,0.05999869,0.2428889,-0.114187606,-0.47898608,-0.33369648,-0.20836979,0.23382954,0.029847588,5078
384,220,45,30,0,165,0,3.2,3.0,701,1,0,0,0,1,4.557,2.3935905,0.35722116,3.8626795,2.5533545,-0.50062454,-4.556765,0.7876123,-0.8802568,701
385,258,89,6,49,0,0,2.9,12.0,736,1,0,0,0,1,3.5819883,2.237753,0.37647873,2.8038673,1.861236,-0.3750805,-3.7717981,0.58930856,-0.68189156,736
386,139,19,6,60,0,0,7.0,7.0,976,0,1,0,0,1,0.24582359,0.124889806,-0.3089077,-0.44118884,-0.8790386,-0.020013873,-0.7296767,0.09807244,-0.39723614,976
387,274,123,57,30,0,0,4.3,4.0,1167,0,1,0,0,1,0.3393224,0.05999869,0.2428889,-0.114187606,-0.47898608,-0.33369648,-0.20836979,0.23382954,0.029847588,1167
388,231,86,0,130,0,0,16.3,12.0,3762,0,0,0,1,1,0.3393224,0.05999869,0.2428889,-0.114187606,-0.47898608,-0.33369648,-0.20836979,0.23382954,0.029847588,3762
389,126,15,6,40,118,0,4.9,5.0,619,0,1,0,0,1,4.045146,3.6278248,1.3052673,2.1823661,1.0284548,-0.3838168,-5.472526,1.0200596,-0.8694993,619
390,93,70,0,10,95,0,11.8,8.0,1327,1,0,0,0,1,0.3393224,0.05999869,0.2428889,-0.114187606,-0.47898608,-0.33369648,-0.20836979,0.23382954,0.029847588,1101
391,1825,569,192,60,0,0,0.7,15.0,1210,1,0,0,0,1,24.944483,69.36319,-2.906183,45.208595,34.312737,-13.200816,-12.943667,-4.5893254,1.1185954,1210
392,500,31,130,0,227,53,11.8,8.0,7080,1,0,0,0,1,0.3393224,0.05999869,0.2428889,-0.114187606,-0.47898608,-0.33369648,-0.20836979,0.23382954,0.029847588,5876
393,373,96,21,50,12,0,6.4,10.0,2395,0,1,0,0,1,0.3393224,0.05999869,0.2428889,-0.114187606,-0.47898608,-0.33369648,-0.20836979,0.23382954,0.029847588,2395
394,330,26,64,0,0,0,3.2,10.0,1050,1,0,0,0,1,2.889794,1.3903161,0.29685375,2.3389695,1.413957,-0.3763979,-2.7629569,0.5052997,-0.5142602,1050
395,57,28,0,0,55,0,30.5,4.0,2098,1,0,0,0,1,0.3393224,0.05999869,0.2428889,-0.114187606,-0.47898608,-0.33369648,-0.20836979,0.23382954,0.029847588,1741
396,127,0,20,0,98,14,12.4,4.0,1902,1,0,0,0,1,0.3393224,0.05999869,0.2428889,-0.114187606,-0.47898608,-0.33369648,-0.20836979,0.23382954,0.029847588,1579
397,1362,291,171,0,0,0,2.3,11.0,3193,0,0,1,0,1,10.857051,13.211041,7.5924935,9.250852,4.8037996,-6.457159,-5.7833953,3.513859,-3.830455,3193
398,1463,119,223,0,0,0,24.6,23.0,36046,0,0,0,1,1,0.3393224,0.05999869,0.2428889,-0.114187606,-0.47898608,-0.33369648,-0.20836979,0.23382954,0.029847588,36046
399,148,49,36,15,0,0,23.2,3.0,4141,1,0,0,0,1,0.3393224,0.05999869,0.2428889,-0.114187606,-0.47898608,-0.33369648,-0.20836979,0.23382954,0.029847588,3437
400,474,24,343,15,433,0,3.9,6.0,1829,1,0,0,0,1,4.174112,1.9816769,0.32037517,3.5833924,2.30254,-0.49437532,-4.033563,0.7367623,-0.78959906,1829
401,77,18,21,0,59,0,5.3,10.0,492,1,0,0,0,1,4.490718,4.7365527,1.2119358,2.3992157,0.6140944,-0.57042843,-6.191086,2.0328064,-0.56377685,408
402,213,67,41,0,161,0,3.8,2.5,801,1,0,0,0,1,3.7652185,1.7934031,0.3128864,3.1872008,2.0196383,-0.45681453,-3.6290348,0.66307074,-0.7019385,801
403,175,53,0,0,116,0,3.4,7.0,597,0,1,0,0,1,5.852206,4.820711,1.2316403,4.0507,2.7507854,-0.4399041,-7.4016685,1.1403741,-1.3573753,597
404,360,98,54,0,0,0,2.1,18.0,763,1,0,0,0,1,6.5120277,5.3474956,2.4323108,4.749321,3.1774316,-2.821744,-4.4595275,1.5054404,-1.252731,763
405,331,0,12,284,96,128,3.7,5.0,1238,0,1,0,0,1,2.4789429,1.2538712,0.3446586,1.6595594,0.9245037,-0.36721006,-2.3369784,0.50746995,-0.4641109,1238
406,285,187,15,25,0,0,4.4,7.0,1249,0,1,0,0,1,0.3393224,0.05999869,0.2428889,-0.114187606,-0.47898608,-0.33369648,-0.20836979,0.23382954,0.029847588,1249
407,187,32,10,5,159,0,73.5,3.0,15807,0,1,0,0,1,0.3393224,0.05999869,0.2428889,-0.114187606,-0.47898608,-0.33369648,-0.20836979,0.23382954,0.029847588,13752
408,502,32,89,120,0,0,18.5,14.0,9296,1,0,0,0,1,0.3393224,0.05999869,0.2428889,-0.114187606,-0.47898608,-0.33369648,-0.20836979,0.23382954,0.029847588,9296
409,303,266,0,25,291,0,1.1,1.0,396,1,0,0,0,1,10.092326,4.715123,-0.45373958,10.424381,7.374551,-0.3426555,-10.330848,1.9673833,-1.9312125,329
410,174,83,0,5,35,60,17.7,17.0,3088,0,1,0,0,1,0.3393224,0.05999869,0.2428889,-0.114187606,-0.47898608,-0.33369648,-0.20836979,0.23382954,0.029847588,3088
411,44,0,16,5,3,0,8.6,2.0,380,0,0,0,1,1,5.6134315,7.105792,2.471066,0.50760025,-1.3541734,-1.7232188,-7.571636,3.8081717,-1.6578788,380
412,387,221,37,0,362,0,6.0,7.0,2811,1,0,0,0,1,0.3393224,0.05999869,0.2428889,-0.114187606,-0.47898608,-0.33369648,-0.20836979,0.23382954,0.029847588,2333
413,406,374,27,0,398,0,5.2,19.0,2109,0,1,0,0,1,0.3393224,0.05999869,0.2428889,-0.114187606,-0.47898608,-0.33369648,-0.20836979,0.23382954,0.029847588,2109
414,496,109,67,60,0,0,20.3,14.0,11586,0,1,0,0,1,0.3393224,0.05999869,0.2428889,-0.114187606,-0.47898608,-0.33369648,-0.20836979,0.23382954,0.029847588,10080
415,116,38,4,0,73,0,4.8,2.0,553,1,0,0,0,1,4.512446,4.2959237,1.2522415,2.5859933,0.7887707,-0.3397621,-6.3557415,1.6405174,-0.64717317,553
416,53,17,0,5,0,0,6.7,16.0,354,0,1,0,0,1,6.2089167,9.518101,2.548782,0.04583579,-2.3783278,-2.3583817,-8.520716,4.0518236,-2.314007,354
417,209,145,10,0,15,0,0.9,2.5,190,1,0,0,0,1,13.633921,15.365318,8.1939535,6.4239984,2.446237,-7.2481794,-12.642236,6.278785,-3.6953263,190
418,903,134,158,100,303,186,6.1,11.0,6605,1,0,0,0,1,0.3393224,0.05999869,0.2428889,-0.114187606,-0.47898608,-0.33369648,-0.20836979,0.23382954,0.029847588,5482
419,469,170,15,96,0,0,6.8,11.0,3845,1,0,0,0,1,0.3393224,0.05999869,0.2428889,-0.114187606,-0.47898608,-0.33369648,-0.20836979,0.23382954,0.029847588,3191
420,1894,1241,143,10,696,75,2.1,12.0,3986,0,1,0,0,1,14.784834,6.86736,0.5147,13.864518,9.6438,-1.4690737,-14.531005,2.6490483,-3.064384,3986
421,215,0,94,0,133,0,2.6,7.0,560,1,0,0,0,1,5.716677,4.5458217,0.78355086,4.748035,3.3840117,-0.2627836,-7.268308,1.6638125,-1.1747252,560
422,82,9,20,0,52,0,1.0,2.0,96,1,0,0,0,1,10.553488,11.122082,0.73994297,8.475531,4.2116647,0.14289925,-15.099064,4.6756573,-3.338369,80
423,1694,469,385,85,0,0,4.6,16.0,7816,1,0,0,0,1,0.3393224,0.05999869,0.2428889,-0.114187606,-0.47898608,-0.33369648,-0.20836979,0.23382954,0.029847588,7816
424,81,22,20,0,4,8,24.7,5.0,2412,1,0,0,0,1,0.3393224,0.05999869,0.2428889,-0.114187606,-0.47898608,-0.33369648,-0.20836979,0.23382954,0.029847588,2002
425,297,7,132,0,264,12,5.2,6.0,1557,1,0,0,0,1,0.91150135,0.47941574,0.26062298,0.4221273,0.04523188,-0.1946723,-0.80578417,0.14876778,-0.09014288,1557
426,280,91,0,0,0,0,5.1,7.0,1417,0,0,0,1,1,0.3393224,0.05999869,0.2428889,-0.114187606,-0.47898608,-0.33369648,-0.20836979,0.23382954,0.029847588,1417
427,56,5,16,0,21,0,22.3,5.0,1501,1,0,0,0,1,0.3393224,0.05999869,0.2428889,-0.114187606,-0.47898608,-0.33369648,-0.20836979,0.23382954,0.029847588,1246
428,492,97,157,75,244,0,8.5,11.0,4158,1,0,0,0,1,0.3393224,0.05999869,0.2428889,-0.114187606,-0.47898608,-0.33369648,-0.20836979,0.23382954,0.029847588,4158
429,426,122,54,20,352,27,1.5,2.0,778,1,0,0,0,1,12.010583,5.6945295,0.40727478,11.287393,7.807191,-1.1891876,-11.883885,2.2788005,-2.4053254,646
430,499,42,60,0,299,0,4.6,10.0,2310,1,0,0,0,1,0.3393224,0.05999869,0.2428889,-0.114187606,-0.47898608,-0.33369648,-0.20836979,0.23382954,0.029847588,2310
431,60,32,12,0,0,0,16.5,5.0,1102,1,0,0,0,1,0.2419857,0.1373773,-0.20144713,-0.34355503,-0.73745465,-0.049772386,-0.5684203,0.07876739,-0.26954645,992
432,362,68,41,15,0,0,19.6,6.0,8543,1,0,0,0,1,0.3393224,0.05999869,0.2428889,-0.114187606,-0.47898608,-0.33369648,-0.20836979,0.23382954,0.029847588,7091
433,363,23,115,0,267,0,9.5,5.0,4134,1,0,0,0,1,0.3393224,0.05999869,0.2428889,-0.114187606,-0.47898608,-0.33369648,-0.20836979,0.23382954,0.029847588,3431
434,53,0,24,0,48,0,19.0,3.0,1213,1,0,0,0,1,0.3393224,0.05999869,0.2428889,-0.114187606,-0.47898608,-0.33369648,-0.20836979,0.23382954,0.029847588,1007
435,17518,1221,0,0,0,0,3.1,14.0,54620,1,0,0,0,1,-8.055536,0.16106352,-23.424633,-3.8957138,-8.089638,12.365107,-3.6590645,-7.4404655,-4.53985,54620
436,199,92,13,0,100,77,4.4,2.0,1049,1,0,0,0,1,2.5544486,1.2359073,0.29071197,2.01404,1.1819407,-0.34559298,-2.4311912,0.44486308,-0.4423666,871
437,2171,319,323,0,984,70,9.1,8.0,19699,1,0,0,0,1,0.3393224,0.05999869,0.2428889,-0.114187606,-0.47898608,-0.33369648,-0.20836979,0.23382954,0.029847588,19699
438,220,19,64,0,200,0,8.8,4.0,2325,1,0,0,0,1,0.3393224,0.05999869,0.2428889,-0.114187606,-0.47898608,-0.33369648,-0.20836979,0.23382954,0.029847588,1930
439,1355,428,58,10,0,0,5.5,26.0,7505,1,0,0,0,1,0.3393224,0.05999869,0.2428889,-0.114187606,-0.47898608,-0.33369648,-0.20836979,0.23382954,0.029847588,7505
440,374,4,88,10,0,0,0.8,2.0,363,1,0,0,0,1,15.722646,12.460826,5.431882,14.7906475,9.106941,-6.047335,-12.487744,3.5168495,-2.6715944,300
441,62,0,0,5,0,0,5.6,3.0,420,1,0,0,0,1,5.3616214,9.057579,0.96523535,1.2723253,-1.4850029,-1.4809968,-8.346076,3.5888762,-1.3237219,349
442,311,217,3,57,0,0,6.6,6.0,2455,1,0,0,0,1,0.3393224,0.05999869,0.2428889,-0.114187606,-0.47898608,-0.33369648,-0.20836979,0.23382954,0.029847588,2038
443,132,15,13,45,0,0,4.6,6.0,724,1,0,0,0,1,3.2314208,2.9025698,1.0713294,1.6779157,0.7115849,-0.33649588,-4.3398905,0.81135947,-0.6685186,601
444,135,17,0,0,147,0,4.9,15.0,667,0,1,0,0,1,5.4563046,4.9694433,1.6278195,3.167713,1.5309701,-0.4209699,-7.517007,1.5728705,-1.08325,667
445,79,34,0,10,7,0,45.4,5.0,4319,1,0,0,0,1,0.3393224,0.05999869,0.2428889,-0.114187606,-0.47898608,-0.33369648,-0.20836979,0.23382954,0.029847588,3585
446,155,28,10,0,128,0,12.4,4.0,2308,1,0,0,0,1,0.3393224,0.05999869,0.2428889,-0.114187606,-0.47898608,-0.33369648,-0.20836979,0.23382954,0.029847588,1916
447,965,234,148,0,0,0,3.8,30.0,3930,1,0,0,0,1,0.3393224,0.05999869,0.2428889,-0.114187606,-0.47898608,-0.33369648,-0.20836979,0.23382954,0.029847588,3655
448,296,166,48,50,0,0,18.4,10.0,5432,0,1,0,0,1,0.3393224,0.05999869,0.2428889,-0.114187606,-0.47898608,-0.33369648,-0.20836979,0.23382954,0.029847588,5432
449,56,19,10,0,0,0,3.0,3.0,170,0,1,0,0,1,8.705915,12.771471,1.2830883,3.991941,0.6651329,-1.0843234,-13.37647,4.9510207,-3.154007,170
450,206,23,31,0,104,0,8.8,8.0,2196,1,0,0,0,1,0.3393224,0.05999869,0.2428889,-0.114187606,-0.47898608,-0.33369648,-0.20836979,0.23382954,0.029847588,1823
451,651,385,16,27,0,0,5.5,4.0,4352,1,0,0,0,1,0.3393224,0.05999869,0.2428889,-0.114187606,-0.47898608,-0.33369648,-0.20836979,0.23382954,0.029847588,3612
452,2323,332,0,240,1552,135,1.7,6.0,3981,0,1,0,0,1,41.41921,13.657687,-2.438412,45.20967,31.730015,-1.1937914,-41.85752,3.790803,-7.1283317,3981
453,146,0,50,0,93,0,13.6,6.0,2390,1,0,0,0,1,0.3393224,0.05999869,0.2428889,-0.114187606,-0.47898608,-0.33369648,-0.20836979,0.23382954,0.029847588,1984
454,284,83,75,5,183,0,12.8,5.0,4393,1,0,0,0,1,0.3393224,0.05999869,0.2428889,-0.114187606,-0.47898608,-0.33369648,-0.20836979,0.23382954,0.029847588,3646
455,249,26,80,0,0,0,15.3,9.0,3800,0,1,0,0,1,0.3393224,0.05999869,0.2428889,-0.114187606,-0.47898608,-0.33369648,-0.20836979,0.23382954,0.029847588,3800
456,32,7,0,30,0,0,15.6,3.0,498,1,0,0,0,1,4.1666985,6.754025,1.5232772,-1.6423153,-3.3799684,-1.433891,-6.4775047,3.157497,-2.094122,498
457,1908,1216,155,10,0,0,14.2,48.0,27000,0,0,1,0,1,0.3393224,0.05999869,0.2428889,-0.114187606,-0.47898608,-0.33369648,-0.20836979,0.23382954,0.029847588,27000
458,253,149,0,24,177,0,6.7,7.0,1694,1,0,0,0,1,0.3393224,0.05999869,0.2428889,-0.114187606,-0.47898608,-0.33369648,-0.20836979,0.23382954,0.029847588,1694
459,184,21,43,15,0,0,16.0,4.0,3393,0,1,0,0,1,0.3393224,0.05999869,0.2428889,-0.114187606,-0.47898608,-0.33369648,-0.20836979,0.23382954,0.029847588,2952
460,76,12,0,0,72,0,4.9,1.0,451,1,0,0,0,1,7.22809,7.5406847,0.8324011,4.866846,1.1313316,-0.22298844,-9.898916,3.532157,-0.91804695,374
461,276,5,75,0,53,14,1.1,4.0,300,1,0,0,0,1,10.775042,11.894742,1.5307664,9.256774,5.908643,-1.6694554,-13.959881,5.854272,-1.1173997,300
462,3471,257,534,42,0,0,2.2,17.0,7575,0,0,0,1,1,18.240356,26.734493,8.118896,13.529167,5.4895296,-10.437212,-13.465134,5.68809,-1.4754772,7575
463,380,103,77,20,0,0,8.7,9.0,4002,1,0,0,0,1,0.3393224,0.05999869,0.2428889,-0.114187606,-0.47898608,-0.33369648,-0.20836979,0.23382954,0.029847588,3322
464,155,0,69,47,0,0,33.5,8.0,5196,1,0,0,0,1,0.3393224,0.05999869,0.2428889,-0.114187606,-0.47898608,-0.33369648,-0.20836979,0.23382954,0.029847588,5196
465,327,142,21,100,0,0,7.8,16.0,2566,0,1,0,0,1,0.3393224,0.05999869,0.2428889,-0.114187606,-0.47898608,-0.33369648,-0.20836979,0.23382954,0.029847588,2566
466,193,80,50,0,182,3,8.7,5.0,2031,1,0,0,0,1,0.3393224,0.05999869,0.2428889,-0.114187606,-0.47898608,-0.33369648,-0.20836979,0.23382954,0.029847588,1686
467,1108,20,314,30,0,0,22.6,6.0,26940,1,0,0,0,1,0.3393224,0.05999869,0.2428889,-0.114187606,-0.47898608,-0.33369648,-0.20836979,0.23382954,0.029847588,25054
468,363,10,92,5,352,0,0.3,10.0,141,1,0,0,0,1,16.500408,14.249389,-2.2905557,17.68866,8.398914,3.4652267,-26.00541,10.157403,-5.8429384,117
469,249,104,6,0,0,0,2.0,3.0,500,1,0,0,0,1,9.069455,10.105067,4.6439667,5.8126407,2.847673,-4.0446754,-8.195671,3.075983,-1.829633,500
470,769,195,235,0,557,12,16.3,8.0,12551,1,0,0,0,1,0.3393224,0.05999869,0.2428889,-0.114187606,-0.47898608,-0.33369648,-0.20836979,0.23382954,0.029847588,12551
471,137,42,30,0,36,0,2.9,3.0,399,1,0,0,0,1,7.1144633,8.003709,1.5900414,4.074326,1.2612832,-0.94187886,-9.879498,3.8296545,-0.6509146,399
472,579,81,109,0,0,0,1.4,7.0,784,1,0,0,0,1,15.296106,13.908725,8.15619,11.804429,7.316523,-8.048042,-9.189561,3.5786674,-3.7322006,784
473,133,0,41,20,0,0,15.9,6.0,2428,0,1,0,0,1,0.3393224,0.05999869,0.2428889,-0.114187606,-0.47898608,-0.33369648,-0.20836979,0.23382954,0.029847588,2112
474,78,34,6,0,46,0,7.7,3.0,690,0,1,0,0,1,3.7077417,3.2256927,1.3429455,1.34745,-0.4292978,-0.4616584,-5.160134,1.3955036,-0.7833236,600
475,101,31,3,0,28,3,4.5,1.5,450,1,0,0,0,1,7.914564,8.86132,3.0842545,2.8445735,0.043617576,-2.0243576,-10.168111,4.6257267,-1.5482846,450
476,1222,333,173,5,0,0,4.7,20.0,5800,1,0,0,0,1,0.3393224,0.05999869,0.2428889,-0.114187606,-0.47898608,-0.33369648,-0.20836979,0.23382954,0.029847588,5800
477,1093,277,126,5,253,0,2.3,7.0,2565,0,1,0,0,1,7.7399936,3.7348936,0.48237976,6.9872923,4.741908,-0.9209304,-7.4780574,1.4004726,-1.5455599,2565
478,222,57,0,25,0,0,10.7,4.0,2385,0,1,0,0,1,0.3393224,0.05999869,0.2428889,-0.114187606,-0.47898608,-0.33369648,-0.20836979,0.23382954,0.029847588,2385
479,2067,658,45,5,557,0,5.0,21.0,10398,0,1,0,0,1,0.3393224,0.05999869,0.2428889,-0.114187606,-0.47898608,-0.33369648,-0.20836979,0.23382954,0.029847588,10398
480,175,31,22,0,15,0,19.6,10.0,4137,1,0,0,0,1,0.3393224,0.05999869,0.2428889,-0.114187606,-0.47898608,-0.33369648,-0.20836979,0.23382954,0.029847588,3434
481,230,12,41,0,0,0,1.7,3.0,1379,1,0,0,0,1,1.52044,20.29324,-3.931501,-1.4547204,-0.49063337,-6.83274,-3.6225328,6.921896,5.225352,400
482,104,5,40,10,0,0,3.3,2.0,512,0,0,0,1,1,6.648462,8.748676,2.4989882,2.3702788,0.69559824,-2.3413658,-8.813974,4.046974,-1.649978,338
483,177,79,6,60,0,0,16.0,17.0,2835,0,1,0,0,1,0.3393224,0.05999869,0.2428889,-0.114187606,-0.47898608,-0.33369648,-0.20836979,0.23382954,0.029847588,2835
484,62,0,12,0,33,0,9.6,2.0,716,1,0,0,0,1,3.277679,2.674953,0.93597734,1.0168505,-0.87691414,-0.25596455,-4.808027,1.4602093,-0.799061,594
485,487,238,53,12,428,0,2.1,6.0,1017,1,0,0,0,1,10.984054,5.1172976,0.4450925,10.181799,7.0141463,-1.1199356,-10.770803,1.9640642,-2.2495518,1017
486,177,12,27,60,0,0,4.5,8.0,951,1,0,0,0,1,2.6373987,1.8522861,0.4642514,1.8101108,1.1177642,-0.27470824,-2.9291685,0.4246316,-0.5139817,789
487,105,66,10,15,0,0,7.4,3.0,774,1,0,0,0,1,3.0256298,1.9227085,0.479327,0.20894405,-1.7786994,-0.111581035,-4.8982344,1.1920862,-1.6172767,774
488,140,68,3,0,0,0,4.6,1.5,640,0,0,0,1,1,5.5483313,5.5268617,2.5341778,1.4246246,-0.56442535,-1.4678684,-7.0274324,2.2841141,-1.6395077,640
489,230,49,37,0,0,0,2.2,4.0,500,1,0,0,0,1,7.4317737,7.5475516,1.6990334,5.042683,3.219304,-0.7118949,-9.890715,2.8046894,-1.117092,500
490,236,84,52,0,0,0,2.5,10.0,668,1,0,0,0,1,5.62889,5.1558557,2.0998635,3.5652115,2.465808,-1.5484748,-5.6309805,1.2384086,-1.2112056,601
491,846,56,112,5,0,0,19.1,13.0,16179,1,0,0,0,1,0.3393224,0.05999869,0.2428889,-0.114187606,-0.47898608,-0.33369648,-0.20836979,0.23382954,0.029847588,16179
492,139,21,30,0,0,0,17.6,6.0,2446,0,1,0,0,1,0.3393224,0.05999869,0.2428889,-0.114187606,-0.47898608,-0.33369648,-0.20836979,0.23382954,0.029847588,2446
493,51,27,0,7,39,0,6.6,3.0,338,1,0,0,0,1,7.610824,11.1554785,0.5761567,3.918119,0.019171506,-0.3688517,-11.994911,4.394583,-2.038181,338
494,195,32,12,0,0,0,9.2,9.0,2152,1,0,0,0,1,0.3393224,0.05999869,0.2428889,-0.114187606,-0.47898608,-0.33369648,-0.20836979,0.23382954,0.029847588,1786
495,51,0,16,0,55,0,17.6,3.0,1083,1,0,0,0,1,0.24916087,0.096842,-0.49901938,-0.59656,-1.1171168,0.034541648,-1.0007751,0.13068832,-0.6063263,899
496,1106,267,108,25,0,0,15.0,20.0,19034,0,1,0,0,1,0.3393224,0.05999869,0.2428889,-0.114187606,-0.47898608,-0.33369648,-0.20836979,0.23382954,0.029847588,16560
497,99,32,3,5,0,0,5.3,4.0,634,1,0,0,0,1,5.7176642,6.9319453,2.6334355,1.1177032,-0.79895496,-2.1140423,-7.4567432,3.168274,-1.7592783,526
498,56,0,9,0,0,0,7.9,6.0,440,0,1,0,0,1,6.224751,9.548364,1.5977522,1.0350347,-1.6707077,-1.3112314,-9.527151,4.3428597,-1.6428722,440
499,213,91,28,0,206,0,10.3,7.0,2185,1,0,0,0,1,0.33932233,0.059998684,0.2428889,-0.11418761,-0.47898605,-0.3336965,-0.20836979,0.23382954,0.029847592,2185
