data,loc,Generated_Var_1,Generated_Var_2,Generated_Var_3,Generated_Var_7,actual
1.0,0.0967056323060573,0.7252832,0.5290435,0.5153685,0.5626647,0.1785222176389534
1.0,0.2534973258305604,0.6554795,0.59746236,0.58029926,0.60546726,0.1399057406903572
1.0,0.1132558666225327,0.46563187,0.60753375,0.5925661,0.5034288,0.020809015192073
1.0,0.0505391892127314,0.6256941,0.3221257,0.45286947,0.55238533,0.0205457210310599
0.0,0.0122123307956307,0.30341712,0.16046333,0.7975744,0.2047761,0.0023784239211521
0.272727272727273,0.0017595512273305,0.66655684,0.22885229,0.47691533,0.5856881,0.0032560711245293
0.272727272727273,0.004285639623003,0.4898177,0.24996677,0.63936955,0.43140486,0.0001843059127092
0.0,0.0174387205797808,0.7220429,0.46889713,0.11228771,0.622,0.093829262513055
0.0,0.0244072402919809,0.5702579,0.38562426,0.49414292,0.48322704,0.0366066648528624
0.0,0.0235361753279559,0.8308147,0.57689035,0.254751,0.85908234,0.0276546633784151
0.0,0.026149370220031,0.8294463,0.5737164,0.2561547,0.8584525,0.0186148971836301
0.0,0.0305046950401561,0.21578999,0.26654744,0.7736144,0.25027713,0.0171228969378889
0.0,0.0200519154718558,0.23156162,0.27809533,0.86302423,0.15454492,0.0064156010566872
0.0,0.0008884862633055,0.4919847,0.22279517,0.5884703,0.4100138,0.0047480713702705
0.0,0.001672444730928,0.3650769,0.4312062,0.6440267,0.22033274,0.0048358360906082
0.272727272727273,0.003588787651783,0.7219028,0.5698663,0.25525278,0.7866688,0.0029927769635162
0.272727272727273,0.0014111252417205,0.62607604,0.62202764,0.2239799,0.77488166,0.0002720706330469
1.0,0.2770160798592359,0.88369036,1.0,0.18522875,0.82000405,1.0
0.636363636363637,1.0,0.7017851,0.77685213,0.34296125,0.7318276,0.5787293423789506
0.636363636363637,0.2587237156147105,0.76430607,0.8390832,0.19034101,0.77506506,0.5611763983114068
1.0,0.2177836623055347,0.7265927,0.646351,0.35077167,0.7337936,0.2149445765791067
0.272727272727273,0.1010609571261824,0.28119892,0.41173622,0.8024409,0.264433,0.0630238456745157
0.272727272727273,0.0653472936011567,0.22793953,0.3363274,0.8596521,0.21629043,0.0467873724120378
0.272727272727273,0.0766711381334819,0.47454005,0.29598692,0.5483062,0.33956045,0.039239606462994
1.0,0.0313757600041811,0.4112889,0.62349135,0.53774595,0.44454515,0.0453831368866343
0.272727272727273,0.0400864096444312,0.33816245,0.17059924,0.89444035,0.11786279,0.0334471349207045
0.0,0.0064633020330656,0.4081929,0.47419494,0.51285946,0.47808975,0.0072054835397267
0.636363636363637,0.0095991359035556,0.76703006,0.5512532,0.3856481,0.7101924,0.0080831307431038
0.272727272727273,0.000139370394244,0.42519256,0.28300932,0.7306203,0.1794899,0.0001228706084728
0.272727272727273,0.0,0.39158174,0.291939,0.75293624,0.14857835,0.0
0.636363636363637,0.0522813191407815,1.0,0.89857304,0.0,1.0,0.0927760858690023
0.636363636363637,0.337990627340987,0.3377228,0.34897807,0.72533554,0.35238385,0.0610930218270859
0.636363636363637,0.0348600198602811,0.87414026,0.8466928,0.0975174,0.990473,0.0525798439543272
0.636363636363637,0.0183097855438058,0.28324583,0.41119435,0.78169054,0.2936907,0.0196680738276827
0.0,0.0095991359035556,0.35874817,0.0,0.64068097,0.24251725,0.0066788952177003
0.5000000000000006,0.0113412658316057,0.53435093,0.29925308,0.58912325,0.48606053,0.0043092477685819
0.0,0.0505391892127314,0.20283619,0.1256676,0.86975634,0.106647424,0.0036071300058802
0.272727272727273,0.0113412658316057,0.4346466,0.4443639,0.5635469,0.55355763,0.00053536479406
0.272727272727273,0.0036758941481855,0.14941265,0.19689578,0.979395,0.1545236,0.0001843059127092
0.0,0.0008884862633055,0.21431328,0.32504055,0.53758365,0.31206542,0.0001843059127092
0.0,0.002891935680563,0.118350506,0.29314524,0.8743757,0.14295614,8.776472033771834e-06
0.454545454545455,0.0379087472343687,0.54909897,0.33969775,0.6427042,0.45935786,0.0034316005652047
0.454545454545455,0.0231877493423459,0.6458077,0.40229425,0.51226866,0.59958255,0.0067666599380381
0.454545454545455,0.0249298792703959,0.6137908,0.31407043,0.58384335,0.5175952,0.0071177188193889
0.454545454545455,0.028762565112106,0.59048694,0.31642002,0.6070819,0.5085224,0.0087852485058056
0.454545454545455,0.0618630337450567,0.5078232,0.2968667,0.7091142,0.41799006,0.01054054291256
0.0,0.0183097855438058,0.055288848,0.037292115,0.85686576,0.06524117,0.0026417180821653
0.0,0.4024494346788383,0.37576938,0.1659144,0.68322474,0.32096335,0.1111189124195855
0.272727272727273,0.077542203097507,0.0,0.26551318,1.0,0.0,0.0131734845226915
0.272727272727273,0.0191808505078308,0.3682735,0.36198518,0.5905508,0.34890062,0.0149287789294459
0.272727272727273,0.0069859410114806,0.56523746,0.14310038,0.54839474,0.43141428,0.0101894840312091
0.0,0.0054180240762356,0.43223956,0.13260797,0.65202725,0.2430665,0.0030805416838539
0.0,0.002891935680563,0.34821743,0.038311817,0.8796704,0.085044116,0.0007108942347355
0.0,0.0021079772129405,0.13243568,0.34346312,0.7193276,0.19497733,0.0012374825567618
0.0,0.003763000644588,0.19985782,0.33404037,0.6600374,0.24922203,0.0010619531160863
0.0,0.0217940453999059,0.4992189,0.29257727,0.49306092,0.43934792,0.0835607902335419
0.0,0.0130833957596557,0.36967346,0.13815244,0.72476524,0.16282187,0.0202824268700467
0.0,0.0200519154718558,0.39913267,0.72118324,0.49472547,0.53909457,0.0108916017939108
0.0,0.0183097855438058,0.33688837,0.24232759,0.6782171,0.34310073,0.0056257185736477
0.0,0.004111426630198,0.43412912,0.2544422,0.68012404,0.30241096,0.0044847772092574
0.0,0.0226651103639309,0.3428793,0.33003795,0.76054645,0.38771546,0.0038704241668933
0.0,0.0062019825438581,0.4390271,0.1473795,0.71728104,0.29467177,0.0028172475228407
0.0,0.0069859410114806,0.09567409,0.26850566,0.84489864,0.18005565,0.0007986589550732
